SKU,Plant,Stock_on_Floor,Reorder_Point_Hl,%Variance_vs_ROP,Planned_Loads_7days,Demand_7days,Stock_On_floor_7Days,%Predicted_Var_vs ROP 7days,Production,National Average,ROP Hl at Plant,UID,Site_Code,HL Above/Below_y,ATD,MACOwoVLC,1HL_TO_Pal,plant_site,Cost,TripCost_perPallet24,UID obs,UID oos,oos vol,final oos vol,actual MACO,OOS %,OOS MACO
ZL000042,DA39,0.0,0.0050546191968317,-100.0,0.0,0.0,0.0,-100.0,0.0,493.5165208648041,0.03000000000000001,DA39_ZL000042,DA38,0.32494529338288014,0.32494529338288014,0.0,0.1322751322751323,DA38_DA39,0.8574015485163325,0.035725064521513854,DA38_ZL000042,DA39_ZL000042,0.0,0.0,53.89024390243902,0.0,0.0
ZL000042,DA39,0.0,0.0050546191968317,-100.0,0.0,0.0,0.0,-100.0,0.0,493.5165208648041,0.03000000000000001,DA39_ZL000042,DA44,0.009945468731686053,0.0099453808031683,0.0,0.1322751322751323,DA44_DA39,1.115352275297796,0.0464730114707415,DA44_ZL000042,DA39_ZL000042,0.0,0.0,53.89024390243902,0.0,0.0
ZL000042,DA39,0.0,0.0050546191968317,-100.0,0.0,0.0,0.0,-100.0,0.0,493.5165208648041,0.03000000000000001,DA39_ZL000042,DA45,0.009945468731686053,0.0099453808031683,0.0,0.1322751322751323,DA45_DA39,1.0,0.041666666666666664,DA45_ZL000042,DA39_ZL000042,0.0,0.0,53.89024390243902,0.0,0.0
ZL000042,DA42,0.0,0.0050546191968317,-100.0,0.0,0.0,0.0,-100.0,0.0,493.5165208648041,0.03000000000000001,DA42_ZL000042,DA38,0.32494529338288014,0.32494529338288014,0.0,0.1322751322751323,DA38_DA42,0.8867529241820639,0.036948038507586,DA38_ZL000042,DA42_ZL000042,0.0,0.0,53.89024390243902,0.0,0.0
ZL000042,DA42,0.0,0.0050546191968317,-100.0,0.0,0.0,0.0,-100.0,0.0,493.5165208648041,0.03000000000000001,DA42_ZL000042,DA44,0.009945468731686053,0.0099453808031683,0.0,0.1322751322751323,DA44_DA42,1.144703650963527,0.04769598545681363,DA44_ZL000042,DA42_ZL000042,0.0,0.0,53.89024390243902,0.0,0.0
ZL000042,DA42,0.0,0.0050546191968317,-100.0,0.0,0.0,0.0,-100.0,0.0,493.5165208648041,0.03000000000000001,DA42_ZL000042,DA45,0.009945468731686053,0.0099453808031683,0.0,0.1322751322751323,DA45_DA42,1.0,0.041666666666666664,DA45_ZL000042,DA42_ZL000042,0.0,0.0,53.89024390243902,0.0,0.0
ZL000042,DA34,0.0,0.0050546191968317,-100.0,0.0,0.0,0.0,-100.0,0.0,493.5165208648041,0.03000000000000001,DA34_ZL000042,DA38,0.32494529338288014,0.32494529338288014,0.0,0.1322751322751323,DA38_DA34,0.5321016066919075,0.02217090027882948,DA38_ZL000042,DA34_ZL000042,0.0,0.0,53.89024390243902,0.0,0.0
ZL000042,DA34,0.0,0.0050546191968317,-100.0,0.0,0.0,0.0,-100.0,0.0,493.5165208648041,0.03000000000000001,DA34_ZL000042,DA44,0.009945468731686053,0.0099453808031683,0.0,0.1322751322751323,DA44_DA34,0.7900523334733707,0.03291884722805711,DA44_ZL000042,DA34_ZL000042,0.0,0.0,53.89024390243902,0.0,0.0
ZL000042,DA34,0.0,0.0050546191968317,-100.0,0.0,0.0,0.0,-100.0,0.0,493.5165208648041,0.03000000000000001,DA34_ZL000042,DA45,0.009945468731686053,0.0099453808031683,0.0,0.1322751322751323,DA45_DA34,1.0,0.041666666666666664,DA45_ZL000042,DA34_ZL000042,0.0,0.0,53.89024390243902,0.0,0.0
ZL000042,DA33,0.0,0.0050546191968317,-100.0,0.0,0.0,0.0,-100.0,0.0,493.5165208648041,0.03000000000000001,DA33_ZL000042,DA38,0.32494529338288014,0.32494529338288014,0.0,0.1322751322751323,DA38_DA33,0.5814335926723664,0.024226399694681933,DA38_ZL000042,DA33_ZL000042,0.0,0.0,53.89024390243902,0.0,0.0
ZL000042,DA33,0.0,0.0050546191968317,-100.0,0.0,0.0,0.0,-100.0,0.0,493.5165208648041,0.03000000000000001,DA33_ZL000042,DA44,0.009945468731686053,0.0099453808031683,0.0,0.1322751322751323,DA44_DA33,0.8393843194538297,0.034974346643909575,DA44_ZL000042,DA33_ZL000042,0.0,0.0,53.89024390243902,0.0,0.0
ZL000042,DA33,0.0,0.0050546191968317,-100.0,0.0,0.0,0.0,-100.0,0.0,493.5165208648041,0.03000000000000001,DA33_ZL000042,DA45,0.009945468731686053,0.0099453808031683,0.0,0.1322751322751323,DA45_DA33,1.0,0.041666666666666664,DA45_ZL000042,DA33_ZL000042,0.0,0.0,53.89024390243902,0.0,0.0
ZL000042,DA35,0.0,0.0050546191968317,-100.0,0.0,0.0,0.0,-100.0,0.0,493.5165208648041,0.03000000000000001,DA35_ZL000042,DA38,0.32494529338288014,0.32494529338288014,0.0,0.1322751322751323,DA38_DA35,1.0,0.041666666666666664,DA38_ZL000042,DA35_ZL000042,0.0,0.0,53.89024390243902,0.0,0.0
ZL000042,DA35,0.0,0.0050546191968317,-100.0,0.0,0.0,0.0,-100.0,0.0,493.5165208648041,0.03000000000000001,DA35_ZL000042,DA44,0.009945468731686053,0.0099453808031683,0.0,0.1322751322751323,DA44_DA35,1.0,0.041666666666666664,DA44_ZL000042,DA35_ZL000042,0.0,0.0,53.89024390243902,0.0,0.0
ZL000042,DA35,0.0,0.0050546191968317,-100.0,0.0,0.0,0.0,-100.0,0.0,493.5165208648041,0.03000000000000001,DA35_ZL000042,DA45,0.009945468731686053,0.0099453808031683,0.0,0.1322751322751323,DA45_DA35,1.230499979832588,0.0512708324930245,DA45_ZL000042,DA35_ZL000042,0.0,0.0,53.89024390243902,0.0,0.0
ZL000042,DA46,0.0,0.0050546191968317,-100.0,0.0,0.0,0.0,-100.0,0.0,493.5165208648041,0.03000000000000001,DA46_ZL000042,DA38,0.32494529338288014,0.32494529338288014,0.0,0.1322751322751323,DA38_DA46,1.0,0.041666666666666664,DA38_ZL000042,DA46_ZL000042,0.0,0.0,53.89024390243902,0.0,0.0
ZL000042,DA46,0.0,0.0050546191968317,-100.0,0.0,0.0,0.0,-100.0,0.0,493.5165208648041,0.03000000000000001,DA46_ZL000042,DA44,0.009945468731686053,0.0099453808031683,0.0,0.1322751322751323,DA44_DA46,1.0,0.041666666666666664,DA44_ZL000042,DA46_ZL000042,0.0,0.0,53.89024390243902,0.0,0.0
ZL000042,DA46,0.0,0.0050546191968317,-100.0,0.0,0.0,0.0,-100.0,0.0,493.5165208648041,0.03000000000000001,DA46_ZL000042,DA45,0.009945468731686053,0.0099453808031683,0.0,0.1322751322751323,DA45_DA46,1.230499979832588,0.0512708324930245,DA45_ZL000042,DA46_ZL000042,0.0,0.0,53.89024390243902,0.0,0.0
ZL000042,DA36,0.0,0.0050546191968317,-100.0,0.0,0.0,0.0,-100.0,0.0,493.5165208648041,0.03000000000000001,DA36_ZL000042,DA38,0.32494529338288014,0.32494529338288014,0.0,0.1322751322751323,DA38_DA36,0.8754641973849986,0.03647767489104161,DA38_ZL000042,DA36_ZL000042,0.0,0.0,53.89024390243902,0.0,0.0
ZL000042,DA36,0.0,0.0050546191968317,-100.0,0.0,0.0,0.0,-100.0,0.0,493.5165208648041,0.03000000000000001,DA36_ZL000042,DA44,0.009945468731686053,0.0099453808031683,0.0,0.1322751322751323,DA44_DA36,1.133414924166462,0.047225621840269245,DA44_ZL000042,DA36_ZL000042,0.0,0.0,53.89024390243902,0.0,0.0
ZL000042,DA36,0.0,0.0050546191968317,-100.0,0.0,0.0,0.0,-100.0,0.0,493.5165208648041,0.03000000000000001,DA36_ZL000042,DA45,0.009945468731686053,0.0099453808031683,0.0,0.1322751322751323,DA45_DA36,1.122125669682195,0.046755236236758126,DA45_ZL000042,DA36_ZL000042,0.0,0.0,53.89024390243902,0.0,0.0
ZL000042,DA37,0.0,0.0050546191968317,-100.0,0.0,0.0,0.0,-100.0,0.0,493.5165208648041,0.03000000000000001,DA37_ZL000042,DA38,0.32494529338288014,0.32494529338288014,0.0,0.1322751322751323,DA38_DA37,0.8867529241820639,0.036948038507586,DA38_ZL000042,DA37_ZL000042,0.0,0.0,53.89024390243902,0.0,0.0
ZL000042,DA37,0.0,0.0050546191968317,-100.0,0.0,0.0,0.0,-100.0,0.0,493.5165208648041,0.03000000000000001,DA37_ZL000042,DA44,0.009945468731686053,0.0099453808031683,0.0,0.1322751322751323,DA44_DA37,1.144703650963527,0.04769598545681363,DA44_ZL000042,DA37_ZL000042,0.0,0.0,53.89024390243902,0.0,0.0
ZL000042,DA37,0.0,0.0050546191968317,-100.0,0.0,0.0,0.0,-100.0,0.0,493.5165208648041,0.03000000000000001,DA37_ZL000042,DA45,0.009945468731686053,0.0099453808031683,0.0,0.1322751322751323,DA45_DA37,1.0,0.041666666666666664,DA45_ZL000042,DA37_ZL000042,0.0,0.0,53.89024390243902,0.0,0.0
ZL000042,DA40,0.0,0.0050546191968317,-100.0,0.0,0.0,0.0,-100.0,0.0,493.5165208648041,0.03000000000000001,DA40_ZL000042,DA38,0.32494529338288014,0.32494529338288014,0.0,0.1322751322751323,DA38_DA40,0.9758348008871847,0.04065978337029936,DA38_ZL000042,DA40_ZL000042,0.0,0.0,53.89024390243902,0.0,0.0
ZL000042,DA40,0.0,0.0050546191968317,-100.0,0.0,0.0,0.0,-100.0,0.0,493.5165208648041,0.03000000000000001,DA40_ZL000042,DA44,0.009945468731686053,0.0099453808031683,0.0,0.1322751322751323,DA44_DA40,1.233785527668648,0.051407730319527,DA44_ZL000042,DA40_ZL000042,0.0,0.0,53.89024390243902,0.0,0.0
ZL000042,DA40,0.0,0.0050546191968317,-100.0,0.0,0.0,0.0,-100.0,0.0,493.5165208648041,0.03000000000000001,DA40_ZL000042,DA45,0.009945468731686053,0.0099453808031683,0.0,0.1322751322751323,DA45_DA40,1.0,0.041666666666666664,DA45_ZL000042,DA40_ZL000042,0.0,0.0,53.89024390243902,0.0,0.0
ZPF00025,DA39,0.0,0.0050546191968317,-100.0,0.0,0.0,0.0,-100.0,0.0,4851.848479906006,0.2502970838633477,DA39_ZPF00025,DA36,2.592056285666473,2.5920562608483624,0.0,0.08050965834116289,DA36_DA39,1.133414924166462,0.047225621840269245,DA36_ZPF00025,DA39_ZPF00025,0.0,0.0,26.41688443670151,0.0,0.0
ZPF00025,DA42,0.0,0.0050546191968317,-100.0,0.0,0.0,0.0,-100.0,0.0,4851.848479906006,0.2502970838633477,DA42_ZPF00025,DA36,2.592056285666473,2.5920562608483624,0.0,0.08050965834116289,DA36_DA42,1.162766299832193,0.048448595826341374,DA36_ZPF00025,DA42_ZPF00025,0.0,0.0,26.41688443670151,0.0,0.0
ZPF00025,DA34,0.0,0.0050546191968317,-100.0,0.0,0.0,0.0,-100.0,0.0,4851.848479906006,0.2502970838633477,DA34_ZPF00025,DA36,2.592056285666473,2.5920562608483624,0.0,0.08050965834116289,DA36_DA34,0.8081149823420368,0.033671457597584865,DA36_ZPF00025,DA34_ZPF00025,0.0,0.0,26.41688443670151,0.0,0.0
ZPF00025,DA33,0.0,0.0050546191968317,-100.0,0.0,0.0,0.0,-100.0,0.0,4851.848479906006,0.2502970838633477,DA33_ZPF00025,DA36,2.592056285666473,2.5920562608483624,0.0,0.08050965834116289,DA36_DA33,0.8574469683224957,0.03572695701343732,DA36_ZPF00025,DA33_ZPF00025,0.0,0.0,26.41688443670151,0.0,0.0
ZPF00025,DA45,0.0,0.0050546191968317,-100.0,0.0,0.0,0.0,-100.0,0.0,4851.848479906006,0.2502970838633477,DA45_ZPF00025,DA36,2.592056285666473,2.5920562608483624,0.0,0.08050965834116289,DA36_DA45,1.122125669682195,0.046755236236758126,DA36_ZPF00025,DA45_ZPF00025,0.0,0.0,26.41688443670151,0.0,0.0
ZPF00025,DA38,0.0,0.0050546191968317,-100.0,0.0,0.0,0.0,-100.0,0.0,4851.848479906006,0.2502970838633477,DA38_ZPF00025,DA36,2.592056285666473,2.5920562608483624,0.0,0.08050965834116289,DA36_DA38,0.8754641973849986,0.03647767489104161,DA36_ZPF00025,DA38_ZPF00025,0.0,0.0,26.41688443670151,0.0,0.0
ZPF00025,DA35,0.0,0.0050546191968317,-100.0,0.0,0.0,0.0,-100.0,0.0,4851.848479906006,0.2502970838633477,DA35_ZPF00025,DA36,2.592056285666473,2.5920562608483624,0.0,0.08050965834116289,DA36_DA35,1.155992641604193,0.04816636006684138,DA36_ZPF00025,DA35_ZPF00025,0.0,0.0,26.41688443670151,0.0,0.0
ZPF00025,DA46,0.0,0.0050546191968317,-100.0,0.0,0.0,0.0,-100.0,0.0,4851.848479906006,0.2502970838633477,DA46_ZPF00025,DA36,2.592056285666473,2.5920562608483624,0.0,0.08050965834116289,DA36_DA46,1.155992641604193,0.04816636006684138,DA36_ZPF00025,DA46_ZPF00025,0.0,0.0,26.41688443670151,0.0,0.0
ZPF00025,DA44,0.0,0.0050546191968317,-100.0,0.0,0.0,0.0,-100.0,0.0,4851.848479906006,0.2502970838633477,DA44_ZPF00025,DA36,2.592056285666473,2.5920562608483624,0.0,0.08050965834116289,DA36_DA44,1.133414924166462,0.047225621840269245,DA36_ZPF00025,DA44_ZPF00025,0.0,0.0,26.41688443670151,0.0,0.0
ZPF00025,DA37,0.0,0.0050546191968317,-100.0,0.0,0.0,0.0,-100.0,0.0,4851.848479906006,0.2502970838633477,DA37_ZPF00025,DA36,2.592056285666473,2.5920562608483624,0.0,0.08050965834116289,DA36_DA37,1.162766299832193,0.048448595826341374,DA36_ZPF00025,DA37_ZPF00025,0.0,0.0,26.41688443670151,0.0,0.0
ZPF00025,DA40,0.0,0.0007498068351122269,-100.0,0.0,0.015576632316524973,-0.015576632316524973,-2177.42,0.0,4851.848479906006,0.052705935520724556,DA40_ZPF00025,DA36,2.592056285666473,2.5920562608483624,0.0,0.08050965834116289,DA36_DA40,1.251848176537314,0.05216034068905475,DA36_ZPF00025,DA40_ZPF00025,0.0,0.0,26.41688443670151,0.0,0.0
ZL000091,DA39,0.0,0.0050546191968317,-100.0,0.0,0.0,0.0,-100.0,0.0,19026.57782099955,0.9667756742371976,DA39_ZL000091,DA36,9.403290891778843,9.403290771482677,0.0,0.119047619047619,DA36_DA39,1.133414924166462,0.047225621840269245,DA36_ZL000091,DA39_ZL000091,0.0,0.0,26.41688443670151,0.0,0.0
ZL000091,DA39,0.0,0.0050546191968317,-100.0,0.0,0.0,0.0,-100.0,0.0,19026.57782099955,0.9667756742371976,DA39_ZL000091,DA40,7.321789769667753,7.321789113036374,0.0,0.119047619047619,DA40_DA39,1.233785527668648,0.051407730319527,DA40_ZL000091,DA39_ZL000091,0.0,0.0,26.41688443670151,0.0,0.0
ZL000091,DA42,0.0,0.0050546191968317,-100.0,0.0,0.0,0.0,-100.0,0.0,19026.57782099955,0.9667756742371976,DA42_ZL000091,DA36,9.403290891778843,9.403290771482677,0.0,0.119047619047619,DA36_DA42,1.162766299832193,0.048448595826341374,DA36_ZL000091,DA42_ZL000091,0.0,0.0,26.41688443670151,0.0,0.0
ZL000091,DA42,0.0,0.0050546191968317,-100.0,0.0,0.0,0.0,-100.0,0.0,19026.57782099955,0.9667756742371976,DA42_ZL000091,DA40,7.321789769667753,7.321789113036374,0.0,0.119047619047619,DA40_DA42,1.263136903334379,0.05263070430559912,DA40_ZL000091,DA42_ZL000091,0.0,0.0,26.41688443670151,0.0,0.0
ZL000091,DA34,0.0,0.0050546191968317,-100.0,0.0,0.0,0.0,-100.0,0.0,19026.57782099955,0.9667756742371976,DA34_ZL000091,DA36,9.403290891778843,9.403290771482677,0.0,0.119047619047619,DA36_DA34,0.8081149823420368,0.033671457597584865,DA36_ZL000091,DA34_ZL000091,0.0,0.0,26.41688443670151,0.0,0.0
ZL000091,DA34,0.0,0.0050546191968317,-100.0,0.0,0.0,0.0,-100.0,0.0,19026.57782099955,0.9667756742371976,DA34_ZL000091,DA40,7.321789769667753,7.321789113036374,0.0,0.119047619047619,DA40_DA34,0.9084855858442228,0.037853566076842614,DA40_ZL000091,DA34_ZL000091,0.0,0.0,26.41688443670151,0.0,0.0
ZL000091,DA33,0.0,0.0050546191968317,-100.0,0.0,0.0,0.0,-100.0,0.0,19026.57782099955,0.9667756742371976,DA33_ZL000091,DA36,9.403290891778843,9.403290771482677,0.0,0.119047619047619,DA36_DA33,0.8574469683224957,0.03572695701343732,DA36_ZL000091,DA33_ZL000091,0.0,0.0,26.41688443670151,0.0,0.0
ZL000091,DA33,0.0,0.0050546191968317,-100.0,0.0,0.0,0.0,-100.0,0.0,19026.57782099955,0.9667756742371976,DA33_ZL000091,DA40,7.321789769667753,7.321789113036374,0.0,0.119047619047619,DA40_DA33,0.9578175718246816,0.039909065492695066,DA40_ZL000091,DA33_ZL000091,0.0,0.0,26.41688443670151,0.0,0.0
ZL000091,DA45,0.0,0.0050546191968317,-100.0,0.0,0.0,0.0,-100.0,0.0,19026.57782099955,0.9667756742371976,DA45_ZL000091,DA36,9.403290891778843,9.403290771482677,0.0,0.119047619047619,DA36_DA45,1.122125669682195,0.046755236236758126,DA36_ZL000091,DA45_ZL000091,0.0,0.0,26.41688443670151,0.0,0.0
ZL000091,DA45,0.0,0.0050546191968317,-100.0,0.0,0.0,0.0,-100.0,0.0,19026.57782099955,0.9667756742371976,DA45_ZL000091,DA40,7.321789769667753,7.321789113036374,0.0,0.119047619047619,DA40_DA45,1.0,0.041666666666666664,DA40_ZL000091,DA45_ZL000091,0.0,0.0,26.41688443670151,0.0,0.0
ZL000091,DA38,0.0,0.0050546191968317,-100.0,0.0,0.0,0.0,-100.0,0.0,19026.57782099955,0.9667756742371976,DA38_ZL000091,DA36,9.403290891778843,9.403290771482677,0.0,0.119047619047619,DA36_DA38,0.8754641973849986,0.03647767489104161,DA36_ZL000091,DA38_ZL000091,0.0,0.0,26.41688443670151,0.0,0.0
ZL000091,DA38,0.0,0.0050546191968317,-100.0,0.0,0.0,0.0,-100.0,0.0,19026.57782099955,0.9667756742371976,DA38_ZL000091,DA40,7.321789769667753,7.321789113036374,0.0,0.119047619047619,DA40_DA38,0.9758348008871847,0.04065978337029936,DA40_ZL000091,DA38_ZL000091,0.0,0.0,26.41688443670151,0.0,0.0
ZL000091,DA35,0.0,0.0050546191968317,-100.0,0.0,0.0,0.0,-100.0,0.0,19026.57782099955,0.9667756742371976,DA35_ZL000091,DA36,9.403290891778843,9.403290771482677,0.0,0.119047619047619,DA36_DA35,1.155992641604193,0.04816636006684138,DA36_ZL000091,DA35_ZL000091,0.0,0.0,26.41688443670151,0.0,0.0
ZL000091,DA35,0.0,0.0050546191968317,-100.0,0.0,0.0,0.0,-100.0,0.0,19026.57782099955,0.9667756742371976,DA35_ZL000091,DA40,7.321789769667753,7.321789113036374,0.0,0.119047619047619,DA40_DA35,1.0,0.041666666666666664,DA40_ZL000091,DA35_ZL000091,0.0,0.0,26.41688443670151,0.0,0.0
ZL000091,DA46,0.0,0.0050546191968317,-100.0,0.0,0.0,0.0,-100.0,0.0,19026.57782099955,0.9667756742371976,DA46_ZL000091,DA36,9.403290891778843,9.403290771482677,0.0,0.119047619047619,DA36_DA46,1.155992641604193,0.04816636006684138,DA36_ZL000091,DA46_ZL000091,0.0,0.0,26.41688443670151,0.0,0.0
ZL000091,DA46,0.0,0.0050546191968317,-100.0,0.0,0.0,0.0,-100.0,0.0,19026.57782099955,0.9667756742371976,DA46_ZL000091,DA40,7.321789769667753,7.321789113036374,0.0,0.119047619047619,DA40_DA46,1.0,0.041666666666666664,DA40_ZL000091,DA46_ZL000091,0.0,0.0,26.41688443670151,0.0,0.0
ZL000091,DA44,0.0,0.0050546191968317,-100.0,0.0,0.0,0.0,-100.0,0.0,19026.57782099955,0.9667756742371976,DA44_ZL000091,DA36,9.403290891778843,9.403290771482677,0.0,0.119047619047619,DA36_DA44,1.133414924166462,0.047225621840269245,DA36_ZL000091,DA44_ZL000091,0.0,0.0,26.41688443670151,0.0,0.0
ZL000091,DA44,0.0,0.0050546191968317,-100.0,0.0,0.0,0.0,-100.0,0.0,19026.57782099955,0.9667756742371976,DA44_ZL000091,DA40,7.321789769667753,7.321789113036374,0.0,0.119047619047619,DA40_DA44,1.233785527668648,0.051407730319527,DA40_ZL000091,DA44_ZL000091,0.0,0.0,26.41688443670151,0.0,0.0
ZL000091,DA37,0.0,0.0050546191968317,-100.0,0.0,0.0,0.0,-100.0,0.0,19026.57782099955,0.9667756742371976,DA37_ZL000091,DA36,9.403290891778843,9.403290771482677,0.0,0.119047619047619,DA36_DA37,1.162766299832193,0.048448595826341374,DA36_ZL000091,DA37_ZL000091,0.0,0.0,26.41688443670151,0.0,0.0
ZL000091,DA37,0.0,0.0050546191968317,-100.0,0.0,0.0,0.0,-100.0,0.0,19026.57782099955,0.9667756742371976,DA37_ZL000091,DA40,7.321789769667753,7.321789113036374,0.0,0.119047619047619,DA40_DA37,1.263136903334379,0.05263070430559912,DA40_ZL000091,DA37_ZL000091,0.0,0.0,26.41688443670151,0.0,0.0
ZL000090,DA39,0.0,0.0050546191968317,-100.0,0.0,0.0,0.0,-100.0,0.0,3951.4050341794295,0.20478309659903934,DA39_ZL000090,DA36,6.082796380602924,6.082793483166844,0.0,0.1322751322751323,DA36_DA39,1.133414924166462,0.047225621840269245,DA36_ZL000090,DA39_ZL000090,0.0,0.0,25.95862369337979,0.0,0.0
ZL000090,DA39,0.0,0.0050546191968317,-100.0,0.0,0.0,0.0,-100.0,0.0,3951.4050341794295,0.20478309659903934,DA39_ZL000090,DA40,8.119978211014192,8.119969789714805,0.0,0.1322751322751323,DA40_DA39,1.233785527668648,0.051407730319527,DA40_ZL000090,DA39_ZL000090,0.0,0.0,25.95862369337979,0.0,0.0
ZL000090,DA42,0.0,0.0050546191968317,-100.0,0.0,0.0,0.0,-100.0,0.0,3951.4050341794295,0.20478309659903934,DA42_ZL000090,DA36,6.082796380602924,6.082793483166844,0.0,0.1322751322751323,DA36_DA42,1.162766299832193,0.048448595826341374,DA36_ZL000090,DA42_ZL000090,0.0,0.0,25.95862369337979,0.0,0.0
ZL000090,DA42,0.0,0.0050546191968317,-100.0,0.0,0.0,0.0,-100.0,0.0,3951.4050341794295,0.20478309659903934,DA42_ZL000090,DA40,8.119978211014192,8.119969789714805,0.0,0.1322751322751323,DA40_DA42,1.263136903334379,0.05263070430559912,DA40_ZL000090,DA42_ZL000090,0.0,0.0,25.95862369337979,0.0,0.0
ZL000090,DA34,0.0,0.0050546191968317,-100.0,0.0,0.0,0.0,-100.0,0.0,3951.4050341794295,0.20478309659903934,DA34_ZL000090,DA36,6.082796380602924,6.082793483166844,0.0,0.1322751322751323,DA36_DA34,0.8081149823420368,0.033671457597584865,DA36_ZL000090,DA34_ZL000090,0.0,0.0,25.95862369337979,0.0,0.0
ZL000090,DA34,0.0,0.0050546191968317,-100.0,0.0,0.0,0.0,-100.0,0.0,3951.4050341794295,0.20478309659903934,DA34_ZL000090,DA40,8.119978211014192,8.119969789714805,0.0,0.1322751322751323,DA40_DA34,0.9084855858442228,0.037853566076842614,DA40_ZL000090,DA34_ZL000090,0.0,0.0,25.95862369337979,0.0,0.0
ZL000090,DA33,0.0,0.0050546191968317,-100.0,0.0,0.0,0.0,-100.0,0.0,3951.4050341794295,0.20478309659903934,DA33_ZL000090,DA36,6.082796380602924,6.082793483166844,0.0,0.1322751322751323,DA36_DA33,0.8574469683224957,0.03572695701343732,DA36_ZL000090,DA33_ZL000090,0.0,0.0,25.95862369337979,0.0,0.0
ZL000090,DA33,0.0,0.0050546191968317,-100.0,0.0,0.0,0.0,-100.0,0.0,3951.4050341794295,0.20478309659903934,DA33_ZL000090,DA40,8.119978211014192,8.119969789714805,0.0,0.1322751322751323,DA40_DA33,0.9578175718246816,0.039909065492695066,DA40_ZL000090,DA33_ZL000090,0.0,0.0,25.95862369337979,0.0,0.0
ZL000090,DA45,0.0,0.0050546191968317,-100.0,0.0,0.0,0.0,-100.0,0.0,3951.4050341794295,0.20478309659903934,DA45_ZL000090,DA36,6.082796380602924,6.082793483166844,0.0,0.1322751322751323,DA36_DA45,1.122125669682195,0.046755236236758126,DA36_ZL000090,DA45_ZL000090,0.0,0.0,25.95862369337979,0.0,0.0
ZL000090,DA45,0.0,0.0050546191968317,-100.0,0.0,0.0,0.0,-100.0,0.0,3951.4050341794295,0.20478309659903934,DA45_ZL000090,DA40,8.119978211014192,8.119969789714805,0.0,0.1322751322751323,DA40_DA45,1.0,0.041666666666666664,DA40_ZL000090,DA45_ZL000090,0.0,0.0,25.95862369337979,0.0,0.0
ZL000090,DA38,0.0,0.0050546191968317,-100.0,0.0,0.0,0.0,-100.0,0.0,3951.4050341794295,0.20478309659903934,DA38_ZL000090,DA36,6.082796380602924,6.082793483166844,0.0,0.1322751322751323,DA36_DA38,0.8754641973849986,0.03647767489104161,DA36_ZL000090,DA38_ZL000090,0.0,0.0,25.95862369337979,0.0,0.0
ZL000090,DA38,0.0,0.0050546191968317,-100.0,0.0,0.0,0.0,-100.0,0.0,3951.4050341794295,0.20478309659903934,DA38_ZL000090,DA40,8.119978211014192,8.119969789714805,0.0,0.1322751322751323,DA40_DA38,0.9758348008871847,0.04065978337029936,DA40_ZL000090,DA38_ZL000090,0.0,0.0,25.95862369337979,0.0,0.0
ZL000090,DA35,0.0,0.0050546191968317,-100.0,0.0,0.0,0.0,-100.0,0.0,3951.4050341794295,0.20478309659903934,DA35_ZL000090,DA36,6.082796380602924,6.082793483166844,0.0,0.1322751322751323,DA36_DA35,1.155992641604193,0.04816636006684138,DA36_ZL000090,DA35_ZL000090,0.0,0.0,25.95862369337979,0.0,0.0
ZL000090,DA35,0.0,0.0050546191968317,-100.0,0.0,0.0,0.0,-100.0,0.0,3951.4050341794295,0.20478309659903934,DA35_ZL000090,DA40,8.119978211014192,8.119969789714805,0.0,0.1322751322751323,DA40_DA35,1.0,0.041666666666666664,DA40_ZL000090,DA35_ZL000090,0.0,0.0,25.95862369337979,0.0,0.0
ZL000090,DA46,0.0,0.0050546191968317,-100.0,0.0,0.0,0.0,-100.0,0.0,3951.4050341794295,0.20478309659903934,DA46_ZL000090,DA36,6.082796380602924,6.082793483166844,0.0,0.1322751322751323,DA36_DA46,1.155992641604193,0.04816636006684138,DA36_ZL000090,DA46_ZL000090,0.0,0.0,25.95862369337979,0.0,0.0
ZL000090,DA46,0.0,0.0050546191968317,-100.0,0.0,0.0,0.0,-100.0,0.0,3951.4050341794295,0.20478309659903934,DA46_ZL000090,DA40,8.119978211014192,8.119969789714805,0.0,0.1322751322751323,DA40_DA46,1.0,0.041666666666666664,DA40_ZL000090,DA46_ZL000090,0.0,0.0,25.95862369337979,0.0,0.0
ZL000090,DA44,0.0,0.0050546191968317,-100.0,0.0,0.0,0.0,-100.0,0.0,3951.4050341794295,0.20478309659903934,DA44_ZL000090,DA36,6.082796380602924,6.082793483166844,0.0,0.1322751322751323,DA36_DA44,1.133414924166462,0.047225621840269245,DA36_ZL000090,DA44_ZL000090,0.0,0.0,25.95862369337979,0.0,0.0
ZL000090,DA44,0.0,0.0050546191968317,-100.0,0.0,0.0,0.0,-100.0,0.0,3951.4050341794295,0.20478309659903934,DA44_ZL000090,DA40,8.119978211014192,8.119969789714805,0.0,0.1322751322751323,DA40_DA44,1.233785527668648,0.051407730319527,DA40_ZL000090,DA44_ZL000090,0.0,0.0,25.95862369337979,0.0,0.0
ZL000090,DA37,0.0,0.0050546191968317,-100.0,0.0,0.0,0.0,-100.0,0.0,3951.4050341794295,0.20478309659903934,DA37_ZL000090,DA36,6.082796380602924,6.082793483166844,0.0,0.1322751322751323,DA36_DA37,1.162766299832193,0.048448595826341374,DA36_ZL000090,DA37_ZL000090,0.0,0.0,25.95862369337979,0.0,0.0
ZL000090,DA37,0.0,0.0050546191968317,-100.0,0.0,0.0,0.0,-100.0,0.0,3951.4050341794295,0.20478309659903934,DA37_ZL000090,DA40,8.119978211014192,8.119969789714805,0.0,0.1322751322751323,DA40_DA37,1.263136903334379,0.05263070430559912,DA40_ZL000090,DA37_ZL000090,0.0,0.0,25.95862369337979,0.0,0.0
ZL000087,DA39,0.0,0.0050546191968317,-100.0,0.0,0.0,0.0,-100.0,0.0,8837.829683966183,0.4517732549858767,DA39_ZL000087,DA35,0.722256958304438,0.7222568125976071,0.0,0.1904761904761904,DA35_DA39,1.0,0.041666666666666664,DA35_ZL000087,DA39_ZL000087,0.0,0.0,26.41688443670151,0.0,0.0
ZL000087,DA39,0.0,0.0050546191968317,-100.0,0.0,0.0,0.0,-100.0,0.0,8837.829683966183,0.4517732549858767,DA39_ZL000087,DA36,1.5975605088904183,1.597560114121983,0.0,0.1904761904761904,DA36_DA39,1.133414924166462,0.047225621840269245,DA36_ZL000087,DA39_ZL000087,0.0,0.0,26.41688443670151,0.0,0.0
ZL000087,DA39,0.0,0.0050546191968317,-100.0,0.0,0.0,0.0,-100.0,0.0,8837.829683966183,0.4517732549858767,DA39_ZL000087,DA40,7.203380844669221,7.203380844669221,0.0,0.1904761904761904,DA40_DA39,1.233785527668648,0.051407730319527,DA40_ZL000087,DA39_ZL000087,0.0,0.0,26.41688443670151,0.0,0.0
ZL000087,DA39,0.0,0.0050546191968317,-100.0,0.0,0.0,0.0,-100.0,0.0,8837.829683966183,0.4517732549858767,DA39_ZL000087,DA45,2.351670307601455,2.351670307601455,0.0,0.1904761904761904,DA45_DA39,1.0,0.041666666666666664,DA45_ZL000087,DA39_ZL000087,0.0,0.0,26.41688443670151,0.0,0.0
ZL000087,DA42,0.0,0.0050546191968317,-100.0,0.0,0.0,0.0,-100.0,0.0,8837.829683966183,0.4517732549858767,DA42_ZL000087,DA35,0.722256958304438,0.7222568125976071,0.0,0.1904761904761904,DA35_DA42,1.0,0.041666666666666664,DA35_ZL000087,DA42_ZL000087,0.0,0.0,26.41688443670151,0.0,0.0
ZL000087,DA42,0.0,0.0050546191968317,-100.0,0.0,0.0,0.0,-100.0,0.0,8837.829683966183,0.4517732549858767,DA42_ZL000087,DA36,1.5975605088904183,1.597560114121983,0.0,0.1904761904761904,DA36_DA42,1.162766299832193,0.048448595826341374,DA36_ZL000087,DA42_ZL000087,0.0,0.0,26.41688443670151,0.0,0.0
ZL000087,DA42,0.0,0.0050546191968317,-100.0,0.0,0.0,0.0,-100.0,0.0,8837.829683966183,0.4517732549858767,DA42_ZL000087,DA40,7.203380844669221,7.203380844669221,0.0,0.1904761904761904,DA40_DA42,1.263136903334379,0.05263070430559912,DA40_ZL000087,DA42_ZL000087,0.0,0.0,26.41688443670151,0.0,0.0
ZL000087,DA42,0.0,0.0050546191968317,-100.0,0.0,0.0,0.0,-100.0,0.0,8837.829683966183,0.4517732549858767,DA42_ZL000087,DA45,2.351670307601455,2.351670307601455,0.0,0.1904761904761904,DA45_DA42,1.0,0.041666666666666664,DA45_ZL000087,DA42_ZL000087,0.0,0.0,26.41688443670151,0.0,0.0
ZL000087,DA34,0.0,0.0050546191968317,-100.0,0.0,0.0,0.0,-100.0,0.0,8837.829683966183,0.4517732549858767,DA34_ZL000087,DA35,0.722256958304438,0.7222568125976071,0.0,0.1904761904761904,DA35_DA34,1.0,0.041666666666666664,DA35_ZL000087,DA34_ZL000087,0.0,0.0,26.41688443670151,0.0,0.0
ZL000087,DA34,0.0,0.0050546191968317,-100.0,0.0,0.0,0.0,-100.0,0.0,8837.829683966183,0.4517732549858767,DA34_ZL000087,DA36,1.5975605088904183,1.597560114121983,0.0,0.1904761904761904,DA36_DA34,0.8081149823420368,0.033671457597584865,DA36_ZL000087,DA34_ZL000087,0.0,0.0,26.41688443670151,0.0,0.0
ZL000087,DA34,0.0,0.0050546191968317,-100.0,0.0,0.0,0.0,-100.0,0.0,8837.829683966183,0.4517732549858767,DA34_ZL000087,DA40,7.203380844669221,7.203380844669221,0.0,0.1904761904761904,DA40_DA34,0.9084855858442228,0.037853566076842614,DA40_ZL000087,DA34_ZL000087,0.0,0.0,26.41688443670151,0.0,0.0
ZL000087,DA34,0.0,0.0050546191968317,-100.0,0.0,0.0,0.0,-100.0,0.0,8837.829683966183,0.4517732549858767,DA34_ZL000087,DA45,2.351670307601455,2.351670307601455,0.0,0.1904761904761904,DA45_DA34,1.0,0.041666666666666664,DA45_ZL000087,DA34_ZL000087,0.0,0.0,26.41688443670151,0.0,0.0
ZL000087,DA33,0.0,0.0050546191968317,-100.0,0.0,0.0,0.0,-100.0,0.0,8837.829683966183,0.4517732549858767,DA33_ZL000087,DA35,0.722256958304438,0.7222568125976071,0.0,0.1904761904761904,DA35_DA33,1.0,0.041666666666666664,DA35_ZL000087,DA33_ZL000087,0.0,0.0,26.41688443670151,0.0,0.0
ZL000087,DA33,0.0,0.0050546191968317,-100.0,0.0,0.0,0.0,-100.0,0.0,8837.829683966183,0.4517732549858767,DA33_ZL000087,DA36,1.5975605088904183,1.597560114121983,0.0,0.1904761904761904,DA36_DA33,0.8574469683224957,0.03572695701343732,DA36_ZL000087,DA33_ZL000087,0.0,0.0,26.41688443670151,0.0,0.0
ZL000087,DA33,0.0,0.0050546191968317,-100.0,0.0,0.0,0.0,-100.0,0.0,8837.829683966183,0.4517732549858767,DA33_ZL000087,DA40,7.203380844669221,7.203380844669221,0.0,0.1904761904761904,DA40_DA33,0.9578175718246816,0.039909065492695066,DA40_ZL000087,DA33_ZL000087,0.0,0.0,26.41688443670151,0.0,0.0
ZL000087,DA33,0.0,0.0050546191968317,-100.0,0.0,0.0,0.0,-100.0,0.0,8837.829683966183,0.4517732549858767,DA33_ZL000087,DA45,2.351670307601455,2.351670307601455,0.0,0.1904761904761904,DA45_DA33,1.0,0.041666666666666664,DA45_ZL000087,DA33_ZL000087,0.0,0.0,26.41688443670151,0.0,0.0
ZL000087,DA38,0.0,0.0050546191968317,-100.0,0.0,0.0,0.0,-100.0,0.0,8837.829683966183,0.4517732549858767,DA38_ZL000087,DA35,0.722256958304438,0.7222568125976071,0.0,0.1904761904761904,DA35_DA38,1.0,0.041666666666666664,DA35_ZL000087,DA38_ZL000087,0.0,0.0,26.41688443670151,0.0,0.0
ZL000087,DA38,0.0,0.0050546191968317,-100.0,0.0,0.0,0.0,-100.0,0.0,8837.829683966183,0.4517732549858767,DA38_ZL000087,DA36,1.5975605088904183,1.597560114121983,0.0,0.1904761904761904,DA36_DA38,0.8754641973849986,0.03647767489104161,DA36_ZL000087,DA38_ZL000087,0.0,0.0,26.41688443670151,0.0,0.0
ZL000087,DA38,0.0,0.0050546191968317,-100.0,0.0,0.0,0.0,-100.0,0.0,8837.829683966183,0.4517732549858767,DA38_ZL000087,DA40,7.203380844669221,7.203380844669221,0.0,0.1904761904761904,DA40_DA38,0.9758348008871847,0.04065978337029936,DA40_ZL000087,DA38_ZL000087,0.0,0.0,26.41688443670151,0.0,0.0
ZL000087,DA38,0.0,0.0050546191968317,-100.0,0.0,0.0,0.0,-100.0,0.0,8837.829683966183,0.4517732549858767,DA38_ZL000087,DA45,2.351670307601455,2.351670307601455,0.0,0.1904761904761904,DA45_DA38,1.0,0.041666666666666664,DA45_ZL000087,DA38_ZL000087,0.0,0.0,26.41688443670151,0.0,0.0
ZL000087,DA46,0.0,0.0050546191968317,-100.0,0.0,0.0,0.0,-100.0,0.0,8837.829683966183,0.4517732549858767,DA46_ZL000087,DA35,0.722256958304438,0.7222568125976071,0.0,0.1904761904761904,DA35_DA46,1.264366951754586,0.052681956323107744,DA35_ZL000087,DA46_ZL000087,0.0,0.0,26.41688443670151,0.0,0.0
ZL000087,DA46,0.0,0.0050546191968317,-100.0,0.0,0.0,0.0,-100.0,0.0,8837.829683966183,0.4517732549858767,DA46_ZL000087,DA36,1.5975605088904183,1.597560114121983,0.0,0.1904761904761904,DA36_DA46,1.155992641604193,0.04816636006684138,DA36_ZL000087,DA46_ZL000087,0.0,0.0,26.41688443670151,0.0,0.0
ZL000087,DA46,0.0,0.0050546191968317,-100.0,0.0,0.0,0.0,-100.0,0.0,8837.829683966183,0.4517732549858767,DA46_ZL000087,DA40,7.203380844669221,7.203380844669221,0.0,0.1904761904761904,DA40_DA46,1.0,0.041666666666666664,DA40_ZL000087,DA46_ZL000087,0.0,0.0,26.41688443670151,0.0,0.0
ZL000087,DA46,0.0,0.0050546191968317,-100.0,0.0,0.0,0.0,-100.0,0.0,8837.829683966183,0.4517732549858767,DA46_ZL000087,DA45,2.351670307601455,2.351670307601455,0.0,0.1904761904761904,DA45_DA46,1.230499979832588,0.0512708324930245,DA45_ZL000087,DA46_ZL000087,0.0,0.0,26.41688443670151,0.0,0.0
ZL000087,DA44,0.0,0.0050546191968317,-100.0,0.0,0.0,0.0,-100.0,0.0,8837.829683966183,0.4517732549858767,DA44_ZL000087,DA35,0.722256958304438,0.7222568125976071,0.0,0.1904761904761904,DA35_DA44,1.0,0.041666666666666664,DA35_ZL000087,DA44_ZL000087,0.0,0.0,26.41688443670151,0.0,0.0
ZL000087,DA44,0.0,0.0050546191968317,-100.0,0.0,0.0,0.0,-100.0,0.0,8837.829683966183,0.4517732549858767,DA44_ZL000087,DA36,1.5975605088904183,1.597560114121983,0.0,0.1904761904761904,DA36_DA44,1.133414924166462,0.047225621840269245,DA36_ZL000087,DA44_ZL000087,0.0,0.0,26.41688443670151,0.0,0.0
ZL000087,DA44,0.0,0.0050546191968317,-100.0,0.0,0.0,0.0,-100.0,0.0,8837.829683966183,0.4517732549858767,DA44_ZL000087,DA40,7.203380844669221,7.203380844669221,0.0,0.1904761904761904,DA40_DA44,1.233785527668648,0.051407730319527,DA40_ZL000087,DA44_ZL000087,0.0,0.0,26.41688443670151,0.0,0.0
ZL000087,DA44,0.0,0.0050546191968317,-100.0,0.0,0.0,0.0,-100.0,0.0,8837.829683966183,0.4517732549858767,DA44_ZL000087,DA45,2.351670307601455,2.351670307601455,0.0,0.1904761904761904,DA45_DA44,1.0,0.041666666666666664,DA45_ZL000087,DA44_ZL000087,0.0,0.0,26.41688443670151,0.0,0.0
ZL000087,DA37,0.0,0.0050546191968317,-100.0,0.0,0.0,0.0,-100.0,0.0,8837.829683966183,0.4517732549858767,DA37_ZL000087,DA35,0.722256958304438,0.7222568125976071,0.0,0.1904761904761904,DA35_DA37,1.0,0.041666666666666664,DA35_ZL000087,DA37_ZL000087,0.0,0.0,26.41688443670151,0.0,0.0
ZL000087,DA37,0.0,0.0050546191968317,-100.0,0.0,0.0,0.0,-100.0,0.0,8837.829683966183,0.4517732549858767,DA37_ZL000087,DA36,1.5975605088904183,1.597560114121983,0.0,0.1904761904761904,DA36_DA37,1.162766299832193,0.048448595826341374,DA36_ZL000087,DA37_ZL000087,0.0,0.0,26.41688443670151,0.0,0.0
ZL000087,DA37,0.0,0.0050546191968317,-100.0,0.0,0.0,0.0,-100.0,0.0,8837.829683966183,0.4517732549858767,DA37_ZL000087,DA40,7.203380844669221,7.203380844669221,0.0,0.1904761904761904,DA40_DA37,1.263136903334379,0.05263070430559912,DA40_ZL000087,DA37_ZL000087,0.0,0.0,26.41688443670151,0.0,0.0
ZL000087,DA37,0.0,0.0050546191968317,-100.0,0.0,0.0,0.0,-100.0,0.0,8837.829683966183,0.4517732549858767,DA37_ZL000087,DA45,2.351670307601455,2.351670307601455,0.0,0.1904761904761904,DA45_DA37,1.0,0.041666666666666664,DA45_ZL000087,DA37_ZL000087,0.0,0.0,26.41688443670151,0.0,0.0
ZF000007,DA35,0.9702435881448226,0.4055944483599533,139.21520426822008,0.0,1.6524144374585574,-0.6821708493137348,-268.19,0.0,3971.9557457661144,17.1977957471981,DA35_ZF000007,DA36,1.2104651999354938,1.2104651999354938,0.0,0.1503058975243294,DA36_DA35,1.155992641604193,0.04816636006684138,DA36_ZF000007,DA35_ZF000007,0.0,0.0,26.41688443670151,0.0,0.0
ZF000007,DA35,0.9702435881448226,0.4055944483599533,139.21520426822008,0.0,1.6524144374585574,-0.6821708493137348,-268.19,0.0,3971.9557457661144,17.1977957471981,DA35_ZF000007,DA40,67.34685332443331,67.34685332443331,0.0,0.1503058975243294,DA40_DA35,1.0,0.041666666666666664,DA40_ZF000007,DA35_ZF000007,0.0,0.0,26.41688443670151,0.0,0.0
ZF000007,DA35,0.9702435881448226,0.4055944483599533,139.21520426822008,0.0,1.6524144374585574,-0.6821708493137348,-268.19,0.0,3971.9557457661144,17.1977957471981,DA35_ZF000007,DA46,5.636548725122064,5.636548725122064,0.0,0.1503058975243294,DA46_DA35,1.264366951754586,0.052681956323107744,DA46_ZF000007,DA35_ZF000007,0.0,0.0,26.41688443670151,0.0,0.0
ZF000007,DA45,4.158186806334954,0.4749483321760438,775.5029809839789,0.0,3.9403728893242542,0.21781391701069985,-54.14,0.0,3971.9557457661144,19.121874596326812,DA45_ZF000007,DA36,1.2104651999354938,1.2104651999354938,0.0,0.1503058975243294,DA36_DA45,1.122125669682195,0.046755236236758126,DA36_ZF000007,DA45_ZF000007,0.0,0.0,26.41688443670151,0.0,0.0
ZF000007,DA45,4.158186806334954,0.4749483321760438,775.5029809839789,0.0,3.9403728893242542,0.21781391701069985,-54.14,0.0,3971.9557457661144,19.121874596326812,DA45_ZF000007,DA40,67.34685332443331,67.34685332443331,0.0,0.1503058975243294,DA40_DA45,1.0,0.041666666666666664,DA40_ZF000007,DA45_ZF000007,0.0,0.0,26.41688443670151,0.0,0.0
ZF000007,DA45,4.158186806334954,0.4749483321760438,775.5029809839789,0.0,3.9403728893242542,0.21781391701069985,-54.14,0.0,3971.9557457661144,19.121874596326812,DA45_ZF000007,DA46,5.636548725122064,5.636548725122064,0.0,0.1503058975243294,DA46_DA45,1.230499979832588,0.0512708324930245,DA46_ZF000007,DA45_ZF000007,0.0,0.0,26.41688443670151,0.0,0.0
ZF000007,DA39,0.0,0.0050546191968317,-100.0,0.0,0.0,0.0,-100.0,0.0,3971.9557457661144,0.20582185681198545,DA39_ZF000007,DA36,1.2104651999354938,1.2104651999354938,0.0,0.1503058975243294,DA36_DA39,1.133414924166462,0.047225621840269245,DA36_ZF000007,DA39_ZF000007,0.0,0.0,26.41688443670151,0.0,0.0
ZF000007,DA39,0.0,0.0050546191968317,-100.0,0.0,0.0,0.0,-100.0,0.0,3971.9557457661144,0.20582185681198545,DA39_ZF000007,DA40,67.34685332443331,67.34685332443331,0.0,0.1503058975243294,DA40_DA39,1.233785527668648,0.051407730319527,DA40_ZF000007,DA39_ZF000007,0.0,0.0,26.41688443670151,0.0,0.0
ZF000007,DA39,0.0,0.0050546191968317,-100.0,0.0,0.0,0.0,-100.0,0.0,3971.9557457661144,0.20582185681198545,DA39_ZF000007,DA46,5.636548725122064,5.636548725122064,0.0,0.1503058975243294,DA46_DA39,1.0,0.041666666666666664,DA46_ZF000007,DA39_ZF000007,0.0,0.0,26.41688443670151,0.0,0.0
ZF000007,DA42,0.0,0.0050546191968317,-100.0,0.0,0.0,0.0,-100.0,0.0,3971.9557457661144,0.20582185681198545,DA42_ZF000007,DA36,1.2104651999354938,1.2104651999354938,0.0,0.1503058975243294,DA36_DA42,1.162766299832193,0.048448595826341374,DA36_ZF000007,DA42_ZF000007,0.0,0.0,26.41688443670151,0.0,0.0
ZF000007,DA42,0.0,0.0050546191968317,-100.0,0.0,0.0,0.0,-100.0,0.0,3971.9557457661144,0.20582185681198545,DA42_ZF000007,DA40,67.34685332443331,67.34685332443331,0.0,0.1503058975243294,DA40_DA42,1.263136903334379,0.05263070430559912,DA40_ZF000007,DA42_ZF000007,0.0,0.0,26.41688443670151,0.0,0.0
ZF000007,DA42,0.0,0.0050546191968317,-100.0,0.0,0.0,0.0,-100.0,0.0,3971.9557457661144,0.20582185681198545,DA42_ZF000007,DA46,5.636548725122064,5.636548725122064,0.0,0.1503058975243294,DA46_DA42,1.0,0.041666666666666664,DA46_ZF000007,DA42_ZF000007,0.0,0.0,26.41688443670151,0.0,0.0
ZF000007,DA34,0.0,0.0050546191968317,-100.0,0.0,0.0,0.0,-100.0,0.0,3971.9557457661144,0.20582185681198545,DA34_ZF000007,DA36,1.2104651999354938,1.2104651999354938,0.0,0.1503058975243294,DA36_DA34,0.8081149823420368,0.033671457597584865,DA36_ZF000007,DA34_ZF000007,0.0,0.0,26.41688443670151,0.0,0.0
ZF000007,DA34,0.0,0.0050546191968317,-100.0,0.0,0.0,0.0,-100.0,0.0,3971.9557457661144,0.20582185681198545,DA34_ZF000007,DA40,67.34685332443331,67.34685332443331,0.0,0.1503058975243294,DA40_DA34,0.9084855858442228,0.037853566076842614,DA40_ZF000007,DA34_ZF000007,0.0,0.0,26.41688443670151,0.0,0.0
ZF000007,DA34,0.0,0.0050546191968317,-100.0,0.0,0.0,0.0,-100.0,0.0,3971.9557457661144,0.20582185681198545,DA34_ZF000007,DA46,5.636548725122064,5.636548725122064,0.0,0.1503058975243294,DA46_DA34,1.0,0.041666666666666664,DA46_ZF000007,DA34_ZF000007,0.0,0.0,26.41688443670151,0.0,0.0
ZF000007,DA33,0.0,0.0050546191968317,-100.0,0.0,0.0,0.0,-100.0,0.0,3971.9557457661144,0.20582185681198545,DA33_ZF000007,DA36,1.2104651999354938,1.2104651999354938,0.0,0.1503058975243294,DA36_DA33,0.8574469683224957,0.03572695701343732,DA36_ZF000007,DA33_ZF000007,0.0,0.0,26.41688443670151,0.0,0.0
ZF000007,DA33,0.0,0.0050546191968317,-100.0,0.0,0.0,0.0,-100.0,0.0,3971.9557457661144,0.20582185681198545,DA33_ZF000007,DA40,67.34685332443331,67.34685332443331,0.0,0.1503058975243294,DA40_DA33,0.9578175718246816,0.039909065492695066,DA40_ZF000007,DA33_ZF000007,0.0,0.0,26.41688443670151,0.0,0.0
ZF000007,DA33,0.0,0.0050546191968317,-100.0,0.0,0.0,0.0,-100.0,0.0,3971.9557457661144,0.20582185681198545,DA33_ZF000007,DA46,5.636548725122064,5.636548725122064,0.0,0.1503058975243294,DA46_DA33,1.0,0.041666666666666664,DA46_ZF000007,DA33_ZF000007,0.0,0.0,26.41688443670151,0.0,0.0
ZF000007,DA38,0.0,0.0050546191968317,-100.0,0.0,0.0,0.0,-100.0,0.0,3971.9557457661144,0.20582185681198545,DA38_ZF000007,DA36,1.2104651999354938,1.2104651999354938,0.0,0.1503058975243294,DA36_DA38,0.8754641973849986,0.03647767489104161,DA36_ZF000007,DA38_ZF000007,0.0,0.0,26.41688443670151,0.0,0.0
ZF000007,DA38,0.0,0.0050546191968317,-100.0,0.0,0.0,0.0,-100.0,0.0,3971.9557457661144,0.20582185681198545,DA38_ZF000007,DA40,67.34685332443331,67.34685332443331,0.0,0.1503058975243294,DA40_DA38,0.9758348008871847,0.04065978337029936,DA40_ZF000007,DA38_ZF000007,0.0,0.0,26.41688443670151,0.0,0.0
ZF000007,DA38,0.0,0.0050546191968317,-100.0,0.0,0.0,0.0,-100.0,0.0,3971.9557457661144,0.20582185681198545,DA38_ZF000007,DA46,5.636548725122064,5.636548725122064,0.0,0.1503058975243294,DA46_DA38,1.0,0.041666666666666664,DA46_ZF000007,DA38_ZF000007,0.0,0.0,26.41688443670151,0.0,0.0
ZF000007,DA44,0.0,0.0050546191968317,-100.0,0.0,0.0,0.0,-100.0,0.0,3971.9557457661144,0.20582185681198545,DA44_ZF000007,DA36,1.2104651999354938,1.2104651999354938,0.0,0.1503058975243294,DA36_DA44,1.133414924166462,0.047225621840269245,DA36_ZF000007,DA44_ZF000007,0.0,0.0,26.41688443670151,0.0,0.0
ZF000007,DA44,0.0,0.0050546191968317,-100.0,0.0,0.0,0.0,-100.0,0.0,3971.9557457661144,0.20582185681198545,DA44_ZF000007,DA40,67.34685332443331,67.34685332443331,0.0,0.1503058975243294,DA40_DA44,1.233785527668648,0.051407730319527,DA40_ZF000007,DA44_ZF000007,0.0,0.0,26.41688443670151,0.0,0.0
ZF000007,DA44,0.0,0.0050546191968317,-100.0,0.0,0.0,0.0,-100.0,0.0,3971.9557457661144,0.20582185681198545,DA44_ZF000007,DA46,5.636548725122064,5.636548725122064,0.0,0.1503058975243294,DA46_DA44,1.0,0.041666666666666664,DA46_ZF000007,DA44_ZF000007,0.0,0.0,26.41688443670151,0.0,0.0
ZF000007,DA37,0.0,0.0050546191968317,-100.0,0.0,0.0,0.0,-100.0,0.0,3971.9557457661144,0.20582185681198545,DA37_ZF000007,DA36,1.2104651999354938,1.2104651999354938,0.0,0.1503058975243294,DA36_DA37,1.162766299832193,0.048448595826341374,DA36_ZF000007,DA37_ZF000007,0.0,0.0,26.41688443670151,0.0,0.0
ZF000007,DA37,0.0,0.0050546191968317,-100.0,0.0,0.0,0.0,-100.0,0.0,3971.9557457661144,0.20582185681198545,DA37_ZF000007,DA40,67.34685332443331,67.34685332443331,0.0,0.1503058975243294,DA40_DA37,1.263136903334379,0.05263070430559912,DA40_ZF000007,DA37_ZF000007,0.0,0.0,26.41688443670151,0.0,0.0
ZF000007,DA37,0.0,0.0050546191968317,-100.0,0.0,0.0,0.0,-100.0,0.0,3971.9557457661144,0.20582185681198545,DA37_ZF000007,DA46,5.636548725122064,5.636548725122064,0.0,0.1503058975243294,DA46_DA37,1.0,0.041666666666666664,DA46_ZF000007,DA37_ZF000007,0.0,0.0,26.41688443670151,0.0,0.0
ZSD00003,DA39,0.0,0.0050546191968317,-100.0,0.0,0.0,0.0,-100.0,0.0,6789.659539073723,0.34824605365836686,DA39_ZSD00003,DA34,0.4107987224594387,0.4107823379692982,0.0,0.1410039481105471,DA34_DA39,0.7900523334733707,0.03291884722805711,DA34_ZSD00003,DA39_ZSD00003,0.0,0.0,75.63211382113822,0.0,0.0
ZSD00003,DA39,0.0,0.0050546191968317,-100.0,0.0,0.0,0.0,-100.0,0.0,6789.659539073723,0.34824605365836686,DA39_ZSD00003,DA35,0.13678557739506106,0.1367853808031683,0.0,0.1410039481105471,DA35_DA39,1.0,0.041666666666666664,DA35_ZSD00003,DA39_ZSD00003,0.0,0.0,75.63211382113822,0.0,0.0
ZSD00003,DA39,0.0,0.0050546191968317,-100.0,0.0,0.0,0.0,-100.0,0.0,6789.659539073723,0.34824605365836686,DA39_ZSD00003,DA36,0.8459855494306855,0.8459853808031684,0.0,0.1410039481105471,DA36_DA39,1.133414924166462,0.047225621840269245,DA36_ZSD00003,DA39_ZSD00003,0.0,0.0,75.63211382113822,0.0,0.0
ZSD00003,DA39,0.0,0.0050546191968317,-100.0,0.0,0.0,0.0,-100.0,0.0,6789.659539073723,0.34824605365836686,DA39_ZSD00003,DA38,36.15600629396566,36.15600629396566,0.0,0.1410039481105471,DA38_DA39,0.8574015485163325,0.035725064521513854,DA38_ZSD00003,DA39_ZSD00003,0.0,0.0,75.63211382113822,0.0,0.0
ZSD00003,DA39,0.0,0.0050546191968317,-100.0,0.0,0.0,0.0,-100.0,0.0,6789.659539073723,0.34824605365836686,DA39_ZSD00003,DA45,0.2786252685250341,0.2786252685250341,0.0,0.1410039481105471,DA45_DA39,1.0,0.041666666666666664,DA45_ZSD00003,DA39_ZSD00003,0.0,0.0,75.63211382113822,0.0,0.0
ZSD00003,DA42,0.0,0.0050546191968317,-100.0,0.0,0.0,0.0,-100.0,0.0,6789.659539073723,0.34824605365836686,DA42_ZSD00003,DA34,0.4107987224594387,0.4107823379692982,0.0,0.1410039481105471,DA34_DA42,0.8194037091391021,0.03414182121412925,DA34_ZSD00003,DA42_ZSD00003,0.0,0.0,75.63211382113822,0.0,0.0
ZSD00003,DA42,0.0,0.0050546191968317,-100.0,0.0,0.0,0.0,-100.0,0.0,6789.659539073723,0.34824605365836686,DA42_ZSD00003,DA35,0.13678557739506106,0.1367853808031683,0.0,0.1410039481105471,DA35_DA42,1.0,0.041666666666666664,DA35_ZSD00003,DA42_ZSD00003,0.0,0.0,75.63211382113822,0.0,0.0
ZSD00003,DA42,0.0,0.0050546191968317,-100.0,0.0,0.0,0.0,-100.0,0.0,6789.659539073723,0.34824605365836686,DA42_ZSD00003,DA36,0.8459855494306855,0.8459853808031684,0.0,0.1410039481105471,DA36_DA42,1.162766299832193,0.048448595826341374,DA36_ZSD00003,DA42_ZSD00003,0.0,0.0,75.63211382113822,0.0,0.0
ZSD00003,DA42,0.0,0.0050546191968317,-100.0,0.0,0.0,0.0,-100.0,0.0,6789.659539073723,0.34824605365836686,DA42_ZSD00003,DA38,36.15600629396566,36.15600629396566,0.0,0.1410039481105471,DA38_DA42,0.8867529241820639,0.036948038507586,DA38_ZSD00003,DA42_ZSD00003,0.0,0.0,75.63211382113822,0.0,0.0
ZSD00003,DA42,0.0,0.0050546191968317,-100.0,0.0,0.0,0.0,-100.0,0.0,6789.659539073723,0.34824605365836686,DA42_ZSD00003,DA45,0.2786252685250341,0.2786252685250341,0.0,0.1410039481105471,DA45_DA42,1.0,0.041666666666666664,DA45_ZSD00003,DA42_ZSD00003,0.0,0.0,75.63211382113822,0.0,0.0
ZSD00003,DA33,0.0,0.04461005895729802,-100.0,0.0,0.0,0.0,-100.0,0.0,6789.659539073723,3.073481182337895,DA33_ZSD00003,DA34,0.4107987224594387,0.4107823379692982,0.0,0.1410039481105471,DA34_DA33,0.5140843776294046,0.02142018240122519,DA34_ZSD00003,DA33_ZSD00003,0.0,0.0,75.63211382113822,0.0,0.0
ZSD00003,DA33,0.0,0.04461005895729802,-100.0,0.0,0.0,0.0,-100.0,0.0,6789.659539073723,3.073481182337895,DA33_ZSD00003,DA35,0.13678557739506106,0.1367853808031683,0.0,0.1410039481105471,DA35_DA33,1.0,0.041666666666666664,DA35_ZSD00003,DA33_ZSD00003,0.0,0.0,75.63211382113822,0.0,0.0
ZSD00003,DA33,0.0,0.04461005895729802,-100.0,0.0,0.0,0.0,-100.0,0.0,6789.659539073723,3.073481182337895,DA33_ZSD00003,DA36,0.8459855494306855,0.8459853808031684,0.0,0.1410039481105471,DA36_DA33,0.8574469683224957,0.03572695701343732,DA36_ZSD00003,DA33_ZSD00003,0.0,0.0,75.63211382113822,0.0,0.0
ZSD00003,DA33,0.0,0.04461005895729802,-100.0,0.0,0.0,0.0,-100.0,0.0,6789.659539073723,3.073481182337895,DA33_ZSD00003,DA38,36.15600629396566,36.15600629396566,0.0,0.1410039481105471,DA38_DA33,0.5814335926723664,0.024226399694681933,DA38_ZSD00003,DA33_ZSD00003,0.0,0.0,75.63211382113822,0.0,0.0
ZSD00003,DA33,0.0,0.04461005895729802,-100.0,0.0,0.0,0.0,-100.0,0.0,6789.659539073723,3.073481182337895,DA33_ZSD00003,DA45,0.2786252685250341,0.2786252685250341,0.0,0.1410039481105471,DA45_DA33,1.0,0.041666666666666664,DA45_ZSD00003,DA33_ZSD00003,0.0,0.0,75.63211382113822,0.0,0.0
ZSD00003,DA46,0.0,0.0050546191968317,-100.0,0.0,0.0,0.0,-100.0,0.0,6789.659539073723,0.34824605365836686,DA46_ZSD00003,DA34,0.4107987224594387,0.4107823379692982,0.0,0.1410039481105471,DA34_DA46,1.0,0.041666666666666664,DA34_ZSD00003,DA46_ZSD00003,0.0,0.0,75.63211382113822,0.0,0.0
ZSD00003,DA46,0.0,0.0050546191968317,-100.0,0.0,0.0,0.0,-100.0,0.0,6789.659539073723,0.34824605365836686,DA46_ZSD00003,DA35,0.13678557739506106,0.1367853808031683,0.0,0.1410039481105471,DA35_DA46,1.264366951754586,0.052681956323107744,DA35_ZSD00003,DA46_ZSD00003,0.0,0.0,75.63211382113822,0.0,0.0
ZSD00003,DA46,0.0,0.0050546191968317,-100.0,0.0,0.0,0.0,-100.0,0.0,6789.659539073723,0.34824605365836686,DA46_ZSD00003,DA36,0.8459855494306855,0.8459853808031684,0.0,0.1410039481105471,DA36_DA46,1.155992641604193,0.04816636006684138,DA36_ZSD00003,DA46_ZSD00003,0.0,0.0,75.63211382113822,0.0,0.0
ZSD00003,DA46,0.0,0.0050546191968317,-100.0,0.0,0.0,0.0,-100.0,0.0,6789.659539073723,0.34824605365836686,DA46_ZSD00003,DA38,36.15600629396566,36.15600629396566,0.0,0.1410039481105471,DA38_DA46,1.0,0.041666666666666664,DA38_ZSD00003,DA46_ZSD00003,0.0,0.0,75.63211382113822,0.0,0.0
ZSD00003,DA46,0.0,0.0050546191968317,-100.0,0.0,0.0,0.0,-100.0,0.0,6789.659539073723,0.34824605365836686,DA46_ZSD00003,DA45,0.2786252685250341,0.2786252685250341,0.0,0.1410039481105471,DA45_DA46,1.230499979832588,0.0512708324930245,DA45_ZSD00003,DA46_ZSD00003,0.0,0.0,75.63211382113822,0.0,0.0
ZSD00003,DA44,0.0,0.0050546191968317,-100.0,0.0,0.0,0.0,-100.0,0.0,6789.659539073723,0.34824605365836686,DA44_ZSD00003,DA34,0.4107987224594387,0.4107823379692982,0.0,0.1410039481105471,DA34_DA44,0.7900523334733707,0.03291884722805711,DA34_ZSD00003,DA44_ZSD00003,0.0,0.0,75.63211382113822,0.0,0.0
ZSD00003,DA44,0.0,0.0050546191968317,-100.0,0.0,0.0,0.0,-100.0,0.0,6789.659539073723,0.34824605365836686,DA44_ZSD00003,DA35,0.13678557739506106,0.1367853808031683,0.0,0.1410039481105471,DA35_DA44,1.0,0.041666666666666664,DA35_ZSD00003,DA44_ZSD00003,0.0,0.0,75.63211382113822,0.0,0.0
ZSD00003,DA44,0.0,0.0050546191968317,-100.0,0.0,0.0,0.0,-100.0,0.0,6789.659539073723,0.34824605365836686,DA44_ZSD00003,DA36,0.8459855494306855,0.8459853808031684,0.0,0.1410039481105471,DA36_DA44,1.133414924166462,0.047225621840269245,DA36_ZSD00003,DA44_ZSD00003,0.0,0.0,75.63211382113822,0.0,0.0
ZSD00003,DA44,0.0,0.0050546191968317,-100.0,0.0,0.0,0.0,-100.0,0.0,6789.659539073723,0.34824605365836686,DA44_ZSD00003,DA38,36.15600629396566,36.15600629396566,0.0,0.1410039481105471,DA38_DA44,0.8574015485163325,0.035725064521513854,DA38_ZSD00003,DA44_ZSD00003,0.0,0.0,75.63211382113822,0.0,0.0
ZSD00003,DA44,0.0,0.0050546191968317,-100.0,0.0,0.0,0.0,-100.0,0.0,6789.659539073723,0.34824605365836686,DA44_ZSD00003,DA45,0.2786252685250341,0.2786252685250341,0.0,0.1410039481105471,DA45_DA44,1.0,0.041666666666666664,DA45_ZSD00003,DA44_ZSD00003,0.0,0.0,75.63211382113822,0.0,0.0
ZSD00003,DA37,0.0,0.04626397593608248,-100.0,0.0,0.9593838568713967,-0.9593838568713967,-2173.72,0.0,6789.659539073723,4.146815753016808,DA37_ZSD00003,DA34,0.4107987224594387,0.4107823379692982,0.0,0.1410039481105471,DA34_DA37,0.8194037091391021,0.03414182121412925,DA34_ZSD00003,DA37_ZSD00003,0.0,0.0,75.63211382113822,0.0,0.0
ZSD00003,DA37,0.0,0.04626397593608248,-100.0,0.0,0.9593838568713967,-0.9593838568713967,-2173.72,0.0,6789.659539073723,4.146815753016808,DA37_ZSD00003,DA35,0.13678557739506106,0.1367853808031683,0.0,0.1410039481105471,DA35_DA37,1.0,0.041666666666666664,DA35_ZSD00003,DA37_ZSD00003,0.0,0.0,75.63211382113822,0.0,0.0
ZSD00003,DA37,0.0,0.04626397593608248,-100.0,0.0,0.9593838568713967,-0.9593838568713967,-2173.72,0.0,6789.659539073723,4.146815753016808,DA37_ZSD00003,DA36,0.8459855494306855,0.8459853808031684,0.0,0.1410039481105471,DA36_DA37,1.162766299832193,0.048448595826341374,DA36_ZSD00003,DA37_ZSD00003,0.0,0.0,75.63211382113822,0.0,0.0
ZSD00003,DA37,0.0,0.04626397593608248,-100.0,0.0,0.9593838568713967,-0.9593838568713967,-2173.72,0.0,6789.659539073723,4.146815753016808,DA37_ZSD00003,DA38,36.15600629396566,36.15600629396566,0.0,0.1410039481105471,DA38_DA37,0.8867529241820639,0.036948038507586,DA38_ZSD00003,DA37_ZSD00003,0.0,0.0,75.63211382113822,0.0,0.0
ZSD00003,DA37,0.0,0.04626397593608248,-100.0,0.0,0.9593838568713967,-0.9593838568713967,-2173.72,0.0,6789.659539073723,4.146815753016808,DA37_ZSD00003,DA45,0.2786252685250341,0.2786252685250341,0.0,0.1410039481105471,DA45_DA37,1.0,0.041666666666666664,DA45_ZSD00003,DA37_ZSD00003,0.0,0.0,75.63211382113822,0.0,0.0
ZSD00003,DA40,0.0,0.0107193171930677,-100.0,0.0,0.0,0.0,-100.0,0.0,6789.659539073723,0.7385244595157584,DA40_ZSD00003,DA34,0.4107987224594387,0.4107823379692982,0.0,0.1410039481105471,DA34_DA40,0.9084855858442228,0.037853566076842614,DA34_ZSD00003,DA40_ZSD00003,0.0,0.0,75.63211382113822,0.0,0.0
ZSD00003,DA40,0.0,0.0107193171930677,-100.0,0.0,0.0,0.0,-100.0,0.0,6789.659539073723,0.7385244595157584,DA40_ZSD00003,DA35,0.13678557739506106,0.1367853808031683,0.0,0.1410039481105471,DA35_DA40,1.0,0.041666666666666664,DA35_ZSD00003,DA40_ZSD00003,0.0,0.0,75.63211382113822,0.0,0.0
ZSD00003,DA40,0.0,0.0107193171930677,-100.0,0.0,0.0,0.0,-100.0,0.0,6789.659539073723,0.7385244595157584,DA40_ZSD00003,DA36,0.8459855494306855,0.8459853808031684,0.0,0.1410039481105471,DA36_DA40,1.251848176537314,0.05216034068905475,DA36_ZSD00003,DA40_ZSD00003,0.0,0.0,75.63211382113822,0.0,0.0
ZSD00003,DA40,0.0,0.0107193171930677,-100.0,0.0,0.0,0.0,-100.0,0.0,6789.659539073723,0.7385244595157584,DA40_ZSD00003,DA38,36.15600629396566,36.15600629396566,0.0,0.1410039481105471,DA38_DA40,0.9758348008871847,0.04065978337029936,DA38_ZSD00003,DA40_ZSD00003,0.0,0.0,75.63211382113822,0.0,0.0
ZSD00003,DA40,0.0,0.0107193171930677,-100.0,0.0,0.0,0.0,-100.0,0.0,6789.659539073723,0.7385244595157584,DA40_ZSD00003,DA45,0.2786252685250341,0.2786252685250341,0.0,0.1410039481105471,DA45_DA40,1.0,0.041666666666666664,DA45_ZSD00003,DA40_ZSD00003,0.0,0.0,75.63211382113822,0.0,0.0
ZPC00007,DA39,0.0,0.0050546191968317,-100.0,0.0,0.0,0.0,-100.0,0.0,572.6520569801111,0.034,DA39_ZPC00007,DA34,0.19294542944337933,0.1929453808031683,0.0,2.645502645502646,DA34_DA39,0.7900523334733707,0.03291884722805711,DA34_ZPC00007,DA39_ZPC00007,0.0,0.0,26.41688443670151,0.0,0.0
ZPC00007,DA39,0.0,0.0050546191968317,-100.0,0.0,0.0,0.0,-100.0,0.0,572.6520569801111,0.034,DA39_ZPC00007,DA38,0.07294523147715701,0.07294523147715701,0.0,2.645502645502646,DA38_DA39,0.8574015485163325,0.035725064521513854,DA38_ZPC00007,DA39_ZPC00007,0.0,0.0,26.41688443670151,0.0,0.0
ZPC00007,DA39,0.0,0.0050546191968317,-100.0,0.0,0.0,0.0,-100.0,0.0,572.6520569801111,0.034,DA39_ZPC00007,DA40,0.12094541175602988,0.1209453808031683,0.0,2.645502645502646,DA40_DA39,1.233785527668648,0.051407730319527,DA40_ZPC00007,DA39_ZPC00007,0.0,0.0,26.41688443670151,0.0,0.0
ZPC00007,DA39,0.0,0.0050546191968317,-100.0,0.0,0.0,0.0,-100.0,0.0,572.6520569801111,0.034,DA39_ZPC00007,DA45,0.000945213789807528,0.000945213789807528,0.0,2.645502645502646,DA45_DA39,1.0,0.041666666666666664,DA45_ZPC00007,DA39_ZPC00007,0.0,0.0,26.41688443670151,0.0,0.0
ZPC00007,DA42,0.0,0.0050546191968317,-100.0,0.0,0.0,0.0,-100.0,0.0,572.6520569801111,0.034,DA42_ZPC00007,DA34,0.19294542944337933,0.1929453808031683,0.0,2.645502645502646,DA34_DA42,0.8194037091391021,0.03414182121412925,DA34_ZPC00007,DA42_ZPC00007,0.0,0.0,26.41688443670151,0.0,0.0
ZPC00007,DA42,0.0,0.0050546191968317,-100.0,0.0,0.0,0.0,-100.0,0.0,572.6520569801111,0.034,DA42_ZPC00007,DA38,0.07294523147715701,0.07294523147715701,0.0,2.645502645502646,DA38_DA42,0.8867529241820639,0.036948038507586,DA38_ZPC00007,DA42_ZPC00007,0.0,0.0,26.41688443670151,0.0,0.0
ZPC00007,DA42,0.0,0.0050546191968317,-100.0,0.0,0.0,0.0,-100.0,0.0,572.6520569801111,0.034,DA42_ZPC00007,DA40,0.12094541175602988,0.1209453808031683,0.0,2.645502645502646,DA40_DA42,1.263136903334379,0.05263070430559912,DA40_ZPC00007,DA42_ZPC00007,0.0,0.0,26.41688443670151,0.0,0.0
ZPC00007,DA42,0.0,0.0050546191968317,-100.0,0.0,0.0,0.0,-100.0,0.0,572.6520569801111,0.034,DA42_ZPC00007,DA45,0.000945213789807528,0.000945213789807528,0.0,2.645502645502646,DA45_DA42,1.0,0.041666666666666664,DA45_ZPC00007,DA42_ZPC00007,0.0,0.0,26.41688443670151,0.0,0.0
ZPC00007,DA33,0.0,0.0050546191968317,-100.0,0.0,0.0,0.0,-100.0,0.0,572.6520569801111,0.034,DA33_ZPC00007,DA34,0.19294542944337933,0.1929453808031683,0.0,2.645502645502646,DA34_DA33,0.5140843776294046,0.02142018240122519,DA34_ZPC00007,DA33_ZPC00007,0.0,0.0,26.41688443670151,0.0,0.0
ZPC00007,DA33,0.0,0.0050546191968317,-100.0,0.0,0.0,0.0,-100.0,0.0,572.6520569801111,0.034,DA33_ZPC00007,DA38,0.07294523147715701,0.07294523147715701,0.0,2.645502645502646,DA38_DA33,0.5814335926723664,0.024226399694681933,DA38_ZPC00007,DA33_ZPC00007,0.0,0.0,26.41688443670151,0.0,0.0
ZPC00007,DA33,0.0,0.0050546191968317,-100.0,0.0,0.0,0.0,-100.0,0.0,572.6520569801111,0.034,DA33_ZPC00007,DA40,0.12094541175602988,0.1209453808031683,0.0,2.645502645502646,DA40_DA33,0.9578175718246816,0.039909065492695066,DA40_ZPC00007,DA33_ZPC00007,0.0,0.0,26.41688443670151,0.0,0.0
ZPC00007,DA33,0.0,0.0050546191968317,-100.0,0.0,0.0,0.0,-100.0,0.0,572.6520569801111,0.034,DA33_ZPC00007,DA45,0.000945213789807528,0.000945213789807528,0.0,2.645502645502646,DA45_DA33,1.0,0.041666666666666664,DA45_ZPC00007,DA33_ZPC00007,0.0,0.0,26.41688443670151,0.0,0.0
ZPC00007,DA35,0.0,0.0050546191968317,-100.0,0.0,0.0,0.0,-100.0,0.0,572.6520569801111,0.034,DA35_ZPC00007,DA34,0.19294542944337933,0.1929453808031683,0.0,2.645502645502646,DA34_DA35,1.0,0.041666666666666664,DA34_ZPC00007,DA35_ZPC00007,0.0,0.0,26.41688443670151,0.0,0.0
ZPC00007,DA35,0.0,0.0050546191968317,-100.0,0.0,0.0,0.0,-100.0,0.0,572.6520569801111,0.034,DA35_ZPC00007,DA38,0.07294523147715701,0.07294523147715701,0.0,2.645502645502646,DA38_DA35,1.0,0.041666666666666664,DA38_ZPC00007,DA35_ZPC00007,0.0,0.0,26.41688443670151,0.0,0.0
ZPC00007,DA35,0.0,0.0050546191968317,-100.0,0.0,0.0,0.0,-100.0,0.0,572.6520569801111,0.034,DA35_ZPC00007,DA40,0.12094541175602988,0.1209453808031683,0.0,2.645502645502646,DA40_DA35,1.0,0.041666666666666664,DA40_ZPC00007,DA35_ZPC00007,0.0,0.0,26.41688443670151,0.0,0.0
ZPC00007,DA35,0.0,0.0050546191968317,-100.0,0.0,0.0,0.0,-100.0,0.0,572.6520569801111,0.034,DA35_ZPC00007,DA45,0.000945213789807528,0.000945213789807528,0.0,2.645502645502646,DA45_DA35,1.230499979832588,0.0512708324930245,DA45_ZPC00007,DA35_ZPC00007,0.0,0.0,26.41688443670151,0.0,0.0
ZPC00007,DA46,0.0,0.0050546191968317,-100.0,0.0,0.0,0.0,-100.0,0.0,572.6520569801111,0.034,DA46_ZPC00007,DA34,0.19294542944337933,0.1929453808031683,0.0,2.645502645502646,DA34_DA46,1.0,0.041666666666666664,DA34_ZPC00007,DA46_ZPC00007,0.0,0.0,26.41688443670151,0.0,0.0
ZPC00007,DA46,0.0,0.0050546191968317,-100.0,0.0,0.0,0.0,-100.0,0.0,572.6520569801111,0.034,DA46_ZPC00007,DA38,0.07294523147715701,0.07294523147715701,0.0,2.645502645502646,DA38_DA46,1.0,0.041666666666666664,DA38_ZPC00007,DA46_ZPC00007,0.0,0.0,26.41688443670151,0.0,0.0
ZPC00007,DA46,0.0,0.0050546191968317,-100.0,0.0,0.0,0.0,-100.0,0.0,572.6520569801111,0.034,DA46_ZPC00007,DA40,0.12094541175602988,0.1209453808031683,0.0,2.645502645502646,DA40_DA46,1.0,0.041666666666666664,DA40_ZPC00007,DA46_ZPC00007,0.0,0.0,26.41688443670151,0.0,0.0
ZPC00007,DA46,0.0,0.0050546191968317,-100.0,0.0,0.0,0.0,-100.0,0.0,572.6520569801111,0.034,DA46_ZPC00007,DA45,0.000945213789807528,0.000945213789807528,0.0,2.645502645502646,DA45_DA46,1.230499979832588,0.0512708324930245,DA45_ZPC00007,DA46_ZPC00007,0.0,0.0,26.41688443670151,0.0,0.0
ZPC00007,DA36,0.0,0.0050546191968317,-100.0,0.0,0.0,0.0,-100.0,0.0,572.6520569801111,0.034,DA36_ZPC00007,DA34,0.19294542944337933,0.1929453808031683,0.0,2.645502645502646,DA34_DA36,0.8081149823420368,0.033671457597584865,DA34_ZPC00007,DA36_ZPC00007,0.0,0.0,26.41688443670151,0.0,0.0
ZPC00007,DA36,0.0,0.0050546191968317,-100.0,0.0,0.0,0.0,-100.0,0.0,572.6520569801111,0.034,DA36_ZPC00007,DA38,0.07294523147715701,0.07294523147715701,0.0,2.645502645502646,DA38_DA36,0.8754641973849986,0.03647767489104161,DA38_ZPC00007,DA36_ZPC00007,0.0,0.0,26.41688443670151,0.0,0.0
ZPC00007,DA36,0.0,0.0050546191968317,-100.0,0.0,0.0,0.0,-100.0,0.0,572.6520569801111,0.034,DA36_ZPC00007,DA40,0.12094541175602988,0.1209453808031683,0.0,2.645502645502646,DA40_DA36,1.251848176537314,0.05216034068905475,DA40_ZPC00007,DA36_ZPC00007,0.0,0.0,26.41688443670151,0.0,0.0
ZPC00007,DA36,0.0,0.0050546191968317,-100.0,0.0,0.0,0.0,-100.0,0.0,572.6520569801111,0.034,DA36_ZPC00007,DA45,0.000945213789807528,0.000945213789807528,0.0,2.645502645502646,DA45_DA36,1.122125669682195,0.046755236236758126,DA45_ZPC00007,DA36_ZPC00007,0.0,0.0,26.41688443670151,0.0,0.0
ZPC00007,DA44,0.0,0.0050546191968317,-100.0,0.0,0.0,0.0,-100.0,0.0,572.6520569801111,0.034,DA44_ZPC00007,DA34,0.19294542944337933,0.1929453808031683,0.0,2.645502645502646,DA34_DA44,0.7900523334733707,0.03291884722805711,DA34_ZPC00007,DA44_ZPC00007,0.0,0.0,26.41688443670151,0.0,0.0
ZPC00007,DA44,0.0,0.0050546191968317,-100.0,0.0,0.0,0.0,-100.0,0.0,572.6520569801111,0.034,DA44_ZPC00007,DA38,0.07294523147715701,0.07294523147715701,0.0,2.645502645502646,DA38_DA44,0.8574015485163325,0.035725064521513854,DA38_ZPC00007,DA44_ZPC00007,0.0,0.0,26.41688443670151,0.0,0.0
ZPC00007,DA44,0.0,0.0050546191968317,-100.0,0.0,0.0,0.0,-100.0,0.0,572.6520569801111,0.034,DA44_ZPC00007,DA40,0.12094541175602988,0.1209453808031683,0.0,2.645502645502646,DA40_DA44,1.233785527668648,0.051407730319527,DA40_ZPC00007,DA44_ZPC00007,0.0,0.0,26.41688443670151,0.0,0.0
ZPC00007,DA44,0.0,0.0050546191968317,-100.0,0.0,0.0,0.0,-100.0,0.0,572.6520569801111,0.034,DA44_ZPC00007,DA45,0.000945213789807528,0.000945213789807528,0.0,2.645502645502646,DA45_DA44,1.0,0.041666666666666664,DA45_ZPC00007,DA44_ZPC00007,0.0,0.0,26.41688443670151,0.0,0.0
ZPC00007,DA37,0.0,0.0050546191968317,-100.0,0.0,0.0,0.0,-100.0,0.0,572.6520569801111,0.034,DA37_ZPC00007,DA34,0.19294542944337933,0.1929453808031683,0.0,2.645502645502646,DA34_DA37,0.8194037091391021,0.03414182121412925,DA34_ZPC00007,DA37_ZPC00007,0.0,0.0,26.41688443670151,0.0,0.0
ZPC00007,DA37,0.0,0.0050546191968317,-100.0,0.0,0.0,0.0,-100.0,0.0,572.6520569801111,0.034,DA37_ZPC00007,DA38,0.07294523147715701,0.07294523147715701,0.0,2.645502645502646,DA38_DA37,0.8867529241820639,0.036948038507586,DA38_ZPC00007,DA37_ZPC00007,0.0,0.0,26.41688443670151,0.0,0.0
ZPC00007,DA37,0.0,0.0050546191968317,-100.0,0.0,0.0,0.0,-100.0,0.0,572.6520569801111,0.034,DA37_ZPC00007,DA40,0.12094541175602988,0.1209453808031683,0.0,2.645502645502646,DA40_DA37,1.263136903334379,0.05263070430559912,DA40_ZPC00007,DA37_ZPC00007,0.0,0.0,26.41688443670151,0.0,0.0
ZPC00007,DA37,0.0,0.0050546191968317,-100.0,0.0,0.0,0.0,-100.0,0.0,572.6520569801111,0.034,DA37_ZPC00007,DA45,0.000945213789807528,0.000945213789807528,0.0,2.645502645502646,DA45_DA37,1.0,0.041666666666666664,DA45_ZPC00007,DA37_ZPC00007,0.0,0.0,26.41688443670151,0.0,0.0
ZPC00006,DA42,0.003807464114832536,0.0050546191968317,-24.673571508233437,0.0,0.0,0.003807464114832536,-24.67,0.0,94.11025424773545,0.006003889533251538,DA42_ZPC00006,DA34,0.009750180116961014,0.009750180116961014,0.0,0.4559756989823844,DA34_DA42,0.8194037091391021,0.03414182121412925,DA34_ZPC00006,DA42_ZPC00006,0.0,0.0,26.41688443670151,0.0,0.0
ZPC00006,DA42,0.003807464114832536,0.0050546191968317,-24.673571508233437,0.0,0.0,0.003807464114832536,-24.67,0.0,94.11025424773545,0.006003889533251538,DA42_ZPC00006,DA38,0.045379883010209086,0.045379878849576796,0.0,0.4559756989823844,DA38_DA42,0.8867529241820639,0.036948038507586,DA38_ZPC00006,DA42_ZPC00006,0.0,0.0,26.41688443670151,0.0,0.0
ZPC00006,DA39,0.0,0.0050546191968317,-100.0,0.0,0.0,0.0,-100.0,0.0,94.11025424773545,0.009811534174224857,DA39_ZPC00006,DA34,0.009750180116961014,0.009750180116961014,0.0,0.4559756989823844,DA34_DA39,0.7900523334733707,0.03291884722805711,DA34_ZPC00006,DA39_ZPC00006,0.0,0.0,26.41688443670151,0.0,0.0
ZPC00006,DA39,0.0,0.0050546191968317,-100.0,0.0,0.0,0.0,-100.0,0.0,94.11025424773545,0.009811534174224857,DA39_ZPC00006,DA38,0.045379883010209086,0.045379878849576796,0.0,0.4559756989823844,DA38_DA39,0.8574015485163325,0.035725064521513854,DA38_ZPC00006,DA39_ZPC00006,0.0,0.0,26.41688443670151,0.0,0.0
ZPC00006,DA33,0.0,9.20075308994874e-05,-100.0,0.0,0.0019113822548151578,-0.0019113822548151578,-2177.42,0.0,94.11025424773545,0.00208997890056819,DA33_ZPC00006,DA34,0.009750180116961014,0.009750180116961014,24.062764339648275,0.4559756989823844,DA34_DA33,0.5140843776294046,0.02142018240122519,DA34_ZPC00006,DA33_ZPC00006,0.001903732057416268,0.001903732057416268,26.41688443670151,0.9108857782720733,24.062764339648275
ZPC00006,DA33,0.0,9.20075308994874e-05,-100.0,0.0,0.0019113822548151578,-0.0019113822548151578,-2177.42,0.0,94.11025424773545,0.00208997890056819,DA33_ZPC00006,DA38,0.045379883010209086,0.045379878849576796,24.062764339648275,0.4559756989823844,DA38_DA33,0.5814335926723664,0.024226399694681933,DA38_ZPC00006,DA33_ZPC00006,0.001903732057416268,0.001903732057416268,26.41688443670151,0.9108857782720733,24.062764339648275
ZPC00006,DA45,0.0,9.596484405645459e-05,-100.0,0.0,0.0019935922442695726,-0.0019935922442695726,-2177.42,0.0,94.11025424773545,0.002179870466184026,DA45_ZPC00006,DA34,0.009750180116961014,0.009750180116961014,0.0,0.4559756989823844,DA34_DA45,1.0,0.041666666666666664,DA34_ZPC00006,DA45_ZPC00006,0.0,0.0,26.41688443670151,0.0,0.0
ZPC00006,DA45,0.0,9.596484405645459e-05,-100.0,0.0,0.0019935922442695726,-0.0019935922442695726,-2177.42,0.0,94.11025424773545,0.002179870466184026,DA45_ZPC00006,DA38,0.045379883010209086,0.045379878849576796,0.0,0.4559756989823844,DA38_DA45,1.0,0.041666666666666664,DA38_ZPC00006,DA45_ZPC00006,0.0,0.0,26.41688443670151,0.0,0.0
ZPC00006,DA35,0.0,0.0050546191968317,-100.0,0.0,0.0,0.0,-100.0,0.0,94.11025424773545,0.009811534174224857,DA35_ZPC00006,DA34,0.009750180116961014,0.009750180116961014,0.0,0.4559756989823844,DA34_DA35,1.0,0.041666666666666664,DA34_ZPC00006,DA35_ZPC00006,0.0,0.0,26.41688443670151,0.0,0.0
ZPC00006,DA35,0.0,0.0050546191968317,-100.0,0.0,0.0,0.0,-100.0,0.0,94.11025424773545,0.009811534174224857,DA35_ZPC00006,DA38,0.045379883010209086,0.045379878849576796,0.0,0.4559756989823844,DA38_DA35,1.0,0.041666666666666664,DA38_ZPC00006,DA35_ZPC00006,0.0,0.0,26.41688443670151,0.0,0.0
ZPC00006,DA46,0.0,3.165850525573761e-05,-100.0,0.0,0.0006576799156353232,-0.0006576799156353232,-2177.42,0.0,94.11025424773545,0.0007191325249266894,DA46_ZPC00006,DA34,0.009750180116961014,0.009750180116961014,26.41688443670151,0.4559756989823844,DA34_DA46,1.0,0.041666666666666664,DA34_ZPC00006,DA46_ZPC00006,0.001903732057416268,0.0007191325249266894,26.41688443670151,1.0,26.41688443670151
ZPC00006,DA46,0.0,3.165850525573761e-05,-100.0,0.0,0.0006576799156353232,-0.0006576799156353232,-2177.42,0.0,94.11025424773545,0.0007191325249266894,DA46_ZPC00006,DA38,0.045379883010209086,0.045379878849576796,26.41688443670151,0.4559756989823844,DA38_DA46,1.0,0.041666666666666664,DA38_ZPC00006,DA46_ZPC00006,0.001903732057416268,0.0007191325249266894,26.41688443670151,1.0,26.41688443670151
ZPC00006,DA36,0.0,6.554299916226924e-05,-100.0,0.0,0.001361602950338755,-0.001361602950338755,-2177.42,0.0,94.11025424773545,0.0014888290555122858,DA36_ZPC00006,DA34,0.009750180116961014,0.009750180116961014,0.0,0.4559756989823844,DA34_DA36,0.8081149823420368,0.033671457597584865,DA34_ZPC00006,DA36_ZPC00006,0.0,0.0,26.41688443670151,0.0,0.0
ZPC00006,DA36,0.0,6.554299916226924e-05,-100.0,0.0,0.001361602950338755,-0.001361602950338755,-2177.42,0.0,94.11025424773545,0.0014888290555122858,DA36_ZPC00006,DA38,0.045379883010209086,0.045379878849576796,0.0,0.4559756989823844,DA38_DA36,0.8754641973849986,0.03647767489104161,DA38_ZPC00006,DA36_ZPC00006,0.0,0.0,26.41688443670151,0.0,0.0
ZPC00006,DA44,0.0,0.0050546191968317,-100.0,0.0,0.0,0.0,-100.0,0.0,94.11025424773545,0.009811534174224857,DA44_ZPC00006,DA34,0.009750180116961014,0.009750180116961014,0.0,0.4559756989823844,DA34_DA44,0.7900523334733707,0.03291884722805711,DA34_ZPC00006,DA44_ZPC00006,0.0,0.0,26.41688443670151,0.0,0.0
ZPC00006,DA44,0.0,0.0050546191968317,-100.0,0.0,0.0,0.0,-100.0,0.0,94.11025424773545,0.009811534174224857,DA44_ZPC00006,DA38,0.045379883010209086,0.045379878849576796,0.0,0.4559756989823844,DA38_DA44,0.8574015485163325,0.035725064521513854,DA38_ZPC00006,DA44_ZPC00006,0.0,0.0,26.41688443670151,0.0,0.0
ZPC00006,DA37,0.0,0.0050546191968317,-100.0,0.0,0.0,0.0,-100.0,0.0,94.11025424773545,0.009811534174224857,DA37_ZPC00006,DA34,0.009750180116961014,0.009750180116961014,0.0,0.4559756989823844,DA34_DA37,0.8194037091391021,0.03414182121412925,DA34_ZPC00006,DA37_ZPC00006,0.0,0.0,26.41688443670151,0.0,0.0
ZPC00006,DA37,0.0,0.0050546191968317,-100.0,0.0,0.0,0.0,-100.0,0.0,94.11025424773545,0.009811534174224857,DA37_ZPC00006,DA38,0.045379883010209086,0.045379878849576796,0.0,0.4559756989823844,DA38_DA37,0.8867529241820639,0.036948038507586,DA38_ZPC00006,DA37_ZPC00006,0.0,0.0,26.41688443670151,0.0,0.0
ZPC00006,DA40,0.0,0.0001387532925661624,-100.0,0.0,0.0028824877552454382,-0.0028824877552454382,-2177.42,0.0,94.11025424773545,0.0031518230194052537,DA40_ZPC00006,DA34,0.009750180116961014,0.009750180116961014,26.41688443670151,0.4559756989823844,DA34_DA40,0.9084855858442228,0.037853566076842614,DA34_ZPC00006,DA40_ZPC00006,0.00951866028708134,0.0031518230194052537,26.41688443670151,1.0,26.41688443670151
ZPC00006,DA40,0.0,0.0001387532925661624,-100.0,0.0,0.0028824877552454382,-0.0028824877552454382,-2177.42,0.0,94.11025424773545,0.0031518230194052537,DA40_ZPC00006,DA38,0.045379883010209086,0.045379878849576796,26.41688443670151,0.4559756989823844,DA38_DA40,0.9758348008871847,0.04065978337029936,DA38_ZPC00006,DA40_ZPC00006,0.00951866028708134,0.0031518230194052537,26.41688443670151,1.0,26.41688443670151
ZPC00003,DA34,0.0024,0.03910728105454536,-93.86303538552689,0.0,0.0,0.0024,-93.86,0.0,-23.149074606117306,0.03670609399779628,DA34_ZPC00003,DA38,0.08156092000588677,0.0815606378164849,0.0,0.2712673611111111,DA38_DA34,0.5321016066919075,0.02217090027882948,DA38_ZPC00003,DA34_ZPC00003,0.0,0.0,26.41688443670151,0.0,0.0
ZPC00003,DA39,0.0,0.0050546191968317,-100.0,0.0,0.0,0.0,-100.0,0.0,-23.149074606117306,0.0050546191968317,DA39_ZPC00003,DA38,0.08156092000588677,0.0815606378164849,0.0,0.2712673611111111,DA38_DA39,0.8574015485163325,0.035725064521513854,DA38_ZPC00003,DA39_ZPC00003,0.0,0.0,26.41688443670151,0.0,0.0
ZPC00003,DA42,0.0,0.0050546191968317,-100.0,0.0,0.0,0.0,-100.0,0.0,-23.149074606117306,0.0050546191968317,DA42_ZPC00003,DA38,0.08156092000588677,0.0815606378164849,0.0,0.2712673611111111,DA38_DA42,0.8867529241820639,0.036948038507586,DA38_ZPC00003,DA42_ZPC00003,0.0,0.0,26.41688443670151,0.0,0.0
ZPC00003,DA33,0.0,0.01668577324993935,-100.0,0.0,0.0,0.0,-100.0,0.0,-23.149074606117306,0.01668577324993935,DA33_ZPC00003,DA38,0.08156092000588677,0.0815606378164849,0.0,0.2712673611111111,DA38_DA33,0.5814335926723664,0.024226399694681933,DA38_ZPC00003,DA33_ZPC00003,0.0,0.0,26.41688443670151,0.0,0.0
ZPC00003,DA45,0.0,0.0050546191968317,-100.0,0.0,0.0,0.0,-100.0,0.0,-23.149074606117306,0.0050546191968317,DA45_ZPC00003,DA38,0.08156092000588677,0.0815606378164849,0.0,0.2712673611111111,DA38_DA45,1.0,0.041666666666666664,DA38_ZPC00003,DA45_ZPC00003,0.0,0.0,26.41688443670151,0.0,0.0
ZPC00003,DA35,0.0,0.0050546191968317,-100.0,0.0,0.0,0.0,-100.0,0.0,-23.149074606117306,0.0050546191968317,DA35_ZPC00003,DA38,0.08156092000588677,0.0815606378164849,0.0,0.2712673611111111,DA38_DA35,1.0,0.041666666666666664,DA38_ZPC00003,DA35_ZPC00003,0.0,0.0,26.41688443670151,0.0,0.0
ZPC00003,DA46,0.0,0.0050546191968317,-100.0,0.0,0.0,0.0,-100.0,0.0,-23.149074606117306,0.0050546191968317,DA46_ZPC00003,DA38,0.08156092000588677,0.0815606378164849,0.0,0.2712673611111111,DA38_DA46,1.0,0.041666666666666664,DA38_ZPC00003,DA46_ZPC00003,0.0,0.0,26.41688443670151,0.0,0.0
ZPC00003,DA36,0.0,0.0050546191968317,-100.0,0.0,0.0,0.0,-100.0,0.0,-23.149074606117306,0.0050546191968317,DA36_ZPC00003,DA38,0.08156092000588677,0.0815606378164849,0.0,0.2712673611111111,DA38_DA36,0.8754641973849986,0.03647767489104161,DA38_ZPC00003,DA36_ZPC00003,0.0,0.0,26.41688443670151,0.0,0.0
ZPC00003,DA44,0.0,0.0050546191968317,-100.0,0.0,0.0,0.0,-100.0,0.0,-23.149074606117306,0.0050546191968317,DA44_ZPC00003,DA38,0.08156092000588677,0.0815606378164849,0.0,0.2712673611111111,DA38_DA44,0.8574015485163325,0.035725064521513854,DA38_ZPC00003,DA44_ZPC00003,0.0,0.0,26.41688443670151,0.0,0.0
ZPC00003,DA37,0.0,0.007213120727838368,-100.0,0.0,0.0,0.0,-100.0,0.0,-23.149074606117306,0.007213120727838368,DA37_ZPC00003,DA38,0.08156092000588677,0.0815606378164849,0.0,0.2712673611111111,DA38_DA37,0.8867529241820639,0.036948038507586,DA38_ZPC00003,DA37_ZPC00003,0.0,0.0,26.41688443670151,0.0,0.0
ZPC00003,DA40,0.0,0.01738101380202016,-100.0,0.0,0.0,0.0,-100.0,0.0,-23.149074606117306,0.01738101380202016,DA40_ZPC00003,DA38,0.08156092000588677,0.0815606378164849,0.0,0.2712673611111111,DA38_DA40,0.9758348008871847,0.04065978337029936,DA38_ZPC00003,DA40_ZPC00003,0.0,0.0,26.41688443670151,0.0,0.0
ZM000007,DA39,0.0,0.0050546191968317,-100.0,0.0,0.0,0.0,-100.0,0.0,6115.024290138214,0.31414581085707927,DA39_ZM000007,DA34,3.7017779308647114,3.7017774772900633,0.0,0.08771929824561403,DA34_DA39,0.7900523334733707,0.03291884722805711,DA34_ZM000007,DA39_ZM000007,0.0,0.0,0.1411149825783973,0.0,0.0
ZM000007,DA39,0.0,0.0050546191968317,-100.0,0.0,0.0,0.0,-100.0,0.0,6115.024290138214,0.31414581085707927,DA39_ZM000007,DA38,2.4970399039571456,2.4970396213854795,0.0,0.08771929824561403,DA38_DA39,0.8574015485163325,0.035725064521513854,DA38_ZM000007,DA39_ZM000007,0.0,0.0,0.1411149825783973,0.0,0.0
ZM000007,DA39,0.0,0.0050546191968317,-100.0,0.0,0.0,0.0,-100.0,0.0,6115.024290138214,0.31414581085707927,DA39_ZM000007,DA42,0.23494527127369333,0.23494527127369333,0.0,0.08771929824561403,DA42_DA39,1.144703650963527,0.04769598545681363,DA42_ZM000007,DA39_ZM000007,0.0,0.0,0.1411149825783973,0.0,0.0
ZM000007,DA33,0.0,0.01166241453435962,-100.0,0.0,0.0,0.0,-100.0,0.0,6115.024290138214,0.7248218961270599,DA33_ZM000007,DA34,3.7017779308647114,3.7017774772900633,0.0,0.08771929824561403,DA34_DA33,0.5140843776294046,0.02142018240122519,DA34_ZM000007,DA33_ZM000007,0.0,0.0,0.1411149825783973,0.0,0.0
ZM000007,DA33,0.0,0.01166241453435962,-100.0,0.0,0.0,0.0,-100.0,0.0,6115.024290138214,0.7248218961270599,DA33_ZM000007,DA38,2.4970399039571456,2.4970396213854795,0.0,0.08771929824561403,DA38_DA33,0.5814335926723664,0.024226399694681933,DA38_ZM000007,DA33_ZM000007,0.0,0.0,0.1411149825783973,0.0,0.0
ZM000007,DA33,0.0,0.01166241453435962,-100.0,0.0,0.0,0.0,-100.0,0.0,6115.024290138214,0.7248218961270599,DA33_ZM000007,DA42,0.23494527127369333,0.23494527127369333,0.0,0.08771929824561403,DA42_DA33,0.868735695119561,0.036197320629981704,DA42_ZM000007,DA33_ZM000007,0.0,0.0,0.1411149825783973,0.0,0.0
ZM000007,DA45,0.0,0.0050546191968317,-100.0,0.0,0.0,0.0,-100.0,0.0,6115.024290138214,0.31414581085707927,DA45_ZM000007,DA34,3.7017779308647114,3.7017774772900633,0.0,0.08771929824561403,DA34_DA45,1.0,0.041666666666666664,DA34_ZM000007,DA45_ZM000007,0.0,0.0,0.1411149825783973,0.0,0.0
ZM000007,DA45,0.0,0.0050546191968317,-100.0,0.0,0.0,0.0,-100.0,0.0,6115.024290138214,0.31414581085707927,DA45_ZM000007,DA38,2.4970399039571456,2.4970396213854795,0.0,0.08771929824561403,DA38_DA45,1.0,0.041666666666666664,DA38_ZM000007,DA45_ZM000007,0.0,0.0,0.1411149825783973,0.0,0.0
ZM000007,DA45,0.0,0.0050546191968317,-100.0,0.0,0.0,0.0,-100.0,0.0,6115.024290138214,0.31414581085707927,DA45_ZM000007,DA42,0.23494527127369333,0.23494527127369333,0.0,0.08771929824561403,DA42_DA45,1.0,0.041666666666666664,DA42_ZM000007,DA45_ZM000007,0.0,0.0,0.1411149825783973,0.0,0.0
ZM000007,DA35,0.0,0.0050546191968317,-100.0,0.0,0.0,0.0,-100.0,0.0,6115.024290138214,0.31414581085707927,DA35_ZM000007,DA34,3.7017779308647114,3.7017774772900633,0.0,0.08771929824561403,DA34_DA35,1.0,0.041666666666666664,DA34_ZM000007,DA35_ZM000007,0.0,0.0,0.1411149825783973,0.0,0.0
ZM000007,DA35,0.0,0.0050546191968317,-100.0,0.0,0.0,0.0,-100.0,0.0,6115.024290138214,0.31414581085707927,DA35_ZM000007,DA38,2.4970399039571456,2.4970396213854795,0.0,0.08771929824561403,DA38_DA35,1.0,0.041666666666666664,DA38_ZM000007,DA35_ZM000007,0.0,0.0,0.1411149825783973,0.0,0.0
ZM000007,DA35,0.0,0.0050546191968317,-100.0,0.0,0.0,0.0,-100.0,0.0,6115.024290138214,0.31414581085707927,DA35_ZM000007,DA42,0.23494527127369333,0.23494527127369333,0.0,0.08771929824561403,DA42_DA35,1.0,0.041666666666666664,DA42_ZM000007,DA35_ZM000007,0.0,0.0,0.1411149825783973,0.0,0.0
ZM000007,DA46,0.0,0.0050546191968317,-100.0,0.0,0.0,0.0,-100.0,0.0,6115.024290138214,0.31414581085707927,DA46_ZM000007,DA34,3.7017779308647114,3.7017774772900633,0.0,0.08771929824561403,DA34_DA46,1.0,0.041666666666666664,DA34_ZM000007,DA46_ZM000007,0.0,0.0,0.1411149825783973,0.0,0.0
ZM000007,DA46,0.0,0.0050546191968317,-100.0,0.0,0.0,0.0,-100.0,0.0,6115.024290138214,0.31414581085707927,DA46_ZM000007,DA38,2.4970399039571456,2.4970396213854795,0.0,0.08771929824561403,DA38_DA46,1.0,0.041666666666666664,DA38_ZM000007,DA46_ZM000007,0.0,0.0,0.1411149825783973,0.0,0.0
ZM000007,DA46,0.0,0.0050546191968317,-100.0,0.0,0.0,0.0,-100.0,0.0,6115.024290138214,0.31414581085707927,DA46_ZM000007,DA42,0.23494527127369333,0.23494527127369333,0.0,0.08771929824561403,DA42_DA46,1.0,0.041666666666666664,DA42_ZM000007,DA46_ZM000007,0.0,0.0,0.1411149825783973,0.0,0.0
ZM000007,DA36,0.0,0.003280054087788642,-100.0,0.0,0.0,0.0,-100.0,0.0,6115.024290138214,0.20385615828573553,DA36_ZM000007,DA34,3.7017779308647114,3.7017774772900633,0.0,0.08771929824561403,DA34_DA36,0.8081149823420368,0.033671457597584865,DA34_ZM000007,DA36_ZM000007,0.0,0.0,0.1411149825783973,0.0,0.0
ZM000007,DA36,0.0,0.003280054087788642,-100.0,0.0,0.0,0.0,-100.0,0.0,6115.024290138214,0.20385615828573553,DA36_ZM000007,DA38,2.4970399039571456,2.4970396213854795,0.0,0.08771929824561403,DA38_DA36,0.8754641973849986,0.03647767489104161,DA38_ZM000007,DA36_ZM000007,0.0,0.0,0.1411149825783973,0.0,0.0
ZM000007,DA36,0.0,0.003280054087788642,-100.0,0.0,0.0,0.0,-100.0,0.0,6115.024290138214,0.20385615828573553,DA36_ZM000007,DA42,0.23494527127369333,0.23494527127369333,0.0,0.08771929824561403,DA42_DA36,1.162766299832193,0.048448595826341374,DA42_ZM000007,DA36_ZM000007,0.0,0.0,0.1411149825783973,0.0,0.0
ZM000007,DA44,0.0,0.0050546191968317,-100.0,0.0,0.0,0.0,-100.0,0.0,6115.024290138214,0.31414581085707927,DA44_ZM000007,DA34,3.7017779308647114,3.7017774772900633,0.0,0.08771929824561403,DA34_DA44,0.7900523334733707,0.03291884722805711,DA34_ZM000007,DA44_ZM000007,0.0,0.0,0.1411149825783973,0.0,0.0
ZM000007,DA44,0.0,0.0050546191968317,-100.0,0.0,0.0,0.0,-100.0,0.0,6115.024290138214,0.31414581085707927,DA44_ZM000007,DA38,2.4970399039571456,2.4970396213854795,0.0,0.08771929824561403,DA38_DA44,0.8574015485163325,0.035725064521513854,DA38_ZM000007,DA44_ZM000007,0.0,0.0,0.1411149825783973,0.0,0.0
ZM000007,DA44,0.0,0.0050546191968317,-100.0,0.0,0.0,0.0,-100.0,0.0,6115.024290138214,0.31414581085707927,DA44_ZM000007,DA42,0.23494527127369333,0.23494527127369333,0.0,0.08771929824561403,DA42_DA44,1.144703650963527,0.04769598545681363,DA42_ZM000007,DA44_ZM000007,0.0,0.0,0.1411149825783973,0.0,0.0
ZM000007,DA37,0.0,0.01275576589695583,-100.0,0.0,0.0,0.0,-100.0,0.0,6115.024290138214,0.7927739488889715,DA37_ZM000007,DA34,3.7017779308647114,3.7017774772900633,0.0,0.08771929824561403,DA34_DA37,0.8194037091391021,0.03414182121412925,DA34_ZM000007,DA37_ZM000007,0.0,0.0,0.1411149825783973,0.0,0.0
ZM000007,DA37,0.0,0.01275576589695583,-100.0,0.0,0.0,0.0,-100.0,0.0,6115.024290138214,0.7927739488889715,DA37_ZM000007,DA38,2.4970399039571456,2.4970396213854795,0.0,0.08771929824561403,DA38_DA37,0.8867529241820639,0.036948038507586,DA38_ZM000007,DA37_ZM000007,0.0,0.0,0.1411149825783973,0.0,0.0
ZM000007,DA37,0.0,0.01275576589695583,-100.0,0.0,0.0,0.0,-100.0,0.0,6115.024290138214,0.7927739488889715,DA37_ZM000007,DA42,0.23494527127369333,0.23494527127369333,0.0,0.08771929824561403,DA42_DA37,1.174055026629258,0.04891895944288575,DA42_ZM000007,DA37_ZM000007,0.0,0.0,0.1411149825783973,0.0,0.0
ZM000007,DA40,0.0,0.0050546191968317,-100.0,0.0,0.0,0.0,-100.0,0.0,6115.024290138214,0.31414581085707927,DA40_ZM000007,DA34,3.7017779308647114,3.7017774772900633,0.0,0.08771929824561403,DA34_DA40,0.9084855858442228,0.037853566076842614,DA34_ZM000007,DA40_ZM000007,0.0,0.0,0.1411149825783973,0.0,0.0
ZM000007,DA40,0.0,0.0050546191968317,-100.0,0.0,0.0,0.0,-100.0,0.0,6115.024290138214,0.31414581085707927,DA40_ZM000007,DA38,2.4970399039571456,2.4970396213854795,0.0,0.08771929824561403,DA38_DA40,0.9758348008871847,0.04065978337029936,DA38_ZM000007,DA40_ZM000007,0.0,0.0,0.1411149825783973,0.0,0.0
ZM000007,DA40,0.0,0.0050546191968317,-100.0,0.0,0.0,0.0,-100.0,0.0,6115.024290138214,0.31414581085707927,DA40_ZM000007,DA42,0.23494527127369333,0.23494527127369333,0.0,0.08771929824561403,DA42_DA40,1.263136903334379,0.05263070430559912,DA42_ZM000007,DA40_ZM000007,0.0,0.0,0.1411149825783973,0.0,0.0
ZM000006,DA39,0.0,0.0050546191968317,-100.0,0.0,0.0,0.0,-100.0,0.0,2274.0660834592154,0.12,DA39_ZM000006,DA34,0.11494557876939064,0.1149453808031683,0.0,0.1736111111111111,DA34_DA39,0.7900523334733707,0.03291884722805711,DA34_ZM000006,DA39_ZM000006,0.0,0.0,26.41688443670151,0.0,0.0
ZM000006,DA39,0.0,0.0050546191968317,-100.0,0.0,0.0,0.0,-100.0,0.0,2274.0660834592154,0.12,DA39_ZM000006,DA38,1.194945338617713,1.194945338617713,0.0,0.1736111111111111,DA38_DA39,0.8574015485163325,0.035725064521513854,DA38_ZM000006,DA39_ZM000006,0.0,0.0,26.41688443670151,0.0,0.0
ZM000006,DA39,0.0,0.0050546191968317,-100.0,0.0,0.0,0.0,-100.0,0.0,2274.0660834592154,0.12,DA39_ZM000006,DA42,0.11494557876939064,0.1149453808031683,0.0,0.1736111111111111,DA42_DA39,1.144703650963527,0.04769598545681363,DA42_ZM000006,DA39_ZM000006,0.0,0.0,26.41688443670151,0.0,0.0
ZM000006,DA33,0.0,0.0050546191968317,-100.0,0.0,0.0,0.0,-100.0,0.0,2274.0660834592154,0.12,DA33_ZM000006,DA34,0.11494557876939064,0.1149453808031683,0.0,0.1736111111111111,DA34_DA33,0.5140843776294046,0.02142018240122519,DA34_ZM000006,DA33_ZM000006,0.0,0.0,26.41688443670151,0.0,0.0
ZM000006,DA33,0.0,0.0050546191968317,-100.0,0.0,0.0,0.0,-100.0,0.0,2274.0660834592154,0.12,DA33_ZM000006,DA38,1.194945338617713,1.194945338617713,0.0,0.1736111111111111,DA38_DA33,0.5814335926723664,0.024226399694681933,DA38_ZM000006,DA33_ZM000006,0.0,0.0,26.41688443670151,0.0,0.0
ZM000006,DA33,0.0,0.0050546191968317,-100.0,0.0,0.0,0.0,-100.0,0.0,2274.0660834592154,0.12,DA33_ZM000006,DA42,0.11494557876939064,0.1149453808031683,0.0,0.1736111111111111,DA42_DA33,0.868735695119561,0.036197320629981704,DA42_ZM000006,DA33_ZM000006,0.0,0.0,26.41688443670151,0.0,0.0
ZM000006,DA45,0.0,0.0050546191968317,-100.0,0.0,0.0,0.0,-100.0,0.0,2274.0660834592154,0.12,DA45_ZM000006,DA34,0.11494557876939064,0.1149453808031683,0.0,0.1736111111111111,DA34_DA45,1.0,0.041666666666666664,DA34_ZM000006,DA45_ZM000006,0.0,0.0,26.41688443670151,0.0,0.0
ZM000006,DA45,0.0,0.0050546191968317,-100.0,0.0,0.0,0.0,-100.0,0.0,2274.0660834592154,0.12,DA45_ZM000006,DA38,1.194945338617713,1.194945338617713,0.0,0.1736111111111111,DA38_DA45,1.0,0.041666666666666664,DA38_ZM000006,DA45_ZM000006,0.0,0.0,26.41688443670151,0.0,0.0
ZM000006,DA45,0.0,0.0050546191968317,-100.0,0.0,0.0,0.0,-100.0,0.0,2274.0660834592154,0.12,DA45_ZM000006,DA42,0.11494557876939064,0.1149453808031683,0.0,0.1736111111111111,DA42_DA45,1.0,0.041666666666666664,DA42_ZM000006,DA45_ZM000006,0.0,0.0,26.41688443670151,0.0,0.0
ZM000006,DA35,0.0,0.0050546191968317,-100.0,0.0,0.0,0.0,-100.0,0.0,2274.0660834592154,0.12,DA35_ZM000006,DA34,0.11494557876939064,0.1149453808031683,0.0,0.1736111111111111,DA34_DA35,1.0,0.041666666666666664,DA34_ZM000006,DA35_ZM000006,0.0,0.0,26.41688443670151,0.0,0.0
ZM000006,DA35,0.0,0.0050546191968317,-100.0,0.0,0.0,0.0,-100.0,0.0,2274.0660834592154,0.12,DA35_ZM000006,DA38,1.194945338617713,1.194945338617713,0.0,0.1736111111111111,DA38_DA35,1.0,0.041666666666666664,DA38_ZM000006,DA35_ZM000006,0.0,0.0,26.41688443670151,0.0,0.0
ZM000006,DA35,0.0,0.0050546191968317,-100.0,0.0,0.0,0.0,-100.0,0.0,2274.0660834592154,0.12,DA35_ZM000006,DA42,0.11494557876939064,0.1149453808031683,0.0,0.1736111111111111,DA42_DA35,1.0,0.041666666666666664,DA42_ZM000006,DA35_ZM000006,0.0,0.0,26.41688443670151,0.0,0.0
ZM000006,DA46,0.0,0.0050546191968317,-100.0,0.0,0.0,0.0,-100.0,0.0,2274.0660834592154,0.12,DA46_ZM000006,DA34,0.11494557876939064,0.1149453808031683,0.0,0.1736111111111111,DA34_DA46,1.0,0.041666666666666664,DA34_ZM000006,DA46_ZM000006,0.0,0.0,26.41688443670151,0.0,0.0
ZM000006,DA46,0.0,0.0050546191968317,-100.0,0.0,0.0,0.0,-100.0,0.0,2274.0660834592154,0.12,DA46_ZM000006,DA38,1.194945338617713,1.194945338617713,0.0,0.1736111111111111,DA38_DA46,1.0,0.041666666666666664,DA38_ZM000006,DA46_ZM000006,0.0,0.0,26.41688443670151,0.0,0.0
ZM000006,DA46,0.0,0.0050546191968317,-100.0,0.0,0.0,0.0,-100.0,0.0,2274.0660834592154,0.12,DA46_ZM000006,DA42,0.11494557876939064,0.1149453808031683,0.0,0.1736111111111111,DA42_DA46,1.0,0.041666666666666664,DA42_ZM000006,DA46_ZM000006,0.0,0.0,26.41688443670151,0.0,0.0
ZM000006,DA36,0.0,0.0050546191968317,-100.0,0.0,0.0,0.0,-100.0,0.0,2274.0660834592154,0.12,DA36_ZM000006,DA34,0.11494557876939064,0.1149453808031683,0.0,0.1736111111111111,DA34_DA36,0.8081149823420368,0.033671457597584865,DA34_ZM000006,DA36_ZM000006,0.0,0.0,26.41688443670151,0.0,0.0
ZM000006,DA36,0.0,0.0050546191968317,-100.0,0.0,0.0,0.0,-100.0,0.0,2274.0660834592154,0.12,DA36_ZM000006,DA38,1.194945338617713,1.194945338617713,0.0,0.1736111111111111,DA38_DA36,0.8754641973849986,0.03647767489104161,DA38_ZM000006,DA36_ZM000006,0.0,0.0,26.41688443670151,0.0,0.0
ZM000006,DA36,0.0,0.0050546191968317,-100.0,0.0,0.0,0.0,-100.0,0.0,2274.0660834592154,0.12,DA36_ZM000006,DA42,0.11494557876939064,0.1149453808031683,0.0,0.1736111111111111,DA42_DA36,1.162766299832193,0.048448595826341374,DA42_ZM000006,DA36_ZM000006,0.0,0.0,26.41688443670151,0.0,0.0
ZM000006,DA44,0.0,0.0050546191968317,-100.0,0.0,0.0,0.0,-100.0,0.0,2274.0660834592154,0.12,DA44_ZM000006,DA34,0.11494557876939064,0.1149453808031683,0.0,0.1736111111111111,DA34_DA44,0.7900523334733707,0.03291884722805711,DA34_ZM000006,DA44_ZM000006,0.0,0.0,26.41688443670151,0.0,0.0
ZM000006,DA44,0.0,0.0050546191968317,-100.0,0.0,0.0,0.0,-100.0,0.0,2274.0660834592154,0.12,DA44_ZM000006,DA38,1.194945338617713,1.194945338617713,0.0,0.1736111111111111,DA38_DA44,0.8574015485163325,0.035725064521513854,DA38_ZM000006,DA44_ZM000006,0.0,0.0,26.41688443670151,0.0,0.0
ZM000006,DA44,0.0,0.0050546191968317,-100.0,0.0,0.0,0.0,-100.0,0.0,2274.0660834592154,0.12,DA44_ZM000006,DA42,0.11494557876939064,0.1149453808031683,0.0,0.1736111111111111,DA42_DA44,1.144703650963527,0.04769598545681363,DA42_ZM000006,DA44_ZM000006,0.0,0.0,26.41688443670151,0.0,0.0
ZM000006,DA37,0.0,0.0050546191968317,-100.0,0.0,0.0,0.0,-100.0,0.0,2274.0660834592154,0.12,DA37_ZM000006,DA34,0.11494557876939064,0.1149453808031683,0.0,0.1736111111111111,DA34_DA37,0.8194037091391021,0.03414182121412925,DA34_ZM000006,DA37_ZM000006,0.0,0.0,26.41688443670151,0.0,0.0
ZM000006,DA37,0.0,0.0050546191968317,-100.0,0.0,0.0,0.0,-100.0,0.0,2274.0660834592154,0.12,DA37_ZM000006,DA38,1.194945338617713,1.194945338617713,0.0,0.1736111111111111,DA38_DA37,0.8867529241820639,0.036948038507586,DA38_ZM000006,DA37_ZM000006,0.0,0.0,26.41688443670151,0.0,0.0
ZM000006,DA37,0.0,0.0050546191968317,-100.0,0.0,0.0,0.0,-100.0,0.0,2274.0660834592154,0.12,DA37_ZM000006,DA42,0.11494557876939064,0.1149453808031683,0.0,0.1736111111111111,DA42_DA37,1.174055026629258,0.04891895944288575,DA42_ZM000006,DA37_ZM000006,0.0,0.0,26.41688443670151,0.0,0.0
ZM000006,DA40,0.0,0.0050546191968317,-100.0,0.0,0.0,0.0,-100.0,0.0,2274.0660834592154,0.12,DA40_ZM000006,DA34,0.11494557876939064,0.1149453808031683,0.0,0.1736111111111111,DA34_DA40,0.9084855858442228,0.037853566076842614,DA34_ZM000006,DA40_ZM000006,0.0,0.0,26.41688443670151,0.0,0.0
ZM000006,DA40,0.0,0.0050546191968317,-100.0,0.0,0.0,0.0,-100.0,0.0,2274.0660834592154,0.12,DA40_ZM000006,DA38,1.194945338617713,1.194945338617713,0.0,0.1736111111111111,DA38_DA40,0.9758348008871847,0.04065978337029936,DA38_ZM000006,DA40_ZM000006,0.0,0.0,26.41688443670151,0.0,0.0
ZM000006,DA40,0.0,0.0050546191968317,-100.0,0.0,0.0,0.0,-100.0,0.0,2274.0660834592154,0.12,DA40_ZM000006,DA42,0.11494557876939064,0.1149453808031683,0.0,0.1736111111111111,DA42_DA40,1.263136903334379,0.05263070430559912,DA42_ZM000006,DA40_ZM000006,0.0,0.0,26.41688443670151,0.0,0.0
ZL000043,DA37,0.245,0.2011256931996866,21.814371949362542,0.0,1.990365695225527,-1.745365695225527,-967.8,0.0,-50.872219603679326,1.9464944587865667,DA37_ZL000043,DA34,0.2694773923698674,0.2694773923698674,0.5342938405528931,0.1587301587301587,DA34_DA37,0.8194037091391021,0.03414182121412925,DA34_ZL000043,DA37_ZL000043,0.056,0.056,18.57142857142857,0.02876966833746348,0.5342938405528931
ZL000043,DA37,0.245,0.2011256931996866,21.814371949362542,0.0,1.990365695225527,-1.745365695225527,-967.8,0.0,-50.872219603679326,1.9464944587865667,DA37_ZL000043,DA35,2.730465331104447,2.730454222407619,0.5342938405528931,0.1587301587301587,DA35_DA37,1.0,0.041666666666666664,DA35_ZL000043,DA37_ZL000043,0.056,0.056,18.57142857142857,0.02876966833746348,0.5342938405528931
ZL000043,DA37,0.245,0.2011256931996866,21.814371949362542,0.0,1.990365695225527,-1.745365695225527,-967.8,0.0,-50.872219603679326,1.9464944587865667,DA37_ZL000043,DA38,1.6266777618036885,1.6266777618036885,0.5342938405528931,0.1587301587301587,DA38_DA37,0.8867529241820639,0.036948038507586,DA38_ZL000043,DA37_ZL000043,0.056,0.056,18.57142857142857,0.02876966833746348,0.5342938405528931
ZL000043,DA37,0.245,0.2011256931996866,21.814371949362542,0.0,1.990365695225527,-1.745365695225527,-967.8,0.0,-50.872219603679326,1.9464944587865667,DA37_ZL000043,DA46,0.8501195498429258,0.8501195498429258,0.5342938405528931,0.1587301587301587,DA46_DA37,1.0,0.041666666666666664,DA46_ZL000043,DA37_ZL000043,0.056,0.056,18.57142857142857,0.02876966833746348,0.5342938405528931
ZL000043,DA40,2.842,0.556878838431731,410.3444059759163,0.0,4.670264631301824,-1.8282646313018236,-428.31,0.0,-50.872219603679326,2.385167752886947,DA40_ZL000043,DA34,0.2694773923698674,0.2694773923698674,0.0,0.1587301587301587,DA34_DA40,0.9084855858442228,0.037853566076842614,DA34_ZL000043,DA40_ZL000043,0.0,0.0,18.57142857142857,0.0,0.0
ZL000043,DA40,2.842,0.556878838431731,410.3444059759163,0.0,4.670264631301824,-1.8282646313018236,-428.31,0.0,-50.872219603679326,2.385167752886947,DA40_ZL000043,DA35,2.730465331104447,2.730454222407619,0.0,0.1587301587301587,DA35_DA40,1.0,0.041666666666666664,DA35_ZL000043,DA40_ZL000043,0.0,0.0,18.57142857142857,0.0,0.0
ZL000043,DA40,2.842,0.556878838431731,410.3444059759163,0.0,4.670264631301824,-1.8282646313018236,-428.31,0.0,-50.872219603679326,2.385167752886947,DA40_ZL000043,DA38,1.6266777618036885,1.6266777618036885,0.0,0.1587301587301587,DA38_DA40,0.9758348008871847,0.04065978337029936,DA38_ZL000043,DA40_ZL000043,0.0,0.0,18.57142857142857,0.0,0.0
ZL000043,DA40,2.842,0.556878838431731,410.3444059759163,0.0,4.670264631301824,-1.8282646313018236,-428.31,0.0,-50.872219603679326,2.385167752886947,DA40_ZL000043,DA46,0.8501195498429258,0.8501195498429258,0.0,0.1587301587301587,DA46_DA40,1.0,0.041666666666666664,DA46_ZL000043,DA40_ZL000043,0.0,0.0,18.57142857142857,0.0,0.0
ZL000043,DA45,0.574,0.09137698514283685,528.1669274847995,0.0,0.7217472521029757,-0.1477472521029758,-261.69,0.0,-50.872219603679326,0.23912443242028972,DA45_ZL000043,DA34,0.2694773923698674,0.2694773923698674,0.0,0.1587301587301587,DA34_DA45,1.0,0.041666666666666664,DA34_ZL000043,DA45_ZL000043,0.0,0.0,18.57142857142857,0.0,0.0
ZL000043,DA45,0.574,0.09137698514283685,528.1669274847995,0.0,0.7217472521029757,-0.1477472521029758,-261.69,0.0,-50.872219603679326,0.23912443242028972,DA45_ZL000043,DA35,2.730465331104447,2.730454222407619,0.0,0.1587301587301587,DA35_DA45,1.230499979832588,0.0512708324930245,DA35_ZL000043,DA45_ZL000043,0.0,0.0,18.57142857142857,0.0,0.0
ZL000043,DA45,0.574,0.09137698514283685,528.1669274847995,0.0,0.7217472521029757,-0.1477472521029758,-261.69,0.0,-50.872219603679326,0.23912443242028972,DA45_ZL000043,DA38,1.6266777618036885,1.6266777618036885,0.0,0.1587301587301587,DA38_DA45,1.0,0.041666666666666664,DA38_ZL000043,DA45_ZL000043,0.0,0.0,18.57142857142857,0.0,0.0
ZL000043,DA45,0.574,0.09137698514283685,528.1669274847995,0.0,0.7217472521029757,-0.1477472521029758,-261.69,0.0,-50.872219603679326,0.23912443242028972,DA45_ZL000043,DA46,0.8501195498429258,0.8501195498429258,0.0,0.1587301587301587,DA46_DA45,1.230499979832588,0.0512708324930245,DA46_ZL000043,DA45_ZL000043,0.0,0.0,18.57142857142857,0.0,0.0
ZL000043,DA39,0.0,0.0050546191968317,-100.0,0.0,0.0,0.0,-100.0,0.0,-50.872219603679326,0.0050546191968317,DA39_ZL000043,DA34,0.2694773923698674,0.2694773923698674,0.0,0.1587301587301587,DA34_DA39,0.7900523334733707,0.03291884722805711,DA34_ZL000043,DA39_ZL000043,0.0,0.0,18.57142857142857,0.0,0.0
ZL000043,DA39,0.0,0.0050546191968317,-100.0,0.0,0.0,0.0,-100.0,0.0,-50.872219603679326,0.0050546191968317,DA39_ZL000043,DA35,2.730465331104447,2.730454222407619,0.0,0.1587301587301587,DA35_DA39,1.0,0.041666666666666664,DA35_ZL000043,DA39_ZL000043,0.0,0.0,18.57142857142857,0.0,0.0
ZL000043,DA39,0.0,0.0050546191968317,-100.0,0.0,0.0,0.0,-100.0,0.0,-50.872219603679326,0.0050546191968317,DA39_ZL000043,DA38,1.6266777618036885,1.6266777618036885,0.0,0.1587301587301587,DA38_DA39,0.8574015485163325,0.035725064521513854,DA38_ZL000043,DA39_ZL000043,0.0,0.0,18.57142857142857,0.0,0.0
ZL000043,DA39,0.0,0.0050546191968317,-100.0,0.0,0.0,0.0,-100.0,0.0,-50.872219603679326,0.0050546191968317,DA39_ZL000043,DA46,0.8501195498429258,0.8501195498429258,0.0,0.1587301587301587,DA46_DA39,1.0,0.041666666666666664,DA46_ZL000043,DA39_ZL000043,0.0,0.0,18.57142857142857,0.0,0.0
ZL000043,DA42,0.0,0.0050546191968317,-100.0,0.0,0.0,0.0,-100.0,0.0,-50.872219603679326,0.0050546191968317,DA42_ZL000043,DA34,0.2694773923698674,0.2694773923698674,0.0,0.1587301587301587,DA34_DA42,0.8194037091391021,0.03414182121412925,DA34_ZL000043,DA42_ZL000043,0.0,0.0,18.57142857142857,0.0,0.0
ZL000043,DA42,0.0,0.0050546191968317,-100.0,0.0,0.0,0.0,-100.0,0.0,-50.872219603679326,0.0050546191968317,DA42_ZL000043,DA35,2.730465331104447,2.730454222407619,0.0,0.1587301587301587,DA35_DA42,1.0,0.041666666666666664,DA35_ZL000043,DA42_ZL000043,0.0,0.0,18.57142857142857,0.0,0.0
ZL000043,DA42,0.0,0.0050546191968317,-100.0,0.0,0.0,0.0,-100.0,0.0,-50.872219603679326,0.0050546191968317,DA42_ZL000043,DA38,1.6266777618036885,1.6266777618036885,0.0,0.1587301587301587,DA38_DA42,0.8867529241820639,0.036948038507586,DA38_ZL000043,DA42_ZL000043,0.0,0.0,18.57142857142857,0.0,0.0
ZL000043,DA42,0.0,0.0050546191968317,-100.0,0.0,0.0,0.0,-100.0,0.0,-50.872219603679326,0.0050546191968317,DA42_ZL000043,DA46,0.8501195498429258,0.8501195498429258,0.0,0.1587301587301587,DA46_DA42,1.0,0.041666666666666664,DA46_ZL000043,DA42_ZL000043,0.0,0.0,18.57142857142857,0.0,0.0
ZL000043,DA33,0.0,0.001476661916069541,-100.0,0.0,0.0,0.0,-100.0,0.0,-50.872219603679326,0.001476661916069541,DA33_ZL000043,DA34,0.2694773923698674,0.2694773923698674,0.0,0.1587301587301587,DA34_DA33,0.5140843776294046,0.02142018240122519,DA34_ZL000043,DA33_ZL000043,0.0,0.0,18.57142857142857,0.0,0.0
ZL000043,DA33,0.0,0.001476661916069541,-100.0,0.0,0.0,0.0,-100.0,0.0,-50.872219603679326,0.001476661916069541,DA33_ZL000043,DA35,2.730465331104447,2.730454222407619,0.0,0.1587301587301587,DA35_DA33,1.0,0.041666666666666664,DA35_ZL000043,DA33_ZL000043,0.0,0.0,18.57142857142857,0.0,0.0
ZL000043,DA33,0.0,0.001476661916069541,-100.0,0.0,0.0,0.0,-100.0,0.0,-50.872219603679326,0.001476661916069541,DA33_ZL000043,DA38,1.6266777618036885,1.6266777618036885,0.0,0.1587301587301587,DA38_DA33,0.5814335926723664,0.024226399694681933,DA38_ZL000043,DA33_ZL000043,0.0,0.0,18.57142857142857,0.0,0.0
ZL000043,DA33,0.0,0.001476661916069541,-100.0,0.0,0.0,0.0,-100.0,0.0,-50.872219603679326,0.001476661916069541,DA33_ZL000043,DA46,0.8501195498429258,0.8501195498429258,0.0,0.1587301587301587,DA46_DA33,1.0,0.041666666666666664,DA46_ZL000043,DA33_ZL000043,0.0,0.0,18.57142857142857,0.0,0.0
ZL000043,DA36,0.0,0.2516245426940095,-100.0,0.0,1.4611355103678725,-1.4611355103678725,-680.68,0.0,-50.872219603679326,1.7127579372095838,DA36_ZL000043,DA34,0.2694773923698674,0.2694773923698674,1.8216234368080568,0.1587301587301587,DA34_DA36,0.8081149823420368,0.033671457597584865,DA34_ZL000043,DA36_ZL000043,0.168,0.168,18.57142857142857,0.09808741582812615,1.8216234368080568
ZL000043,DA36,0.0,0.2516245426940095,-100.0,0.0,1.4611355103678725,-1.4611355103678725,-680.68,0.0,-50.872219603679326,1.7127579372095838,DA36_ZL000043,DA35,2.730465331104447,2.730454222407619,1.8216234368080568,0.1587301587301587,DA35_DA36,1.155992641604193,0.04816636006684138,DA35_ZL000043,DA36_ZL000043,0.168,0.168,18.57142857142857,0.09808741582812615,1.8216234368080568
ZL000043,DA36,0.0,0.2516245426940095,-100.0,0.0,1.4611355103678725,-1.4611355103678725,-680.68,0.0,-50.872219603679326,1.7127579372095838,DA36_ZL000043,DA38,1.6266777618036885,1.6266777618036885,1.8216234368080568,0.1587301587301587,DA38_DA36,0.8754641973849986,0.03647767489104161,DA38_ZL000043,DA36_ZL000043,0.168,0.168,18.57142857142857,0.09808741582812615,1.8216234368080568
ZL000043,DA36,0.0,0.2516245426940095,-100.0,0.0,1.4611355103678725,-1.4611355103678725,-680.68,0.0,-50.872219603679326,1.7127579372095838,DA36_ZL000043,DA46,0.8501195498429258,0.8501195498429258,1.8216234368080568,0.1587301587301587,DA46_DA36,1.155992641604193,0.04816636006684138,DA46_ZL000043,DA36_ZL000043,0.168,0.168,18.57142857142857,0.09808741582812615,1.8216234368080568
ZL000043,DA44,0.0,0.0050546191968317,-100.0,0.0,0.0,0.0,-100.0,0.0,-50.872219603679326,0.0050546191968317,DA44_ZL000043,DA34,0.2694773923698674,0.2694773923698674,0.0,0.1587301587301587,DA34_DA44,0.7900523334733707,0.03291884722805711,DA34_ZL000043,DA44_ZL000043,0.0,0.0,18.57142857142857,0.0,0.0
ZL000043,DA44,0.0,0.0050546191968317,-100.0,0.0,0.0,0.0,-100.0,0.0,-50.872219603679326,0.0050546191968317,DA44_ZL000043,DA35,2.730465331104447,2.730454222407619,0.0,0.1587301587301587,DA35_DA44,1.0,0.041666666666666664,DA35_ZL000043,DA44_ZL000043,0.0,0.0,18.57142857142857,0.0,0.0
ZL000043,DA44,0.0,0.0050546191968317,-100.0,0.0,0.0,0.0,-100.0,0.0,-50.872219603679326,0.0050546191968317,DA44_ZL000043,DA38,1.6266777618036885,1.6266777618036885,0.0,0.1587301587301587,DA38_DA44,0.8574015485163325,0.035725064521513854,DA38_ZL000043,DA44_ZL000043,0.0,0.0,18.57142857142857,0.0,0.0
ZL000043,DA44,0.0,0.0050546191968317,-100.0,0.0,0.0,0.0,-100.0,0.0,-50.872219603679326,0.0050546191968317,DA44_ZL000043,DA46,0.8501195498429258,0.8501195498429258,0.0,0.1587301587301587,DA46_DA44,1.0,0.041666666666666664,DA46_ZL000043,DA44_ZL000043,0.0,0.0,18.57142857142857,0.0,0.0
ZL000033,DA39,0.0,0.0050546191968317,-100.0,0.0,0.0,0.0,-100.0,0.0,2175.146663315082,0.11500000000000003,DA39_ZL000033,DA34,0.6774453378553686,0.6774453378553686,0.0,0.1709401709401709,DA34_DA39,0.7900523334733707,0.03291884722805711,DA34_ZL000033,DA39_ZL000033,0.0,0.0,26.41688443670151,0.0,0.0
ZL000033,DA39,0.0,0.0050546191968317,-100.0,0.0,0.0,0.0,-100.0,0.0,2175.146663315082,0.11500000000000003,DA39_ZL000033,DA38,0.32494529338288014,0.32494529338288014,0.0,0.1709401709401709,DA38_DA39,0.8574015485163325,0.035725064521513854,DA38_ZL000033,DA39_ZL000033,0.0,0.0,26.41688443670151,0.0,0.0
ZL000033,DA39,0.0,0.0050546191968317,-100.0,0.0,0.0,0.0,-100.0,0.0,2175.146663315082,0.11500000000000003,DA39_ZL000033,DA42,0.16744538105728307,0.1674453808031683,0.0,0.1709401709401709,DA42_DA39,1.144703650963527,0.04769598545681363,DA42_ZL000033,DA39_ZL000033,0.0,0.0,26.41688443670151,0.0,0.0
ZL000033,DA39,0.0,0.0050546191968317,-100.0,0.0,0.0,0.0,-100.0,0.0,2175.146663315082,0.11500000000000003,DA39_ZL000033,DA46,0.18994551295005974,0.1899453808031683,0.0,0.1709401709401709,DA46_DA39,1.0,0.041666666666666664,DA46_ZL000033,DA39_ZL000033,0.0,0.0,26.41688443670151,0.0,0.0
ZL000033,DA33,0.0,0.0050546191968317,-100.0,0.0,0.0,0.0,-100.0,0.0,2175.146663315082,0.11500000000000003,DA33_ZL000033,DA34,0.6774453378553686,0.6774453378553686,0.0,0.1709401709401709,DA34_DA33,0.5140843776294046,0.02142018240122519,DA34_ZL000033,DA33_ZL000033,0.0,0.0,26.41688443670151,0.0,0.0
ZL000033,DA33,0.0,0.0050546191968317,-100.0,0.0,0.0,0.0,-100.0,0.0,2175.146663315082,0.11500000000000003,DA33_ZL000033,DA38,0.32494529338288014,0.32494529338288014,0.0,0.1709401709401709,DA38_DA33,0.5814335926723664,0.024226399694681933,DA38_ZL000033,DA33_ZL000033,0.0,0.0,26.41688443670151,0.0,0.0
ZL000033,DA33,0.0,0.0050546191968317,-100.0,0.0,0.0,0.0,-100.0,0.0,2175.146663315082,0.11500000000000003,DA33_ZL000033,DA42,0.16744538105728307,0.1674453808031683,0.0,0.1709401709401709,DA42_DA33,0.868735695119561,0.036197320629981704,DA42_ZL000033,DA33_ZL000033,0.0,0.0,26.41688443670151,0.0,0.0
ZL000033,DA33,0.0,0.0050546191968317,-100.0,0.0,0.0,0.0,-100.0,0.0,2175.146663315082,0.11500000000000003,DA33_ZL000033,DA46,0.18994551295005974,0.1899453808031683,0.0,0.1709401709401709,DA46_DA33,1.0,0.041666666666666664,DA46_ZL000033,DA33_ZL000033,0.0,0.0,26.41688443670151,0.0,0.0
ZL000033,DA45,0.0,0.0050546191968317,-100.0,0.0,0.0,0.0,-100.0,0.0,2175.146663315082,0.11500000000000003,DA45_ZL000033,DA34,0.6774453378553686,0.6774453378553686,0.0,0.1709401709401709,DA34_DA45,1.0,0.041666666666666664,DA34_ZL000033,DA45_ZL000033,0.0,0.0,26.41688443670151,0.0,0.0
ZL000033,DA45,0.0,0.0050546191968317,-100.0,0.0,0.0,0.0,-100.0,0.0,2175.146663315082,0.11500000000000003,DA45_ZL000033,DA38,0.32494529338288014,0.32494529338288014,0.0,0.1709401709401709,DA38_DA45,1.0,0.041666666666666664,DA38_ZL000033,DA45_ZL000033,0.0,0.0,26.41688443670151,0.0,0.0
ZL000033,DA45,0.0,0.0050546191968317,-100.0,0.0,0.0,0.0,-100.0,0.0,2175.146663315082,0.11500000000000003,DA45_ZL000033,DA42,0.16744538105728307,0.1674453808031683,0.0,0.1709401709401709,DA42_DA45,1.0,0.041666666666666664,DA42_ZL000033,DA45_ZL000033,0.0,0.0,26.41688443670151,0.0,0.0
ZL000033,DA45,0.0,0.0050546191968317,-100.0,0.0,0.0,0.0,-100.0,0.0,2175.146663315082,0.11500000000000003,DA45_ZL000033,DA46,0.18994551295005974,0.1899453808031683,0.0,0.1709401709401709,DA46_DA45,1.230499979832588,0.0512708324930245,DA46_ZL000033,DA45_ZL000033,0.0,0.0,26.41688443670151,0.0,0.0
ZL000033,DA35,0.0,0.0050546191968317,-100.0,0.0,0.0,0.0,-100.0,0.0,2175.146663315082,0.11500000000000003,DA35_ZL000033,DA34,0.6774453378553686,0.6774453378553686,0.0,0.1709401709401709,DA34_DA35,1.0,0.041666666666666664,DA34_ZL000033,DA35_ZL000033,0.0,0.0,26.41688443670151,0.0,0.0
ZL000033,DA35,0.0,0.0050546191968317,-100.0,0.0,0.0,0.0,-100.0,0.0,2175.146663315082,0.11500000000000003,DA35_ZL000033,DA38,0.32494529338288014,0.32494529338288014,0.0,0.1709401709401709,DA38_DA35,1.0,0.041666666666666664,DA38_ZL000033,DA35_ZL000033,0.0,0.0,26.41688443670151,0.0,0.0
ZL000033,DA35,0.0,0.0050546191968317,-100.0,0.0,0.0,0.0,-100.0,0.0,2175.146663315082,0.11500000000000003,DA35_ZL000033,DA42,0.16744538105728307,0.1674453808031683,0.0,0.1709401709401709,DA42_DA35,1.0,0.041666666666666664,DA42_ZL000033,DA35_ZL000033,0.0,0.0,26.41688443670151,0.0,0.0
ZL000033,DA35,0.0,0.0050546191968317,-100.0,0.0,0.0,0.0,-100.0,0.0,2175.146663315082,0.11500000000000003,DA35_ZL000033,DA46,0.18994551295005974,0.1899453808031683,0.0,0.1709401709401709,DA46_DA35,1.264366951754586,0.052681956323107744,DA46_ZL000033,DA35_ZL000033,0.0,0.0,26.41688443670151,0.0,0.0
ZL000033,DA36,0.0,0.0050546191968317,-100.0,0.0,0.0,0.0,-100.0,0.0,2175.146663315082,0.11500000000000003,DA36_ZL000033,DA34,0.6774453378553686,0.6774453378553686,0.0,0.1709401709401709,DA34_DA36,0.8081149823420368,0.033671457597584865,DA34_ZL000033,DA36_ZL000033,0.0,0.0,26.41688443670151,0.0,0.0
ZL000033,DA36,0.0,0.0050546191968317,-100.0,0.0,0.0,0.0,-100.0,0.0,2175.146663315082,0.11500000000000003,DA36_ZL000033,DA38,0.32494529338288014,0.32494529338288014,0.0,0.1709401709401709,DA38_DA36,0.8754641973849986,0.03647767489104161,DA38_ZL000033,DA36_ZL000033,0.0,0.0,26.41688443670151,0.0,0.0
ZL000033,DA36,0.0,0.0050546191968317,-100.0,0.0,0.0,0.0,-100.0,0.0,2175.146663315082,0.11500000000000003,DA36_ZL000033,DA42,0.16744538105728307,0.1674453808031683,0.0,0.1709401709401709,DA42_DA36,1.162766299832193,0.048448595826341374,DA42_ZL000033,DA36_ZL000033,0.0,0.0,26.41688443670151,0.0,0.0
ZL000033,DA36,0.0,0.0050546191968317,-100.0,0.0,0.0,0.0,-100.0,0.0,2175.146663315082,0.11500000000000003,DA36_ZL000033,DA46,0.18994551295005974,0.1899453808031683,0.0,0.1709401709401709,DA46_DA36,1.155992641604193,0.04816636006684138,DA46_ZL000033,DA36_ZL000033,0.0,0.0,26.41688443670151,0.0,0.0
ZL000033,DA44,0.0,0.0050546191968317,-100.0,0.0,0.0,0.0,-100.0,0.0,2175.146663315082,0.11500000000000003,DA44_ZL000033,DA34,0.6774453378553686,0.6774453378553686,0.0,0.1709401709401709,DA34_DA44,0.7900523334733707,0.03291884722805711,DA34_ZL000033,DA44_ZL000033,0.0,0.0,26.41688443670151,0.0,0.0
ZL000033,DA44,0.0,0.0050546191968317,-100.0,0.0,0.0,0.0,-100.0,0.0,2175.146663315082,0.11500000000000003,DA44_ZL000033,DA38,0.32494529338288014,0.32494529338288014,0.0,0.1709401709401709,DA38_DA44,0.8574015485163325,0.035725064521513854,DA38_ZL000033,DA44_ZL000033,0.0,0.0,26.41688443670151,0.0,0.0
ZL000033,DA44,0.0,0.0050546191968317,-100.0,0.0,0.0,0.0,-100.0,0.0,2175.146663315082,0.11500000000000003,DA44_ZL000033,DA42,0.16744538105728307,0.1674453808031683,0.0,0.1709401709401709,DA42_DA44,1.144703650963527,0.04769598545681363,DA42_ZL000033,DA44_ZL000033,0.0,0.0,26.41688443670151,0.0,0.0
ZL000033,DA44,0.0,0.0050546191968317,-100.0,0.0,0.0,0.0,-100.0,0.0,2175.146663315082,0.11500000000000003,DA44_ZL000033,DA46,0.18994551295005974,0.1899453808031683,0.0,0.1709401709401709,DA46_DA44,1.0,0.041666666666666664,DA46_ZL000033,DA44_ZL000033,0.0,0.0,26.41688443670151,0.0,0.0
ZL000033,DA37,0.0,0.0050546191968317,-100.0,0.0,0.0,0.0,-100.0,0.0,2175.146663315082,0.11500000000000003,DA37_ZL000033,DA34,0.6774453378553686,0.6774453378553686,0.0,0.1709401709401709,DA34_DA37,0.8194037091391021,0.03414182121412925,DA34_ZL000033,DA37_ZL000033,0.0,0.0,26.41688443670151,0.0,0.0
ZL000033,DA37,0.0,0.0050546191968317,-100.0,0.0,0.0,0.0,-100.0,0.0,2175.146663315082,0.11500000000000003,DA37_ZL000033,DA38,0.32494529338288014,0.32494529338288014,0.0,0.1709401709401709,DA38_DA37,0.8867529241820639,0.036948038507586,DA38_ZL000033,DA37_ZL000033,0.0,0.0,26.41688443670151,0.0,0.0
ZL000033,DA37,0.0,0.0050546191968317,-100.0,0.0,0.0,0.0,-100.0,0.0,2175.146663315082,0.11500000000000003,DA37_ZL000033,DA42,0.16744538105728307,0.1674453808031683,0.0,0.1709401709401709,DA42_DA37,1.174055026629258,0.04891895944288575,DA42_ZL000033,DA37_ZL000033,0.0,0.0,26.41688443670151,0.0,0.0
ZL000033,DA37,0.0,0.0050546191968317,-100.0,0.0,0.0,0.0,-100.0,0.0,2175.146663315082,0.11500000000000003,DA37_ZL000033,DA46,0.18994551295005974,0.1899453808031683,0.0,0.1709401709401709,DA46_DA37,1.0,0.041666666666666664,DA46_ZL000033,DA37_ZL000033,0.0,0.0,26.41688443670151,0.0,0.0
ZL000033,DA40,0.0,0.0050546191968317,-100.0,0.0,0.0,0.0,-100.0,0.0,2175.146663315082,0.11500000000000003,DA40_ZL000033,DA34,0.6774453378553686,0.6774453378553686,0.0,0.1709401709401709,DA34_DA40,0.9084855858442228,0.037853566076842614,DA34_ZL000033,DA40_ZL000033,0.0,0.0,26.41688443670151,0.0,0.0
ZL000033,DA40,0.0,0.0050546191968317,-100.0,0.0,0.0,0.0,-100.0,0.0,2175.146663315082,0.11500000000000003,DA40_ZL000033,DA38,0.32494529338288014,0.32494529338288014,0.0,0.1709401709401709,DA38_DA40,0.9758348008871847,0.04065978337029936,DA38_ZL000033,DA40_ZL000033,0.0,0.0,26.41688443670151,0.0,0.0
ZL000033,DA40,0.0,0.0050546191968317,-100.0,0.0,0.0,0.0,-100.0,0.0,2175.146663315082,0.11500000000000003,DA40_ZL000033,DA42,0.16744538105728307,0.1674453808031683,0.0,0.1709401709401709,DA42_DA40,1.263136903334379,0.05263070430559912,DA42_ZL000033,DA40_ZL000033,0.0,0.0,26.41688443670151,0.0,0.0
ZL000033,DA40,0.0,0.0050546191968317,-100.0,0.0,0.0,0.0,-100.0,0.0,2175.146663315082,0.11500000000000003,DA40_ZL000033,DA46,0.18994551295005974,0.1899453808031683,0.0,0.1709401709401709,DA46_DA40,1.0,0.041666666666666664,DA46_ZL000033,DA40_ZL000033,0.0,0.0,26.41688443670151,0.0,0.0
ZL000010,DA36,0.1575,0.05832417025024153,170.04241864777796,0.0,0.42219570996503814,-0.2646957099650381,-553.84,0.0,176.22208175817283,0.4258026514970943,DA36_ZL000010,DA34,0.059246688182362346,0.059246688182362346,0.0,0.1709401709401709,DA34_DA36,0.8081149823420368,0.033671457597584865,DA34_ZL000010,DA36_ZL000010,0.0,0.0,26.41688443670151,0.0,0.0
ZL000010,DA36,0.1575,0.05832417025024153,170.04241864777796,0.0,0.42219570996503814,-0.2646957099650381,-553.84,0.0,176.22208175817283,0.4258026514970943,DA36_ZL000010,DA35,0.04267535736684599,0.04267528270279436,0.0,0.1709401709401709,DA35_DA36,1.155992641604193,0.04816636006684138,DA35_ZL000010,DA36_ZL000010,0.0,0.0,26.41688443670151,0.0,0.0
ZL000010,DA36,0.1575,0.05832417025024153,170.04241864777796,0.0,0.42219570996503814,-0.2646957099650381,-553.84,0.0,176.22208175817283,0.4258026514970943,DA36_ZL000010,DA39,0.028418831673018643,0.028418733567307508,0.0,0.1709401709401709,DA39_DA36,1.133414924166462,0.047225621840269245,DA39_ZL000010,DA36_ZL000010,0.0,0.0,26.41688443670151,0.0,0.0
ZL000010,DA36,0.1575,0.05832417025024153,170.04241864777796,0.0,0.42219570996503814,-0.2646957099650381,-553.84,0.0,176.22208175817283,0.4258026514970943,DA36_ZL000010,DA40,2.0085563272593885,2.0085563272593885,0.0,0.1709401709401709,DA40_DA36,1.251848176537314,0.05216034068905475,DA40_ZL000010,DA36_ZL000010,0.0,0.0,26.41688443670151,0.0,0.0
ZL000010,DA36,0.1575,0.05832417025024153,170.04241864777796,0.0,0.42219570996503814,-0.2646957099650381,-553.84,0.0,176.22208175817283,0.4258026514970943,DA36_ZL000010,DA42,0.24256185678437112,0.2425615264709618,0.0,0.1709401709401709,DA42_DA36,1.162766299832193,0.048448595826341374,DA42_ZL000010,DA36_ZL000010,0.0,0.0,26.41688443670151,0.0,0.0
ZL000010,DA36,0.1575,0.05832417025024153,170.04241864777796,0.0,0.42219570996503814,-0.2646957099650381,-553.84,0.0,176.22208175817283,0.4258026514970943,DA36_ZL000010,DA46,0.005957410173280848,0.005956684608326095,0.0,0.1709401709401709,DA46_DA36,1.155992641604193,0.04816636006684138,DA46_ZL000010,DA36_ZL000010,0.0,0.0,26.41688443670151,0.0,0.0
ZL000010,DA37,0.1125,0.03345553205809845,236.26725710006323,0.0,0.17221140801205503,-0.05971140801205503,-278.48,0.0,176.22208175817283,0.15212300073144655,DA37_ZL000010,DA34,0.059246688182362346,0.059246688182362346,0.0,0.1709401709401709,DA34_DA37,0.8194037091391021,0.03414182121412925,DA34_ZL000010,DA37_ZL000010,0.0,0.0,26.41688443670151,0.0,0.0
ZL000010,DA37,0.1125,0.03345553205809845,236.26725710006323,0.0,0.17221140801205503,-0.05971140801205503,-278.48,0.0,176.22208175817283,0.15212300073144655,DA37_ZL000010,DA35,0.04267535736684599,0.04267528270279436,0.0,0.1709401709401709,DA35_DA37,1.0,0.041666666666666664,DA35_ZL000010,DA37_ZL000010,0.0,0.0,26.41688443670151,0.0,0.0
ZL000010,DA37,0.1125,0.03345553205809845,236.26725710006323,0.0,0.17221140801205503,-0.05971140801205503,-278.48,0.0,176.22208175817283,0.15212300073144655,DA37_ZL000010,DA39,0.028418831673018643,0.028418733567307508,0.0,0.1709401709401709,DA39_DA37,1.144703650963527,0.04769598545681363,DA39_ZL000010,DA37_ZL000010,0.0,0.0,26.41688443670151,0.0,0.0
ZL000010,DA37,0.1125,0.03345553205809845,236.26725710006323,0.0,0.17221140801205503,-0.05971140801205503,-278.48,0.0,176.22208175817283,0.15212300073144655,DA37_ZL000010,DA40,2.0085563272593885,2.0085563272593885,0.0,0.1709401709401709,DA40_DA37,1.263136903334379,0.05263070430559912,DA40_ZL000010,DA37_ZL000010,0.0,0.0,26.41688443670151,0.0,0.0
ZL000010,DA37,0.1125,0.03345553205809845,236.26725710006323,0.0,0.17221140801205503,-0.05971140801205503,-278.48,0.0,176.22208175817283,0.15212300073144655,DA37_ZL000010,DA42,0.24256185678437112,0.2425615264709618,0.0,0.1709401709401709,DA42_DA37,1.174055026629258,0.04891895944288575,DA42_ZL000010,DA37_ZL000010,0.0,0.0,26.41688443670151,0.0,0.0
ZL000010,DA37,0.1125,0.03345553205809845,236.26725710006323,0.0,0.17221140801205503,-0.05971140801205503,-278.48,0.0,176.22208175817283,0.15212300073144655,DA37_ZL000010,DA46,0.005957410173280848,0.005956684608326095,0.0,0.1709401709401709,DA46_DA37,1.0,0.041666666666666664,DA46_ZL000010,DA37_ZL000010,0.0,0.0,26.41688443670151,0.0,0.0
ZL000010,DA38,0.2325,0.05042477235891134,361.0828946239385,0.0,0.22591173954269578,0.006588260457304235,-86.93,0.0,176.22208175817283,0.1326938381842949,DA38_ZL000010,DA34,0.059246688182362346,0.059246688182362346,0.0,0.1709401709401709,DA34_DA38,0.5321016066919075,0.02217090027882948,DA34_ZL000010,DA38_ZL000010,0.0,0.0,26.41688443670151,0.0,0.0
ZL000010,DA38,0.2325,0.05042477235891134,361.0828946239385,0.0,0.22591173954269578,0.006588260457304235,-86.93,0.0,176.22208175817283,0.1326938381842949,DA38_ZL000010,DA35,0.04267535736684599,0.04267528270279436,0.0,0.1709401709401709,DA35_DA38,1.0,0.041666666666666664,DA35_ZL000010,DA38_ZL000010,0.0,0.0,26.41688443670151,0.0,0.0
ZL000010,DA38,0.2325,0.05042477235891134,361.0828946239385,0.0,0.22591173954269578,0.006588260457304235,-86.93,0.0,176.22208175817283,0.1326938381842949,DA38_ZL000010,DA39,0.028418831673018643,0.028418733567307508,0.0,0.1709401709401709,DA39_DA38,0.8574015485163325,0.035725064521513854,DA39_ZL000010,DA38_ZL000010,0.0,0.0,26.41688443670151,0.0,0.0
ZL000010,DA38,0.2325,0.05042477235891134,361.0828946239385,0.0,0.22591173954269578,0.006588260457304235,-86.93,0.0,176.22208175817283,0.1326938381842949,DA38_ZL000010,DA40,2.0085563272593885,2.0085563272593885,0.0,0.1709401709401709,DA40_DA38,0.9758348008871847,0.04065978337029936,DA40_ZL000010,DA38_ZL000010,0.0,0.0,26.41688443670151,0.0,0.0
ZL000010,DA38,0.2325,0.05042477235891134,361.0828946239385,0.0,0.22591173954269578,0.006588260457304235,-86.93,0.0,176.22208175817283,0.1326938381842949,DA38_ZL000010,DA42,0.24256185678437112,0.2425615264709618,0.0,0.1709401709401709,DA42_DA38,0.8867529241820639,0.036948038507586,DA42_ZL000010,DA38_ZL000010,0.0,0.0,26.41688443670151,0.0,0.0
ZL000010,DA38,0.2325,0.05042477235891134,361.0828946239385,0.0,0.22591173954269578,0.006588260457304235,-86.93,0.0,176.22208175817283,0.1326938381842949,DA38_ZL000010,DA46,0.005957410173280848,0.005956684608326095,0.0,0.1709401709401709,DA46_DA38,1.0,0.041666666666666664,DA46_ZL000010,DA38_ZL000010,0.0,0.0,26.41688443670151,0.0,0.0
ZL000010,DA44,0.03000000000000001,0.04706824643560364,-36.26276253770263,0.0,0.23850354141884614,-0.20850354141884614,-542.98,0.0,176.22208175817283,0.3385158082119284,DA44_ZL000010,DA34,0.059246688182362346,0.059246688182362346,0.5852802984941365,0.1709401709401709,DA34_DA44,0.7900523334733707,0.03291884722805711,DA34_ZL000010,DA44_ZL000010,0.007500000000000001,0.007500000000000001,26.41688443670151,0.022155538435902566,0.5852802984941365
ZL000010,DA44,0.03000000000000001,0.04706824643560364,-36.26276253770263,0.0,0.23850354141884614,-0.20850354141884614,-542.98,0.0,176.22208175817283,0.3385158082119284,DA44_ZL000010,DA35,0.04267535736684599,0.04267528270279436,0.5852802984941365,0.1709401709401709,DA35_DA44,1.0,0.041666666666666664,DA35_ZL000010,DA44_ZL000010,0.007500000000000001,0.007500000000000001,26.41688443670151,0.022155538435902566,0.5852802984941365
ZL000010,DA44,0.03000000000000001,0.04706824643560364,-36.26276253770263,0.0,0.23850354141884614,-0.20850354141884614,-542.98,0.0,176.22208175817283,0.3385158082119284,DA44_ZL000010,DA39,0.028418831673018643,0.028418733567307508,0.5852802984941365,0.1709401709401709,DA39_DA44,1.115352275297796,0.0464730114707415,DA39_ZL000010,DA44_ZL000010,0.007500000000000001,0.007500000000000001,26.41688443670151,0.022155538435902566,0.5852802984941365
ZL000010,DA44,0.03000000000000001,0.04706824643560364,-36.26276253770263,0.0,0.23850354141884614,-0.20850354141884614,-542.98,0.0,176.22208175817283,0.3385158082119284,DA44_ZL000010,DA40,2.0085563272593885,2.0085563272593885,0.5852802984941365,0.1709401709401709,DA40_DA44,1.233785527668648,0.051407730319527,DA40_ZL000010,DA44_ZL000010,0.007500000000000001,0.007500000000000001,26.41688443670151,0.022155538435902566,0.5852802984941365
ZL000010,DA44,0.03000000000000001,0.04706824643560364,-36.26276253770263,0.0,0.23850354141884614,-0.20850354141884614,-542.98,0.0,176.22208175817283,0.3385158082119284,DA44_ZL000010,DA42,0.24256185678437112,0.2425615264709618,0.5852802984941365,0.1709401709401709,DA42_DA44,1.144703650963527,0.04769598545681363,DA42_ZL000010,DA44_ZL000010,0.007500000000000001,0.007500000000000001,26.41688443670151,0.022155538435902566,0.5852802984941365
ZL000010,DA44,0.03000000000000001,0.04706824643560364,-36.26276253770263,0.0,0.23850354141884614,-0.20850354141884614,-542.98,0.0,176.22208175817283,0.3385158082119284,DA44_ZL000010,DA46,0.005957410173280848,0.005956684608326095,0.5852802984941365,0.1709401709401709,DA46_DA44,1.0,0.041666666666666664,DA46_ZL000010,DA44_ZL000010,0.007500000000000001,0.007500000000000001,26.41688443670151,0.022155538435902566,0.5852802984941365
ZL000010,DA45,0.0675,0.03136827167116516,115.18558850677267,0.0,0.18406251566019638,-0.11656251566019638,-471.59,0.0,176.22208175817283,0.20320745372453422,DA45_ZL000010,DA34,0.059246688182362346,0.059246688182362346,0.0,0.1709401709401709,DA34_DA45,1.0,0.041666666666666664,DA34_ZL000010,DA45_ZL000010,0.0,0.0,26.41688443670151,0.0,0.0
ZL000010,DA45,0.0675,0.03136827167116516,115.18558850677267,0.0,0.18406251566019638,-0.11656251566019638,-471.59,0.0,176.22208175817283,0.20320745372453422,DA45_ZL000010,DA35,0.04267535736684599,0.04267528270279436,0.0,0.1709401709401709,DA35_DA45,1.230499979832588,0.0512708324930245,DA35_ZL000010,DA45_ZL000010,0.0,0.0,26.41688443670151,0.0,0.0
ZL000010,DA45,0.0675,0.03136827167116516,115.18558850677267,0.0,0.18406251566019638,-0.11656251566019638,-471.59,0.0,176.22208175817283,0.20320745372453422,DA45_ZL000010,DA39,0.028418831673018643,0.028418733567307508,0.0,0.1709401709401709,DA39_DA45,1.0,0.041666666666666664,DA39_ZL000010,DA45_ZL000010,0.0,0.0,26.41688443670151,0.0,0.0
ZL000010,DA45,0.0675,0.03136827167116516,115.18558850677267,0.0,0.18406251566019638,-0.11656251566019638,-471.59,0.0,176.22208175817283,0.20320745372453422,DA45_ZL000010,DA40,2.0085563272593885,2.0085563272593885,0.0,0.1709401709401709,DA40_DA45,1.0,0.041666666666666664,DA40_ZL000010,DA45_ZL000010,0.0,0.0,26.41688443670151,0.0,0.0
ZL000010,DA45,0.0675,0.03136827167116516,115.18558850677267,0.0,0.18406251566019638,-0.11656251566019638,-471.59,0.0,176.22208175817283,0.20320745372453422,DA45_ZL000010,DA42,0.24256185678437112,0.2425615264709618,0.0,0.1709401709401709,DA42_DA45,1.0,0.041666666666666664,DA42_ZL000010,DA45_ZL000010,0.0,0.0,26.41688443670151,0.0,0.0
ZL000010,DA45,0.0675,0.03136827167116516,115.18558850677267,0.0,0.18406251566019638,-0.11656251566019638,-471.59,0.0,176.22208175817283,0.20320745372453422,DA45_ZL000010,DA46,0.005957410173280848,0.005956684608326095,0.0,0.1709401709401709,DA46_DA45,1.230499979832588,0.0512708324930245,DA46_ZL000010,DA45_ZL000010,0.0,0.0,26.41688443670151,0.0,0.0
ZL000010,DA33,0.0,0.07346576978943274,-100.0,0.0,0.2703533932232262,-0.2703533932232262,-468.0,0.0,176.22208175817283,0.47328271151715046,DA33_ZL000010,DA34,0.059246688182362346,0.059246688182362346,0.0,0.1709401709401709,DA34_DA33,0.5140843776294046,0.02142018240122519,DA34_ZL000010,DA33_ZL000010,0.0,0.0,26.41688443670151,0.0,0.0
ZL000010,DA33,0.0,0.07346576978943274,-100.0,0.0,0.2703533932232262,-0.2703533932232262,-468.0,0.0,176.22208175817283,0.47328271151715046,DA33_ZL000010,DA35,0.04267535736684599,0.04267528270279436,0.0,0.1709401709401709,DA35_DA33,1.0,0.041666666666666664,DA35_ZL000010,DA33_ZL000010,0.0,0.0,26.41688443670151,0.0,0.0
ZL000010,DA33,0.0,0.07346576978943274,-100.0,0.0,0.2703533932232262,-0.2703533932232262,-468.0,0.0,176.22208175817283,0.47328271151715046,DA33_ZL000010,DA39,0.028418831673018643,0.028418733567307508,0.0,0.1709401709401709,DA39_DA33,0.8393843194538297,0.034974346643909575,DA39_ZL000010,DA33_ZL000010,0.0,0.0,26.41688443670151,0.0,0.0
ZL000010,DA33,0.0,0.07346576978943274,-100.0,0.0,0.2703533932232262,-0.2703533932232262,-468.0,0.0,176.22208175817283,0.47328271151715046,DA33_ZL000010,DA40,2.0085563272593885,2.0085563272593885,0.0,0.1709401709401709,DA40_DA33,0.9578175718246816,0.039909065492695066,DA40_ZL000010,DA33_ZL000010,0.0,0.0,26.41688443670151,0.0,0.0
ZL000010,DA33,0.0,0.07346576978943274,-100.0,0.0,0.2703533932232262,-0.2703533932232262,-468.0,0.0,176.22208175817283,0.47328271151715046,DA33_ZL000010,DA42,0.24256185678437112,0.2425615264709618,0.0,0.1709401709401709,DA42_DA33,0.868735695119561,0.036197320629981704,DA42_ZL000010,DA33_ZL000010,0.0,0.0,26.41688443670151,0.0,0.0
ZL000010,DA33,0.0,0.07346576978943274,-100.0,0.0,0.2703533932232262,-0.2703533932232262,-468.0,0.0,176.22208175817283,0.47328271151715046,DA33_ZL000010,DA46,0.005957410173280848,0.005956684608326095,0.0,0.1709401709401709,DA46_DA33,1.0,0.041666666666666664,DA46_ZL000010,DA33_ZL000010,0.0,0.0,26.41688443670151,0.0,0.0
ZL000008,DA40,0.105,0.09310258712681443,12.77882091179719,0.0,0.0348978798426444,0.07010212015735559,-24.7,0.0,1062.0387745474006,1.011781914413869,DA40_ZL000008,DA34,0.01594530171832528,0.01594530171832528,0.0,0.1984126984126984,DA34_DA40,0.9084855858442228,0.037853566076842614,DA34_ZL000008,DA40_ZL000008,0.0,0.0,26.41688443670151,0.0,0.0
ZL000008,DA40,0.105,0.09310258712681443,12.77882091179719,0.0,0.0348978798426444,0.07010212015735559,-24.7,0.0,1062.0387745474006,1.011781914413869,DA40_ZL000008,DA35,0.061980642354184004,0.061980642354184004,0.0,0.1984126984126984,DA35_DA40,1.0,0.041666666666666664,DA35_ZL000008,DA40_ZL000008,0.0,0.0,26.41688443670151,0.0,0.0
ZL000008,DA40,0.105,0.09310258712681443,12.77882091179719,0.0,0.0348978798426444,0.07010212015735559,-24.7,0.0,1062.0387745474006,1.011781914413869,DA40_ZL000008,DA37,0.5321952951532932,0.5321952951532932,0.0,0.1984126984126984,DA37_DA40,1.263136903334379,0.05263070430559912,DA37_ZL000008,DA40_ZL000008,0.0,0.0,26.41688443670151,0.0,0.0
ZL000008,DA40,0.105,0.09310258712681443,12.77882091179719,0.0,0.0348978798426444,0.07010212015735559,-24.7,0.0,1062.0387745474006,1.011781914413869,DA40_ZL000008,DA38,0.26269513066429934,0.26269513066429934,0.0,0.1984126984126984,DA38_DA40,0.9758348008871847,0.04065978337029936,DA38_ZL000008,DA40_ZL000008,0.0,0.0,26.41688443670151,0.0,0.0
ZL000008,DA40,0.105,0.09310258712681443,12.77882091179719,0.0,0.0348978798426444,0.07010212015735559,-24.7,0.0,1062.0387745474006,1.011781914413869,DA40_ZL000008,DA42,0.013914466741310532,0.013914464942859837,0.0,0.1984126984126984,DA42_DA40,1.263136903334379,0.05263070430559912,DA42_ZL000008,DA40_ZL000008,0.0,0.0,26.41688443670151,0.0,0.0
ZL000008,DA40,0.105,0.09310258712681443,12.77882091179719,0.0,0.0348978798426444,0.07010212015735559,-24.7,0.0,1062.0387745474006,1.011781914413869,DA40_ZL000008,DA44,0.12094541175602988,0.1209453808031683,0.0,0.1984126984126984,DA44_DA40,1.233785527668648,0.051407730319527,DA44_ZL000008,DA40_ZL000008,0.0,0.0,26.41688443670151,0.0,0.0
ZL000008,DA40,0.105,0.09310258712681443,12.77882091179719,0.0,0.0348978798426444,0.07010212015735559,-24.7,0.0,1062.0387745474006,1.011781914413869,DA40_ZL000008,DA46,1.7851954625562165,1.7851953808031682,0.0,0.1984126984126984,DA46_DA40,1.0,0.041666666666666664,DA46_ZL000008,DA40_ZL000008,0.0,0.0,26.41688443670151,0.0,0.0
ZL000008,DA39,0.0,0.0050546191968317,-100.0,0.0,0.0,0.0,-100.0,0.0,1062.0387745474006,0.058736634972900756,DA39_ZL000008,DA34,0.01594530171832528,0.01594530171832528,0.0,0.1984126984126984,DA34_DA39,0.7900523334733707,0.03291884722805711,DA34_ZL000008,DA39_ZL000008,0.0,0.0,26.41688443670151,0.0,0.0
ZL000008,DA39,0.0,0.0050546191968317,-100.0,0.0,0.0,0.0,-100.0,0.0,1062.0387745474006,0.058736634972900756,DA39_ZL000008,DA35,0.061980642354184004,0.061980642354184004,0.0,0.1984126984126984,DA35_DA39,1.0,0.041666666666666664,DA35_ZL000008,DA39_ZL000008,0.0,0.0,26.41688443670151,0.0,0.0
ZL000008,DA39,0.0,0.0050546191968317,-100.0,0.0,0.0,0.0,-100.0,0.0,1062.0387745474006,0.058736634972900756,DA39_ZL000008,DA37,0.5321952951532932,0.5321952951532932,0.0,0.1984126984126984,DA37_DA39,1.144703650963527,0.04769598545681363,DA37_ZL000008,DA39_ZL000008,0.0,0.0,26.41688443670151,0.0,0.0
ZL000008,DA39,0.0,0.0050546191968317,-100.0,0.0,0.0,0.0,-100.0,0.0,1062.0387745474006,0.058736634972900756,DA39_ZL000008,DA38,0.26269513066429934,0.26269513066429934,0.0,0.1984126984126984,DA38_DA39,0.8574015485163325,0.035725064521513854,DA38_ZL000008,DA39_ZL000008,0.0,0.0,26.41688443670151,0.0,0.0
ZL000008,DA39,0.0,0.0050546191968317,-100.0,0.0,0.0,0.0,-100.0,0.0,1062.0387745474006,0.058736634972900756,DA39_ZL000008,DA42,0.013914466741310532,0.013914464942859837,0.0,0.1984126984126984,DA42_DA39,1.144703650963527,0.04769598545681363,DA42_ZL000008,DA39_ZL000008,0.0,0.0,26.41688443670151,0.0,0.0
ZL000008,DA39,0.0,0.0050546191968317,-100.0,0.0,0.0,0.0,-100.0,0.0,1062.0387745474006,0.058736634972900756,DA39_ZL000008,DA44,0.12094541175602988,0.1209453808031683,0.0,0.1984126984126984,DA44_DA39,1.115352275297796,0.0464730114707415,DA44_ZL000008,DA39_ZL000008,0.0,0.0,26.41688443670151,0.0,0.0
ZL000008,DA39,0.0,0.0050546191968317,-100.0,0.0,0.0,0.0,-100.0,0.0,1062.0387745474006,0.058736634972900756,DA39_ZL000008,DA46,1.7851954625562165,1.7851953808031682,0.0,0.1984126984126984,DA46_DA39,1.0,0.041666666666666664,DA46_ZL000008,DA39_ZL000008,0.0,0.0,26.41688443670151,0.0,0.0
ZL000008,DA33,0.0,0.0050546191968317,-100.0,0.0,0.0,0.0,-100.0,0.0,1062.0387745474006,0.058736634972900756,DA33_ZL000008,DA34,0.01594530171832528,0.01594530171832528,0.0,0.1984126984126984,DA34_DA33,0.5140843776294046,0.02142018240122519,DA34_ZL000008,DA33_ZL000008,0.0,0.0,26.41688443670151,0.0,0.0
ZL000008,DA33,0.0,0.0050546191968317,-100.0,0.0,0.0,0.0,-100.0,0.0,1062.0387745474006,0.058736634972900756,DA33_ZL000008,DA35,0.061980642354184004,0.061980642354184004,0.0,0.1984126984126984,DA35_DA33,1.0,0.041666666666666664,DA35_ZL000008,DA33_ZL000008,0.0,0.0,26.41688443670151,0.0,0.0
ZL000008,DA33,0.0,0.0050546191968317,-100.0,0.0,0.0,0.0,-100.0,0.0,1062.0387745474006,0.058736634972900756,DA33_ZL000008,DA37,0.5321952951532932,0.5321952951532932,0.0,0.1984126984126984,DA37_DA33,0.868735695119561,0.036197320629981704,DA37_ZL000008,DA33_ZL000008,0.0,0.0,26.41688443670151,0.0,0.0
ZL000008,DA33,0.0,0.0050546191968317,-100.0,0.0,0.0,0.0,-100.0,0.0,1062.0387745474006,0.058736634972900756,DA33_ZL000008,DA38,0.26269513066429934,0.26269513066429934,0.0,0.1984126984126984,DA38_DA33,0.5814335926723664,0.024226399694681933,DA38_ZL000008,DA33_ZL000008,0.0,0.0,26.41688443670151,0.0,0.0
ZL000008,DA33,0.0,0.0050546191968317,-100.0,0.0,0.0,0.0,-100.0,0.0,1062.0387745474006,0.058736634972900756,DA33_ZL000008,DA42,0.013914466741310532,0.013914464942859837,0.0,0.1984126984126984,DA42_DA33,0.868735695119561,0.036197320629981704,DA42_ZL000008,DA33_ZL000008,0.0,0.0,26.41688443670151,0.0,0.0
ZL000008,DA33,0.0,0.0050546191968317,-100.0,0.0,0.0,0.0,-100.0,0.0,1062.0387745474006,0.058736634972900756,DA33_ZL000008,DA44,0.12094541175602988,0.1209453808031683,0.0,0.1984126984126984,DA44_DA33,0.8393843194538297,0.034974346643909575,DA44_ZL000008,DA33_ZL000008,0.0,0.0,26.41688443670151,0.0,0.0
ZL000008,DA33,0.0,0.0050546191968317,-100.0,0.0,0.0,0.0,-100.0,0.0,1062.0387745474006,0.058736634972900756,DA33_ZL000008,DA46,1.7851954625562165,1.7851953808031682,0.0,0.1984126984126984,DA46_DA33,1.0,0.041666666666666664,DA46_ZL000008,DA33_ZL000008,0.0,0.0,26.41688443670151,0.0,0.0
ZL000008,DA45,0.0,0.007403226859239708,-100.0,0.0,0.0009807900870808558,-0.0009807900870808558,-113.25,0.0,1062.0387745474006,0.08700929423092237,DA45_ZL000008,DA34,0.01594530171832528,0.01594530171832528,0.0,0.1984126984126984,DA34_DA45,1.0,0.041666666666666664,DA34_ZL000008,DA45_ZL000008,0.0,0.0,26.41688443670151,0.0,0.0
ZL000008,DA45,0.0,0.007403226859239708,-100.0,0.0,0.0009807900870808558,-0.0009807900870808558,-113.25,0.0,1062.0387745474006,0.08700929423092237,DA45_ZL000008,DA35,0.061980642354184004,0.061980642354184004,0.0,0.1984126984126984,DA35_DA45,1.230499979832588,0.0512708324930245,DA35_ZL000008,DA45_ZL000008,0.0,0.0,26.41688443670151,0.0,0.0
ZL000008,DA45,0.0,0.007403226859239708,-100.0,0.0,0.0009807900870808558,-0.0009807900870808558,-113.25,0.0,1062.0387745474006,0.08700929423092237,DA45_ZL000008,DA37,0.5321952951532932,0.5321952951532932,0.0,0.1984126984126984,DA37_DA45,1.0,0.041666666666666664,DA37_ZL000008,DA45_ZL000008,0.0,0.0,26.41688443670151,0.0,0.0
ZL000008,DA45,0.0,0.007403226859239708,-100.0,0.0,0.0009807900870808558,-0.0009807900870808558,-113.25,0.0,1062.0387745474006,0.08700929423092237,DA45_ZL000008,DA38,0.26269513066429934,0.26269513066429934,0.0,0.1984126984126984,DA38_DA45,1.0,0.041666666666666664,DA38_ZL000008,DA45_ZL000008,0.0,0.0,26.41688443670151,0.0,0.0
ZL000008,DA45,0.0,0.007403226859239708,-100.0,0.0,0.0009807900870808558,-0.0009807900870808558,-113.25,0.0,1062.0387745474006,0.08700929423092237,DA45_ZL000008,DA42,0.013914466741310532,0.013914464942859837,0.0,0.1984126984126984,DA42_DA45,1.0,0.041666666666666664,DA42_ZL000008,DA45_ZL000008,0.0,0.0,26.41688443670151,0.0,0.0
ZL000008,DA45,0.0,0.007403226859239708,-100.0,0.0,0.0009807900870808558,-0.0009807900870808558,-113.25,0.0,1062.0387745474006,0.08700929423092237,DA45_ZL000008,DA44,0.12094541175602988,0.1209453808031683,0.0,0.1984126984126984,DA44_DA45,1.0,0.041666666666666664,DA44_ZL000008,DA45_ZL000008,0.0,0.0,26.41688443670151,0.0,0.0
ZL000008,DA45,0.0,0.007403226859239708,-100.0,0.0,0.0009807900870808558,-0.0009807900870808558,-113.25,0.0,1062.0387745474006,0.08700929423092237,DA45_ZL000008,DA46,1.7851954625562165,1.7851953808031682,0.0,0.1984126984126984,DA46_DA45,1.230499979832588,0.0512708324930245,DA46_ZL000008,DA45_ZL000008,0.0,0.0,26.41688443670151,0.0,0.0
ZL000008,DA36,0.0,0.1094607234553184,-100.0,0.0,0.025855983632869922,-0.025855983632869922,-123.62,0.0,1062.0387745474006,1.2978306723310473,DA36_ZL000008,DA34,0.01594530171832528,0.01594530171832528,26.41688443670151,0.1984126984126984,DA34_DA36,0.8081149823420368,0.033671457597584865,DA34_ZL000008,DA36_ZL000008,6.737500000000001,1.2978306723310473,26.41688443670151,1.0,26.41688443670151
ZL000008,DA36,0.0,0.1094607234553184,-100.0,0.0,0.025855983632869922,-0.025855983632869922,-123.62,0.0,1062.0387745474006,1.2978306723310473,DA36_ZL000008,DA35,0.061980642354184004,0.061980642354184004,26.41688443670151,0.1984126984126984,DA35_DA36,1.155992641604193,0.04816636006684138,DA35_ZL000008,DA36_ZL000008,6.737500000000001,1.2978306723310473,26.41688443670151,1.0,26.41688443670151
ZL000008,DA36,0.0,0.1094607234553184,-100.0,0.0,0.025855983632869922,-0.025855983632869922,-123.62,0.0,1062.0387745474006,1.2978306723310473,DA36_ZL000008,DA37,0.5321952951532932,0.5321952951532932,26.41688443670151,0.1984126984126984,DA37_DA36,1.162766299832193,0.048448595826341374,DA37_ZL000008,DA36_ZL000008,6.737500000000001,1.2978306723310473,26.41688443670151,1.0,26.41688443670151
ZL000008,DA36,0.0,0.1094607234553184,-100.0,0.0,0.025855983632869922,-0.025855983632869922,-123.62,0.0,1062.0387745474006,1.2978306723310473,DA36_ZL000008,DA38,0.26269513066429934,0.26269513066429934,26.41688443670151,0.1984126984126984,DA38_DA36,0.8754641973849986,0.03647767489104161,DA38_ZL000008,DA36_ZL000008,6.737500000000001,1.2978306723310473,26.41688443670151,1.0,26.41688443670151
ZL000008,DA36,0.0,0.1094607234553184,-100.0,0.0,0.025855983632869922,-0.025855983632869922,-123.62,0.0,1062.0387745474006,1.2978306723310473,DA36_ZL000008,DA42,0.013914466741310532,0.013914464942859837,26.41688443670151,0.1984126984126984,DA42_DA36,1.162766299832193,0.048448595826341374,DA42_ZL000008,DA36_ZL000008,6.737500000000001,1.2978306723310473,26.41688443670151,1.0,26.41688443670151
ZL000008,DA36,0.0,0.1094607234553184,-100.0,0.0,0.025855983632869922,-0.025855983632869922,-123.62,0.0,1062.0387745474006,1.2978306723310473,DA36_ZL000008,DA44,0.12094541175602988,0.1209453808031683,26.41688443670151,0.1984126984126984,DA44_DA36,1.133414924166462,0.047225621840269245,DA44_ZL000008,DA36_ZL000008,6.737500000000001,1.2978306723310473,26.41688443670151,1.0,26.41688443670151
ZL000008,DA36,0.0,0.1094607234553184,-100.0,0.0,0.025855983632869922,-0.025855983632869922,-123.62,0.0,1062.0387745474006,1.2978306723310473,DA36_ZL000008,DA46,1.7851954625562165,1.7851953808031682,26.41688443670151,0.1984126984126984,DA46_DA36,1.155992641604193,0.04816636006684138,DA46_ZL000008,DA36_ZL000008,6.737500000000001,1.2978306723310473,26.41688443670151,1.0,26.41688443670151
ZJ000054,DA39,0.0,0.0050546191968317,-100.0,0.0,0.0,0.0,-100.0,0.0,3844.7720106518736,0.19939320332165344,DA39_ZJ000054,DA34,2.460661487643821,2.4606609930100087,0.0,0.087682379349046,DA34_DA39,0.7900523334733707,0.03291884722805711,DA34_ZJ000054,DA39_ZJ000054,0.0,0.0,84.11730545876888,0.0,0.0
ZJ000054,DA39,0.0,0.0050546191968317,-100.0,0.0,0.0,0.0,-100.0,0.0,3844.7720106518736,0.19939320332165344,DA39_ZJ000054,DA37,0.47931953783225023,0.4793194775474117,0.0,0.087682379349046,DA37_DA39,1.144703650963527,0.04769598545681363,DA37_ZJ000054,DA39_ZJ000054,0.0,0.0,84.11730545876888,0.0,0.0
ZJ000054,DA39,0.0,0.0050546191968317,-100.0,0.0,0.0,0.0,-100.0,0.0,3844.7720106518736,0.19939320332165344,DA39_ZJ000054,DA38,0.009394699901941417,0.009394699901941417,0.0,0.087682379349046,DA38_DA39,0.8574015485163325,0.035725064521513854,DA38_ZJ000054,DA39_ZJ000054,0.0,0.0,84.11730545876888,0.0,0.0
ZJ000054,DA39,0.0,0.0050546191968317,-100.0,0.0,0.0,0.0,-100.0,0.0,3844.7720106518736,0.19939320332165344,DA39_ZJ000054,DA40,0.9684495075009106,0.9684495075009106,0.0,0.087682379349046,DA40_DA39,1.233785527668648,0.051407730319527,DA40_ZJ000054,DA39_ZJ000054,0.0,0.0,84.11730545876888,0.0,0.0
ZJ000054,DA42,0.0,0.0050546191968317,-100.0,0.0,0.0,0.0,-100.0,0.0,3844.7720106518736,0.19939320332165344,DA42_ZJ000054,DA34,2.460661487643821,2.4606609930100087,0.0,0.087682379349046,DA34_DA42,0.8194037091391021,0.03414182121412925,DA34_ZJ000054,DA42_ZJ000054,0.0,0.0,84.11730545876888,0.0,0.0
ZJ000054,DA42,0.0,0.0050546191968317,-100.0,0.0,0.0,0.0,-100.0,0.0,3844.7720106518736,0.19939320332165344,DA42_ZJ000054,DA37,0.47931953783225023,0.4793194775474117,0.0,0.087682379349046,DA37_DA42,1.174055026629258,0.04891895944288575,DA37_ZJ000054,DA42_ZJ000054,0.0,0.0,84.11730545876888,0.0,0.0
ZJ000054,DA42,0.0,0.0050546191968317,-100.0,0.0,0.0,0.0,-100.0,0.0,3844.7720106518736,0.19939320332165344,DA42_ZJ000054,DA38,0.009394699901941417,0.009394699901941417,0.0,0.087682379349046,DA38_DA42,0.8867529241820639,0.036948038507586,DA38_ZJ000054,DA42_ZJ000054,0.0,0.0,84.11730545876888,0.0,0.0
ZJ000054,DA42,0.0,0.0050546191968317,-100.0,0.0,0.0,0.0,-100.0,0.0,3844.7720106518736,0.19939320332165344,DA42_ZJ000054,DA40,0.9684495075009106,0.9684495075009106,0.0,0.087682379349046,DA40_DA42,1.263136903334379,0.05263070430559912,DA40_ZJ000054,DA42_ZJ000054,0.0,0.0,84.11730545876888,0.0,0.0
ZJ000054,DA33,0.0,0.01267033688620359,-100.0,0.0,0.13944853091163875,-0.13944853091163875,-1200.59,0.0,3844.7720106518736,0.6392643638781276,DA33_ZJ000054,DA34,2.460661487643821,2.4606609930100087,26.0537383623209,0.087682379349046,DA34_DA33,0.5140843776294046,0.02142018240122519,DA34_ZJ000054,DA33_ZJ000054,0.198,0.198,84.11730545876888,0.3097310145662174,26.0537383623209
ZJ000054,DA33,0.0,0.01267033688620359,-100.0,0.0,0.13944853091163875,-0.13944853091163875,-1200.59,0.0,3844.7720106518736,0.6392643638781276,DA33_ZJ000054,DA37,0.47931953783225023,0.4793194775474117,26.0537383623209,0.087682379349046,DA37_DA33,0.868735695119561,0.036197320629981704,DA37_ZJ000054,DA33_ZJ000054,0.198,0.198,84.11730545876888,0.3097310145662174,26.0537383623209
ZJ000054,DA33,0.0,0.01267033688620359,-100.0,0.0,0.13944853091163875,-0.13944853091163875,-1200.59,0.0,3844.7720106518736,0.6392643638781276,DA33_ZJ000054,DA38,0.009394699901941417,0.009394699901941417,26.0537383623209,0.087682379349046,DA38_DA33,0.5814335926723664,0.024226399694681933,DA38_ZJ000054,DA33_ZJ000054,0.198,0.198,84.11730545876888,0.3097310145662174,26.0537383623209
ZJ000054,DA33,0.0,0.01267033688620359,-100.0,0.0,0.13944853091163875,-0.13944853091163875,-1200.59,0.0,3844.7720106518736,0.6392643638781276,DA33_ZJ000054,DA40,0.9684495075009106,0.9684495075009106,26.0537383623209,0.087682379349046,DA40_DA33,0.9578175718246816,0.039909065492695066,DA40_ZJ000054,DA33_ZJ000054,0.198,0.198,84.11730545876888,0.3097310145662174,26.0537383623209
ZJ000054,DA45,0.0,0.0050546191968317,-100.0,0.0,0.0,0.0,-100.0,0.0,3844.7720106518736,0.19939320332165344,DA45_ZJ000054,DA34,2.460661487643821,2.4606609930100087,0.0,0.087682379349046,DA34_DA45,1.0,0.041666666666666664,DA34_ZJ000054,DA45_ZJ000054,0.0,0.0,84.11730545876888,0.0,0.0
ZJ000054,DA45,0.0,0.0050546191968317,-100.0,0.0,0.0,0.0,-100.0,0.0,3844.7720106518736,0.19939320332165344,DA45_ZJ000054,DA37,0.47931953783225023,0.4793194775474117,0.0,0.087682379349046,DA37_DA45,1.0,0.041666666666666664,DA37_ZJ000054,DA45_ZJ000054,0.0,0.0,84.11730545876888,0.0,0.0
ZJ000054,DA45,0.0,0.0050546191968317,-100.0,0.0,0.0,0.0,-100.0,0.0,3844.7720106518736,0.19939320332165344,DA45_ZJ000054,DA38,0.009394699901941417,0.009394699901941417,0.0,0.087682379349046,DA38_DA45,1.0,0.041666666666666664,DA38_ZJ000054,DA45_ZJ000054,0.0,0.0,84.11730545876888,0.0,0.0
ZJ000054,DA45,0.0,0.0050546191968317,-100.0,0.0,0.0,0.0,-100.0,0.0,3844.7720106518736,0.19939320332165344,DA45_ZJ000054,DA40,0.9684495075009106,0.9684495075009106,0.0,0.087682379349046,DA40_DA45,1.0,0.041666666666666664,DA40_ZJ000054,DA45_ZJ000054,0.0,0.0,84.11730545876888,0.0,0.0
ZJ000054,DA35,0.0,0.0050546191968317,-100.0,0.0,0.0,0.0,-100.0,0.0,3844.7720106518736,0.19939320332165344,DA35_ZJ000054,DA34,2.460661487643821,2.4606609930100087,0.0,0.087682379349046,DA34_DA35,1.0,0.041666666666666664,DA34_ZJ000054,DA35_ZJ000054,0.0,0.0,84.11730545876888,0.0,0.0
ZJ000054,DA35,0.0,0.0050546191968317,-100.0,0.0,0.0,0.0,-100.0,0.0,3844.7720106518736,0.19939320332165344,DA35_ZJ000054,DA37,0.47931953783225023,0.4793194775474117,0.0,0.087682379349046,DA37_DA35,1.0,0.041666666666666664,DA37_ZJ000054,DA35_ZJ000054,0.0,0.0,84.11730545876888,0.0,0.0
ZJ000054,DA35,0.0,0.0050546191968317,-100.0,0.0,0.0,0.0,-100.0,0.0,3844.7720106518736,0.19939320332165344,DA35_ZJ000054,DA38,0.009394699901941417,0.009394699901941417,0.0,0.087682379349046,DA38_DA35,1.0,0.041666666666666664,DA38_ZJ000054,DA35_ZJ000054,0.0,0.0,84.11730545876888,0.0,0.0
ZJ000054,DA35,0.0,0.0050546191968317,-100.0,0.0,0.0,0.0,-100.0,0.0,3844.7720106518736,0.19939320332165344,DA35_ZJ000054,DA40,0.9684495075009106,0.9684495075009106,0.0,0.087682379349046,DA40_DA35,1.0,0.041666666666666664,DA40_ZJ000054,DA35_ZJ000054,0.0,0.0,84.11730545876888,0.0,0.0
ZJ000054,DA46,0.0,0.0050546191968317,-100.0,0.0,0.0,0.0,-100.0,0.0,3844.7720106518736,0.19939320332165344,DA46_ZJ000054,DA34,2.460661487643821,2.4606609930100087,0.0,0.087682379349046,DA34_DA46,1.0,0.041666666666666664,DA34_ZJ000054,DA46_ZJ000054,0.0,0.0,84.11730545876888,0.0,0.0
ZJ000054,DA46,0.0,0.0050546191968317,-100.0,0.0,0.0,0.0,-100.0,0.0,3844.7720106518736,0.19939320332165344,DA46_ZJ000054,DA37,0.47931953783225023,0.4793194775474117,0.0,0.087682379349046,DA37_DA46,1.0,0.041666666666666664,DA37_ZJ000054,DA46_ZJ000054,0.0,0.0,84.11730545876888,0.0,0.0
ZJ000054,DA46,0.0,0.0050546191968317,-100.0,0.0,0.0,0.0,-100.0,0.0,3844.7720106518736,0.19939320332165344,DA46_ZJ000054,DA38,0.009394699901941417,0.009394699901941417,0.0,0.087682379349046,DA38_DA46,1.0,0.041666666666666664,DA38_ZJ000054,DA46_ZJ000054,0.0,0.0,84.11730545876888,0.0,0.0
ZJ000054,DA46,0.0,0.0050546191968317,-100.0,0.0,0.0,0.0,-100.0,0.0,3844.7720106518736,0.19939320332165344,DA46_ZJ000054,DA40,0.9684495075009106,0.9684495075009106,0.0,0.087682379349046,DA40_DA46,1.0,0.041666666666666664,DA40_ZJ000054,DA46_ZJ000054,0.0,0.0,84.11730545876888,0.0,0.0
ZJ000054,DA36,0.0,0.0050546191968317,-100.0,0.0,0.0,0.0,-100.0,0.0,3844.7720106518736,0.19939320332165344,DA36_ZJ000054,DA34,2.460661487643821,2.4606609930100087,0.0,0.087682379349046,DA34_DA36,0.8081149823420368,0.033671457597584865,DA34_ZJ000054,DA36_ZJ000054,0.0,0.0,84.11730545876888,0.0,0.0
ZJ000054,DA36,0.0,0.0050546191968317,-100.0,0.0,0.0,0.0,-100.0,0.0,3844.7720106518736,0.19939320332165344,DA36_ZJ000054,DA37,0.47931953783225023,0.4793194775474117,0.0,0.087682379349046,DA37_DA36,1.162766299832193,0.048448595826341374,DA37_ZJ000054,DA36_ZJ000054,0.0,0.0,84.11730545876888,0.0,0.0
ZJ000054,DA36,0.0,0.0050546191968317,-100.0,0.0,0.0,0.0,-100.0,0.0,3844.7720106518736,0.19939320332165344,DA36_ZJ000054,DA38,0.009394699901941417,0.009394699901941417,0.0,0.087682379349046,DA38_DA36,0.8754641973849986,0.03647767489104161,DA38_ZJ000054,DA36_ZJ000054,0.0,0.0,84.11730545876888,0.0,0.0
ZJ000054,DA36,0.0,0.0050546191968317,-100.0,0.0,0.0,0.0,-100.0,0.0,3844.7720106518736,0.19939320332165344,DA36_ZJ000054,DA40,0.9684495075009106,0.9684495075009106,0.0,0.087682379349046,DA40_DA36,1.251848176537314,0.05216034068905475,DA40_ZJ000054,DA36_ZJ000054,0.0,0.0,84.11730545876888,0.0,0.0
ZJ000054,DA44,0.0,0.0050546191968317,-100.0,0.0,0.0,0.0,-100.0,0.0,3844.7720106518736,0.19939320332165344,DA44_ZJ000054,DA34,2.460661487643821,2.4606609930100087,0.0,0.087682379349046,DA34_DA44,0.7900523334733707,0.03291884722805711,DA34_ZJ000054,DA44_ZJ000054,0.0,0.0,84.11730545876888,0.0,0.0
ZJ000054,DA44,0.0,0.0050546191968317,-100.0,0.0,0.0,0.0,-100.0,0.0,3844.7720106518736,0.19939320332165344,DA44_ZJ000054,DA37,0.47931953783225023,0.4793194775474117,0.0,0.087682379349046,DA37_DA44,1.144703650963527,0.04769598545681363,DA37_ZJ000054,DA44_ZJ000054,0.0,0.0,84.11730545876888,0.0,0.0
ZJ000054,DA44,0.0,0.0050546191968317,-100.0,0.0,0.0,0.0,-100.0,0.0,3844.7720106518736,0.19939320332165344,DA44_ZJ000054,DA38,0.009394699901941417,0.009394699901941417,0.0,0.087682379349046,DA38_DA44,0.8574015485163325,0.035725064521513854,DA38_ZJ000054,DA44_ZJ000054,0.0,0.0,84.11730545876888,0.0,0.0
ZJ000054,DA44,0.0,0.0050546191968317,-100.0,0.0,0.0,0.0,-100.0,0.0,3844.7720106518736,0.19939320332165344,DA44_ZJ000054,DA40,0.9684495075009106,0.9684495075009106,0.0,0.087682379349046,DA40_DA44,1.233785527668648,0.051407730319527,DA40_ZJ000054,DA44_ZJ000054,0.0,0.0,84.11730545876888,0.0,0.0
ZJ000052,DA39,0.0,0.0050546191968317,-100.0,0.0,0.0,0.0,-100.0,0.0,3507.217679134198,0.1823311172810241,DA39_ZJ000052,DA34,0.17325619922806504,0.17325619922806504,0.0,0.087682379349046,DA34_DA39,0.7900523334733707,0.03291884722805711,DA34_ZJ000052,DA39_ZJ000052,0.0,0.0,60.97270615563298,0.0,0.0
ZJ000052,DA39,0.0,0.0050546191968317,-100.0,0.0,0.0,0.0,-100.0,0.0,3507.217679134198,0.1823311172810241,DA39_ZJ000052,DA38,0.6561491147401923,0.6561489881286452,0.0,0.087682379349046,DA38_DA39,0.8574015485163325,0.035725064521513854,DA38_ZJ000052,DA39_ZJ000052,0.0,0.0,60.97270615563298,0.0,0.0
ZJ000052,DA39,0.0,0.0050546191968317,-100.0,0.0,0.0,0.0,-100.0,0.0,3507.217679134198,0.1823311172810241,DA39_ZJ000052,DA40,1.5978416811889695,1.5978416811889695,0.0,0.087682379349046,DA40_DA39,1.233785527668648,0.051407730319527,DA40_ZJ000052,DA39_ZJ000052,0.0,0.0,60.97270615563298,0.0,0.0
ZJ000052,DA42,0.0,0.0050546191968317,-100.0,0.0,0.0,0.0,-100.0,0.0,3507.217679134198,0.1823311172810241,DA42_ZJ000052,DA34,0.17325619922806504,0.17325619922806504,0.0,0.087682379349046,DA34_DA42,0.8194037091391021,0.03414182121412925,DA34_ZJ000052,DA42_ZJ000052,0.0,0.0,60.97270615563298,0.0,0.0
ZJ000052,DA42,0.0,0.0050546191968317,-100.0,0.0,0.0,0.0,-100.0,0.0,3507.217679134198,0.1823311172810241,DA42_ZJ000052,DA38,0.6561491147401923,0.6561489881286452,0.0,0.087682379349046,DA38_DA42,0.8867529241820639,0.036948038507586,DA38_ZJ000052,DA42_ZJ000052,0.0,0.0,60.97270615563298,0.0,0.0
ZJ000052,DA42,0.0,0.0050546191968317,-100.0,0.0,0.0,0.0,-100.0,0.0,3507.217679134198,0.1823311172810241,DA42_ZJ000052,DA40,1.5978416811889695,1.5978416811889695,0.0,0.087682379349046,DA40_DA42,1.263136903334379,0.05263070430559912,DA40_ZJ000052,DA42_ZJ000052,0.0,0.0,60.97270615563298,0.0,0.0
ZJ000052,DA33,0.0,0.005794330722511496,-100.0,0.0,0.02026124830052479,-0.02026124830052479,-449.67,0.0,3507.217679134198,0.22927515844734495,DA33_ZJ000052,DA34,0.17325619922806504,0.17325619922806504,31.593294015551823,0.087682379349046,DA34_DA33,0.5140843776294046,0.02142018240122519,DA34_ZJ000052,DA33_ZJ000052,0.11880000000000002,0.11880000000000002,60.97270615563298,0.5181546958881875,31.593294015551823
ZJ000052,DA33,0.0,0.005794330722511496,-100.0,0.0,0.02026124830052479,-0.02026124830052479,-449.67,0.0,3507.217679134198,0.22927515844734495,DA33_ZJ000052,DA38,0.6561491147401923,0.6561489881286452,31.593294015551823,0.087682379349046,DA38_DA33,0.5814335926723664,0.024226399694681933,DA38_ZJ000052,DA33_ZJ000052,0.11880000000000002,0.11880000000000002,60.97270615563298,0.5181546958881875,31.593294015551823
ZJ000052,DA33,0.0,0.005794330722511496,-100.0,0.0,0.02026124830052479,-0.02026124830052479,-449.67,0.0,3507.217679134198,0.22927515844734495,DA33_ZJ000052,DA40,1.5978416811889695,1.5978416811889695,31.593294015551823,0.087682379349046,DA40_DA33,0.9578175718246816,0.039909065492695066,DA40_ZJ000052,DA33_ZJ000052,0.11880000000000002,0.11880000000000002,60.97270615563298,0.5181546958881875,31.593294015551823
ZJ000052,DA45,0.0,0.0050546191968317,-100.0,0.0,0.0,0.0,-100.0,0.0,3507.217679134198,0.1823311172810241,DA45_ZJ000052,DA34,0.17325619922806504,0.17325619922806504,0.0,0.087682379349046,DA34_DA45,1.0,0.041666666666666664,DA34_ZJ000052,DA45_ZJ000052,0.0,0.0,60.97270615563298,0.0,0.0
ZJ000052,DA45,0.0,0.0050546191968317,-100.0,0.0,0.0,0.0,-100.0,0.0,3507.217679134198,0.1823311172810241,DA45_ZJ000052,DA38,0.6561491147401923,0.6561489881286452,0.0,0.087682379349046,DA38_DA45,1.0,0.041666666666666664,DA38_ZJ000052,DA45_ZJ000052,0.0,0.0,60.97270615563298,0.0,0.0
ZJ000052,DA45,0.0,0.0050546191968317,-100.0,0.0,0.0,0.0,-100.0,0.0,3507.217679134198,0.1823311172810241,DA45_ZJ000052,DA40,1.5978416811889695,1.5978416811889695,0.0,0.087682379349046,DA40_DA45,1.0,0.041666666666666664,DA40_ZJ000052,DA45_ZJ000052,0.0,0.0,60.97270615563298,0.0,0.0
ZJ000052,DA35,0.0,0.0050546191968317,-100.0,0.0,0.0,0.0,-100.0,0.0,3507.217679134198,0.1823311172810241,DA35_ZJ000052,DA34,0.17325619922806504,0.17325619922806504,0.0,0.087682379349046,DA34_DA35,1.0,0.041666666666666664,DA34_ZJ000052,DA35_ZJ000052,0.0,0.0,60.97270615563298,0.0,0.0
ZJ000052,DA35,0.0,0.0050546191968317,-100.0,0.0,0.0,0.0,-100.0,0.0,3507.217679134198,0.1823311172810241,DA35_ZJ000052,DA38,0.6561491147401923,0.6561489881286452,0.0,0.087682379349046,DA38_DA35,1.0,0.041666666666666664,DA38_ZJ000052,DA35_ZJ000052,0.0,0.0,60.97270615563298,0.0,0.0
ZJ000052,DA35,0.0,0.0050546191968317,-100.0,0.0,0.0,0.0,-100.0,0.0,3507.217679134198,0.1823311172810241,DA35_ZJ000052,DA40,1.5978416811889695,1.5978416811889695,0.0,0.087682379349046,DA40_DA35,1.0,0.041666666666666664,DA40_ZJ000052,DA35_ZJ000052,0.0,0.0,60.97270615563298,0.0,0.0
ZJ000052,DA46,0.0,0.0050546191968317,-100.0,0.0,0.0,0.0,-100.0,0.0,3507.217679134198,0.1823311172810241,DA46_ZJ000052,DA34,0.17325619922806504,0.17325619922806504,0.0,0.087682379349046,DA34_DA46,1.0,0.041666666666666664,DA34_ZJ000052,DA46_ZJ000052,0.0,0.0,60.97270615563298,0.0,0.0
ZJ000052,DA46,0.0,0.0050546191968317,-100.0,0.0,0.0,0.0,-100.0,0.0,3507.217679134198,0.1823311172810241,DA46_ZJ000052,DA38,0.6561491147401923,0.6561489881286452,0.0,0.087682379349046,DA38_DA46,1.0,0.041666666666666664,DA38_ZJ000052,DA46_ZJ000052,0.0,0.0,60.97270615563298,0.0,0.0
ZJ000052,DA46,0.0,0.0050546191968317,-100.0,0.0,0.0,0.0,-100.0,0.0,3507.217679134198,0.1823311172810241,DA46_ZJ000052,DA40,1.5978416811889695,1.5978416811889695,0.0,0.087682379349046,DA40_DA46,1.0,0.041666666666666664,DA40_ZJ000052,DA46_ZJ000052,0.0,0.0,60.97270615563298,0.0,0.0
ZJ000052,DA36,0.0,0.0050546191968317,-100.0,0.0,0.0,0.0,-100.0,0.0,3507.217679134198,0.1823311172810241,DA36_ZJ000052,DA34,0.17325619922806504,0.17325619922806504,0.0,0.087682379349046,DA34_DA36,0.8081149823420368,0.033671457597584865,DA34_ZJ000052,DA36_ZJ000052,0.0,0.0,60.97270615563298,0.0,0.0
ZJ000052,DA36,0.0,0.0050546191968317,-100.0,0.0,0.0,0.0,-100.0,0.0,3507.217679134198,0.1823311172810241,DA36_ZJ000052,DA38,0.6561491147401923,0.6561489881286452,0.0,0.087682379349046,DA38_DA36,0.8754641973849986,0.03647767489104161,DA38_ZJ000052,DA36_ZJ000052,0.0,0.0,60.97270615563298,0.0,0.0
ZJ000052,DA36,0.0,0.0050546191968317,-100.0,0.0,0.0,0.0,-100.0,0.0,3507.217679134198,0.1823311172810241,DA36_ZJ000052,DA40,1.5978416811889695,1.5978416811889695,0.0,0.087682379349046,DA40_DA36,1.251848176537314,0.05216034068905475,DA40_ZJ000052,DA36_ZJ000052,0.0,0.0,60.97270615563298,0.0,0.0
ZJ000052,DA44,0.0,0.0050546191968317,-100.0,0.0,0.0,0.0,-100.0,0.0,3507.217679134198,0.1823311172810241,DA44_ZJ000052,DA34,0.17325619922806504,0.17325619922806504,0.0,0.087682379349046,DA34_DA44,0.7900523334733707,0.03291884722805711,DA34_ZJ000052,DA44_ZJ000052,0.0,0.0,60.97270615563298,0.0,0.0
ZJ000052,DA44,0.0,0.0050546191968317,-100.0,0.0,0.0,0.0,-100.0,0.0,3507.217679134198,0.1823311172810241,DA44_ZJ000052,DA38,0.6561491147401923,0.6561489881286452,0.0,0.087682379349046,DA38_DA44,0.8574015485163325,0.035725064521513854,DA38_ZJ000052,DA44_ZJ000052,0.0,0.0,60.97270615563298,0.0,0.0
ZJ000052,DA44,0.0,0.0050546191968317,-100.0,0.0,0.0,0.0,-100.0,0.0,3507.217679134198,0.1823311172810241,DA44_ZJ000052,DA40,1.5978416811889695,1.5978416811889695,0.0,0.087682379349046,DA40_DA44,1.233785527668648,0.051407730319527,DA40_ZJ000052,DA44_ZJ000052,0.0,0.0,60.97270615563298,0.0,0.0
ZJ000052,DA37,0.0,0.006997034075795937,-100.0,0.0,0.022717157185436886,-0.022717157185436886,-424.67,0.0,3507.217679134198,0.27511552073104184,DA37_ZJ000052,DA34,0.17325619922806504,0.17325619922806504,0.0,0.087682379349046,DA34_DA37,0.8194037091391021,0.03414182121412925,DA34_ZJ000052,DA37_ZJ000052,0.0,0.0,60.97270615563298,0.0,0.0
ZJ000052,DA37,0.0,0.006997034075795937,-100.0,0.0,0.022717157185436886,-0.022717157185436886,-424.67,0.0,3507.217679134198,0.27511552073104184,DA37_ZJ000052,DA38,0.6561491147401923,0.6561489881286452,0.0,0.087682379349046,DA38_DA37,0.8867529241820639,0.036948038507586,DA38_ZJ000052,DA37_ZJ000052,0.0,0.0,60.97270615563298,0.0,0.0
ZJ000052,DA37,0.0,0.006997034075795937,-100.0,0.0,0.022717157185436886,-0.022717157185436886,-424.67,0.0,3507.217679134198,0.27511552073104184,DA37_ZJ000052,DA40,1.5978416811889695,1.5978416811889695,0.0,0.087682379349046,DA40_DA37,1.263136903334379,0.05263070430559912,DA40_ZJ000052,DA37_ZJ000052,0.0,0.0,60.97270615563298,0.0,0.0
ZJ000046,DA39,0.0,0.0050546191968317,-100.0,0.0,0.0,0.0,-100.0,0.0,1878.3884028826797,0.1,DA39_ZJ000046,DA34,1.194945338617713,1.194945338617713,0.0,0.1666666666666667,DA34_DA39,0.7900523334733707,0.03291884722805711,DA34_ZJ000046,DA39_ZJ000046,0.0,0.0,26.41688443670151,0.0,0.0
ZJ000046,DA42,0.0,0.0050546191968317,-100.0,0.0,0.0,0.0,-100.0,0.0,1878.3884028826797,0.1,DA42_ZJ000046,DA34,1.194945338617713,1.194945338617713,0.0,0.1666666666666667,DA34_DA42,0.8194037091391021,0.03414182121412925,DA34_ZJ000046,DA42_ZJ000046,0.0,0.0,26.41688443670151,0.0,0.0
ZJ000046,DA33,0.0,0.0050546191968317,-100.0,0.0,0.0,0.0,-100.0,0.0,1878.3884028826797,0.1,DA33_ZJ000046,DA34,1.194945338617713,1.194945338617713,0.0,0.1666666666666667,DA34_DA33,0.5140843776294046,0.02142018240122519,DA34_ZJ000046,DA33_ZJ000046,0.0,0.0,26.41688443670151,0.0,0.0
ZJ000046,DA45,0.0,0.0050546191968317,-100.0,0.0,0.0,0.0,-100.0,0.0,1878.3884028826797,0.1,DA45_ZJ000046,DA34,1.194945338617713,1.194945338617713,0.0,0.1666666666666667,DA34_DA45,1.0,0.041666666666666664,DA34_ZJ000046,DA45_ZJ000046,0.0,0.0,26.41688443670151,0.0,0.0
ZJ000046,DA38,0.0,0.0050546191968317,-100.0,0.0,0.0,0.0,-100.0,0.0,1878.3884028826797,0.1,DA38_ZJ000046,DA34,1.194945338617713,1.194945338617713,0.0,0.1666666666666667,DA34_DA38,0.5321016066919075,0.02217090027882948,DA34_ZJ000046,DA38_ZJ000046,0.0,0.0,26.41688443670151,0.0,0.0
ZJ000046,DA35,0.0,0.0050546191968317,-100.0,0.0,0.0,0.0,-100.0,0.0,1878.3884028826797,0.1,DA35_ZJ000046,DA34,1.194945338617713,1.194945338617713,0.0,0.1666666666666667,DA34_DA35,1.0,0.041666666666666664,DA34_ZJ000046,DA35_ZJ000046,0.0,0.0,26.41688443670151,0.0,0.0
ZJ000046,DA46,0.0,0.0050546191968317,-100.0,0.0,0.0,0.0,-100.0,0.0,1878.3884028826797,0.1,DA46_ZJ000046,DA34,1.194945338617713,1.194945338617713,0.0,0.1666666666666667,DA34_DA46,1.0,0.041666666666666664,DA34_ZJ000046,DA46_ZJ000046,0.0,0.0,26.41688443670151,0.0,0.0
ZJ000046,DA36,0.0,0.0050546191968317,-100.0,0.0,0.0,0.0,-100.0,0.0,1878.3884028826797,0.1,DA36_ZJ000046,DA34,1.194945338617713,1.194945338617713,0.0,0.1666666666666667,DA34_DA36,0.8081149823420368,0.033671457597584865,DA34_ZJ000046,DA36_ZJ000046,0.0,0.0,26.41688443670151,0.0,0.0
ZJ000046,DA44,0.0,0.0050546191968317,-100.0,0.0,0.0,0.0,-100.0,0.0,1878.3884028826797,0.1,DA44_ZJ000046,DA34,1.194945338617713,1.194945338617713,0.0,0.1666666666666667,DA34_DA44,0.7900523334733707,0.03291884722805711,DA34_ZJ000046,DA44_ZJ000046,0.0,0.0,26.41688443670151,0.0,0.0
ZJ000046,DA37,0.0,0.0050546191968317,-100.0,0.0,0.0,0.0,-100.0,0.0,1878.3884028826797,0.1,DA37_ZJ000046,DA34,1.194945338617713,1.194945338617713,0.0,0.1666666666666667,DA34_DA37,0.8194037091391021,0.03414182121412925,DA34_ZJ000046,DA37_ZJ000046,0.0,0.0,26.41688443670151,0.0,0.0
ZJ000046,DA40,0.0,0.0050546191968317,-100.0,0.0,0.0,0.0,-100.0,0.0,1878.3884028826797,0.1,DA40_ZJ000046,DA34,1.194945338617713,1.194945338617713,0.0,0.1666666666666667,DA34_DA40,0.9084855858442228,0.037853566076842614,DA34_ZJ000046,DA40_ZJ000046,0.0,0.0,26.41688443670151,0.0,0.0
ZJ000033,DA35,0.72395928,0.1854843158805008,290.3075451761724,0.0,0.6872940975903938,0.036665182409606145,-80.23,0.0,138.993370871643,0.40662496971144,DA35_ZJ000033,DA34,1.2912499797915007,1.2912499797915007,0.0,0.1326041431501506,DA34_DA35,1.0,0.041666666666666664,DA34_ZJ000033,DA35_ZJ000033,0.0,0.0,26.41688443670151,0.0,0.0
ZJ000033,DA35,0.72395928,0.1854843158805008,290.3075451761724,0.0,0.6872940975903938,0.036665182409606145,-80.23,0.0,138.993370871643,0.40662496971144,DA35_ZJ000033,DA38,0.4197081924414998,0.4197081924414998,0.0,0.1326041431501506,DA38_DA35,1.0,0.041666666666666664,DA38_ZJ000033,DA35_ZJ000033,0.0,0.0,26.41688443670151,0.0,0.0
ZJ000033,DA35,0.72395928,0.1854843158805008,290.3075451761724,0.0,0.6872940975903938,0.036665182409606145,-80.23,0.0,138.993370871643,0.40662496971144,DA35_ZJ000033,DA44,1.673055731562533,1.6730538866582636,0.0,0.1326041431501506,DA44_DA35,1.0,0.041666666666666664,DA44_ZJ000033,DA35_ZJ000033,0.0,0.0,26.41688443670151,0.0,0.0
ZJ000033,DA35,0.72395928,0.1854843158805008,290.3075451761724,0.0,0.6872940975903938,0.036665182409606145,-80.23,0.0,138.993370871643,0.40662496971144,DA35_ZJ000033,DA46,0.03741090426479572,0.03741090426479572,0.0,0.1326041431501506,DA46_DA35,1.264366951754586,0.052681956323107744,DA46_ZJ000033,DA35_ZJ000033,0.0,0.0,26.41688443670151,0.0,0.0
ZJ000033,DA36,0.24131976,0.07973734209605152,202.64334583576473,0.0,0.24575970762323174,-0.004439947623231744,-105.57,0.0,138.993370871643,0.1950083316735572,DA36_ZJ000033,DA34,1.2912499797915007,1.2912499797915007,0.0,0.1326041431501506,DA34_DA36,0.8081149823420368,0.033671457597584865,DA34_ZJ000033,DA36_ZJ000033,0.0,0.0,26.41688443670151,0.0,0.0
ZJ000033,DA36,0.24131976,0.07973734209605152,202.64334583576473,0.0,0.24575970762323174,-0.004439947623231744,-105.57,0.0,138.993370871643,0.1950083316735572,DA36_ZJ000033,DA38,0.4197081924414998,0.4197081924414998,0.0,0.1326041431501506,DA38_DA36,0.8754641973849986,0.03647767489104161,DA38_ZJ000033,DA36_ZJ000033,0.0,0.0,26.41688443670151,0.0,0.0
ZJ000033,DA36,0.24131976,0.07973734209605152,202.64334583576473,0.0,0.24575970762323174,-0.004439947623231744,-105.57,0.0,138.993370871643,0.1950083316735572,DA36_ZJ000033,DA44,1.673055731562533,1.6730538866582636,0.0,0.1326041431501506,DA44_DA36,1.133414924166462,0.047225621840269245,DA44_ZJ000033,DA36_ZJ000033,0.0,0.0,26.41688443670151,0.0,0.0
ZJ000033,DA36,0.24131976,0.07973734209605152,202.64334583576473,0.0,0.24575970762323174,-0.004439947623231744,-105.57,0.0,138.993370871643,0.1950083316735572,DA36_ZJ000033,DA46,0.03741090426479572,0.03741090426479572,0.0,0.1326041431501506,DA46_DA36,1.155992641604193,0.04816636006684138,DA46_ZJ000033,DA36_ZJ000033,0.0,0.0,26.41688443670151,0.0,0.0
ZJ000033,DA37,0.18098982,0.04659806351615494,288.40631207185936,0.0,0.1791130072508299,0.0018768127491700926,-95.97,0.0,138.993370871643,0.10948838079846691,DA37_ZJ000033,DA34,1.2912499797915007,1.2912499797915007,0.0,0.1326041431501506,DA34_DA37,0.8194037091391021,0.03414182121412925,DA34_ZJ000033,DA37_ZJ000033,0.0,0.0,26.41688443670151,0.0,0.0
ZJ000033,DA37,0.18098982,0.04659806351615494,288.40631207185936,0.0,0.1791130072508299,0.0018768127491700926,-95.97,0.0,138.993370871643,0.10948838079846691,DA37_ZJ000033,DA38,0.4197081924414998,0.4197081924414998,0.0,0.1326041431501506,DA38_DA37,0.8867529241820639,0.036948038507586,DA38_ZJ000033,DA37_ZJ000033,0.0,0.0,26.41688443670151,0.0,0.0
ZJ000033,DA37,0.18098982,0.04659806351615494,288.40631207185936,0.0,0.1791130072508299,0.0018768127491700926,-95.97,0.0,138.993370871643,0.10948838079846691,DA37_ZJ000033,DA44,1.673055731562533,1.6730538866582636,0.0,0.1326041431501506,DA44_DA37,1.144703650963527,0.04769598545681363,DA44_ZJ000033,DA37_ZJ000033,0.0,0.0,26.41688443670151,0.0,0.0
ZJ000033,DA37,0.18098982,0.04659806351615494,288.40631207185936,0.0,0.1791130072508299,0.0018768127491700926,-95.97,0.0,138.993370871643,0.10948838079846691,DA37_ZJ000033,DA46,0.03741090426479572,0.03741090426479572,0.0,0.1326041431501506,DA46_DA37,1.0,0.041666666666666664,DA46_ZJ000033,DA37_ZJ000033,0.0,0.0,26.41688443670151,0.0,0.0
ZJ000033,DA42,0.18098982,0.07926451826524608,128.33649148582018,0.0,0.2665868014896073,-0.08559698148960729,-207.99,0.0,138.993370871643,0.27503469738192005,DA42_ZJ000033,DA34,1.2912499797915007,1.2912499797915007,0.0,0.1326041431501506,DA34_DA42,0.8194037091391021,0.03414182121412925,DA34_ZJ000033,DA42_ZJ000033,0.0,0.0,26.41688443670151,0.0,0.0
ZJ000033,DA42,0.18098982,0.07926451826524608,128.33649148582018,0.0,0.2665868014896073,-0.08559698148960729,-207.99,0.0,138.993370871643,0.27503469738192005,DA42_ZJ000033,DA38,0.4197081924414998,0.4197081924414998,0.0,0.1326041431501506,DA38_DA42,0.8867529241820639,0.036948038507586,DA38_ZJ000033,DA42_ZJ000033,0.0,0.0,26.41688443670151,0.0,0.0
ZJ000033,DA42,0.18098982,0.07926451826524608,128.33649148582018,0.0,0.2665868014896073,-0.08559698148960729,-207.99,0.0,138.993370871643,0.27503469738192005,DA42_ZJ000033,DA44,1.673055731562533,1.6730538866582636,0.0,0.1326041431501506,DA44_DA42,1.144703650963527,0.04769598545681363,DA44_ZJ000033,DA42_ZJ000033,0.0,0.0,26.41688443670151,0.0,0.0
ZJ000033,DA42,0.18098982,0.07926451826524608,128.33649148582018,0.0,0.2665868014896073,-0.08559698148960729,-207.99,0.0,138.993370871643,0.27503469738192005,DA42_ZJ000033,DA46,0.03741090426479572,0.03741090426479572,0.0,0.1326041431501506,DA46_DA42,1.0,0.041666666666666664,DA46_ZJ000033,DA42_ZJ000033,0.0,0.0,26.41688443670151,0.0,0.0
ZJ000033,DA45,0.18098982,0.1093363838560691,65.53485090402825,0.0,0.4207072961007865,-0.2397174761007865,-319.25,0.0,138.993370871643,0.50102673097121,DA45_ZJ000033,DA34,1.2912499797915007,1.2912499797915007,0.0,0.1326041431501506,DA34_DA45,1.0,0.041666666666666664,DA34_ZJ000033,DA45_ZJ000033,0.0,0.0,26.41688443670151,0.0,0.0
ZJ000033,DA45,0.18098982,0.1093363838560691,65.53485090402825,0.0,0.4207072961007865,-0.2397174761007865,-319.25,0.0,138.993370871643,0.50102673097121,DA45_ZJ000033,DA38,0.4197081924414998,0.4197081924414998,0.0,0.1326041431501506,DA38_DA45,1.0,0.041666666666666664,DA38_ZJ000033,DA45_ZJ000033,0.0,0.0,26.41688443670151,0.0,0.0
ZJ000033,DA45,0.18098982,0.1093363838560691,65.53485090402825,0.0,0.4207072961007865,-0.2397174761007865,-319.25,0.0,138.993370871643,0.50102673097121,DA45_ZJ000033,DA44,1.673055731562533,1.6730538866582636,0.0,0.1326041431501506,DA44_DA45,1.0,0.041666666666666664,DA44_ZJ000033,DA45_ZJ000033,0.0,0.0,26.41688443670151,0.0,0.0
ZJ000033,DA45,0.18098982,0.1093363838560691,65.53485090402825,0.0,0.4207072961007865,-0.2397174761007865,-319.25,0.0,138.993370871643,0.50102673097121,DA45_ZJ000033,DA46,0.03741090426479572,0.03741090426479572,0.0,0.1326041431501506,DA46_DA45,1.230499979832588,0.0512708324930245,DA46_ZJ000033,DA45_ZJ000033,0.0,0.0,26.41688443670151,0.0,0.0
ZJ000033,DA39,0.0,0.01545543669842948,-100.0,0.0,0.0,0.0,-100.0,0.0,138.993370871643,0.03693746914850959,DA39_ZJ000033,DA34,1.2912499797915007,1.2912499797915007,0.0,0.1326041431501506,DA34_DA39,0.7900523334733707,0.03291884722805711,DA34_ZJ000033,DA39_ZJ000033,0.0,0.0,26.41688443670151,0.0,0.0
ZJ000033,DA39,0.0,0.01545543669842948,-100.0,0.0,0.0,0.0,-100.0,0.0,138.993370871643,0.03693746914850959,DA39_ZJ000033,DA38,0.4197081924414998,0.4197081924414998,0.0,0.1326041431501506,DA38_DA39,0.8574015485163325,0.035725064521513854,DA38_ZJ000033,DA39_ZJ000033,0.0,0.0,26.41688443670151,0.0,0.0
ZJ000033,DA39,0.0,0.01545543669842948,-100.0,0.0,0.0,0.0,-100.0,0.0,138.993370871643,0.03693746914850959,DA39_ZJ000033,DA44,1.673055731562533,1.6730538866582636,0.0,0.1326041431501506,DA44_DA39,1.115352275297796,0.0464730114707415,DA44_ZJ000033,DA39_ZJ000033,0.0,0.0,26.41688443670151,0.0,0.0
ZJ000033,DA39,0.0,0.01545543669842948,-100.0,0.0,0.0,0.0,-100.0,0.0,138.993370871643,0.03693746914850959,DA39_ZJ000033,DA46,0.03741090426479572,0.03741090426479572,0.0,0.1326041431501506,DA46_DA39,1.0,0.041666666666666664,DA46_ZJ000033,DA39_ZJ000033,0.0,0.0,26.41688443670151,0.0,0.0
ZJ000033,DA33,0.0,0.2018598510522017,-100.0,0.0,0.49568483401973856,-0.49568483401973856,-345.56,0.0,138.993370871643,0.978118712709921,DA33_ZJ000033,DA34,1.2912499797915007,1.2912499797915007,14.664438264082232,0.1326041431501506,DA34_DA33,0.5140843776294046,0.02142018240122519,DA34_ZJ000033,DA33_ZJ000033,0.54296946,0.54296946,26.41688443670151,0.5551161151959553,14.664438264082232
ZJ000033,DA33,0.0,0.2018598510522017,-100.0,0.0,0.49568483401973856,-0.49568483401973856,-345.56,0.0,138.993370871643,0.978118712709921,DA33_ZJ000033,DA38,0.4197081924414998,0.4197081924414998,14.664438264082232,0.1326041431501506,DA38_DA33,0.5814335926723664,0.024226399694681933,DA38_ZJ000033,DA33_ZJ000033,0.54296946,0.54296946,26.41688443670151,0.5551161151959553,14.664438264082232
ZJ000033,DA33,0.0,0.2018598510522017,-100.0,0.0,0.49568483401973856,-0.49568483401973856,-345.56,0.0,138.993370871643,0.978118712709921,DA33_ZJ000033,DA44,1.673055731562533,1.6730538866582636,14.664438264082232,0.1326041431501506,DA44_DA33,0.8393843194538297,0.034974346643909575,DA44_ZJ000033,DA33_ZJ000033,0.54296946,0.54296946,26.41688443670151,0.5551161151959553,14.664438264082232
ZJ000033,DA33,0.0,0.2018598510522017,-100.0,0.0,0.49568483401973856,-0.49568483401973856,-345.56,0.0,138.993370871643,0.978118712709921,DA33_ZJ000033,DA46,0.03741090426479572,0.03741090426479572,14.664438264082232,0.1326041431501506,DA46_DA33,1.0,0.041666666666666664,DA46_ZJ000033,DA33_ZJ000033,0.54296946,0.54296946,26.41688443670151,0.5551161151959553,14.664438264082232
ZJ000033,DA40,0.0,0.1173988025249675,-100.0,0.0,0.29157931412925797,-0.29157931412925797,-348.37,0.0,138.993370871643,0.5721587613486252,DA40_ZJ000033,DA34,1.2912499797915007,1.2912499797915007,0.0,0.1326041431501506,DA34_DA40,0.9084855858442228,0.037853566076842614,DA34_ZJ000033,DA40_ZJ000033,0.0,0.0,26.41688443670151,0.0,0.0
ZJ000033,DA40,0.0,0.1173988025249675,-100.0,0.0,0.29157931412925797,-0.29157931412925797,-348.37,0.0,138.993370871643,0.5721587613486252,DA40_ZJ000033,DA38,0.4197081924414998,0.4197081924414998,0.0,0.1326041431501506,DA38_DA40,0.9758348008871847,0.04065978337029936,DA38_ZJ000033,DA40_ZJ000033,0.0,0.0,26.41688443670151,0.0,0.0
ZJ000033,DA40,0.0,0.1173988025249675,-100.0,0.0,0.29157931412925797,-0.29157931412925797,-348.37,0.0,138.993370871643,0.5721587613486252,DA40_ZJ000033,DA44,1.673055731562533,1.6730538866582636,0.0,0.1326041431501506,DA44_DA40,1.233785527668648,0.051407730319527,DA44_ZJ000033,DA40_ZJ000033,0.0,0.0,26.41688443670151,0.0,0.0
ZJ000033,DA40,0.0,0.1173988025249675,-100.0,0.0,0.29157931412925797,-0.29157931412925797,-348.37,0.0,138.993370871643,0.5721587613486252,DA40_ZJ000033,DA46,0.03741090426479572,0.03741090426479572,0.0,0.1326041431501506,DA46_DA40,1.0,0.041666666666666664,DA46_ZJ000033,DA40_ZJ000033,0.0,0.0,26.41688443670151,0.0,0.0
ZJ000032,DA42,0.24131976,0.0504944522959847,377.91341231993056,0.0,0.301446359859234,-0.06012659985923402,-219.08,0.0,703.6054956235486,0.46590498742960273,DA42_ZJ000032,DA34,1.6172961812254452,1.617294330796906,0.0,0.1326041431501506,DA34_DA42,0.8194037091391021,0.03414182121412925,DA34_ZJ000032,DA42_ZJ000032,0.0,0.0,26.41688443670151,0.0,0.0
ZJ000032,DA42,0.24131976,0.0504944522959847,377.91341231993056,0.0,0.301446359859234,-0.06012659985923402,-219.08,0.0,703.6054956235486,0.46590498742960273,DA42_ZJ000032,DA35,0.08075335814871878,0.08075167211799218,0.0,0.1326041431501506,DA35_DA42,1.0,0.041666666666666664,DA35_ZJ000032,DA42_ZJ000032,0.0,0.0,26.41688443670151,0.0,0.0
ZJ000032,DA42,0.24131976,0.0504944522959847,377.91341231993056,0.0,0.301446359859234,-0.06012659985923402,-219.08,0.0,703.6054956235486,0.46590498742960273,DA42_ZJ000032,DA36,2.5284049030324858,2.5284036639163667,0.0,0.1326041431501506,DA36_DA42,1.162766299832193,0.048448595826341374,DA36_ZJ000032,DA42_ZJ000032,0.0,0.0,26.41688443670151,0.0,0.0
ZJ000032,DA42,0.24131976,0.0504944522959847,377.91341231993056,0.0,0.301446359859234,-0.06012659985923402,-219.08,0.0,703.6054956235486,0.46590498742960273,DA42_ZJ000032,DA37,1.7907769516791419,1.7907769516791419,0.0,0.1326041431501506,DA37_DA42,1.174055026629258,0.04891895944288575,DA37_ZJ000032,DA42_ZJ000032,0.0,0.0,26.41688443670151,0.0,0.0
ZJ000032,DA42,0.24131976,0.0504944522959847,377.91341231993056,0.0,0.301446359859234,-0.06012659985923402,-219.08,0.0,703.6054956235486,0.46590498742960273,DA42_ZJ000032,DA38,2.516638018433874,2.5166352954143063,0.0,0.1326041431501506,DA38_DA42,0.8867529241820639,0.036948038507586,DA38_ZJ000032,DA42_ZJ000032,0.0,0.0,26.41688443670151,0.0,0.0
ZJ000032,DA42,0.24131976,0.0504944522959847,377.91341231993056,0.0,0.301446359859234,-0.06012659985923402,-219.08,0.0,703.6054956235486,0.46590498742960273,DA42_ZJ000032,DA44,1.3770786581909418,1.3770786581909418,0.0,0.1326041431501506,DA44_DA42,1.144703650963527,0.04769598545681363,DA44_ZJ000032,DA42_ZJ000032,0.0,0.0,26.41688443670151,0.0,0.0
ZJ000032,DA45,0.18098982,0.09870120292360342,83.37144293984899,0.0,0.7673180069144135,-0.5863281869144136,-694.04,0.0,703.6054956235486,1.3794929167880012,DA45_ZJ000032,DA34,1.6172961812254452,1.617294330796906,0.0,0.1326041431501506,DA34_DA45,1.0,0.041666666666666664,DA34_ZJ000032,DA45_ZJ000032,0.0,0.0,26.41688443670151,0.0,0.0
ZJ000032,DA45,0.18098982,0.09870120292360342,83.37144293984899,0.0,0.7673180069144135,-0.5863281869144136,-694.04,0.0,703.6054956235486,1.3794929167880012,DA45_ZJ000032,DA35,0.08075335814871878,0.08075167211799218,0.0,0.1326041431501506,DA35_DA45,1.230499979832588,0.0512708324930245,DA35_ZJ000032,DA45_ZJ000032,0.0,0.0,26.41688443670151,0.0,0.0
ZJ000032,DA45,0.18098982,0.09870120292360342,83.37144293984899,0.0,0.7673180069144135,-0.5863281869144136,-694.04,0.0,703.6054956235486,1.3794929167880012,DA45_ZJ000032,DA36,2.5284049030324858,2.5284036639163667,0.0,0.1326041431501506,DA36_DA45,1.122125669682195,0.046755236236758126,DA36_ZJ000032,DA45_ZJ000032,0.0,0.0,26.41688443670151,0.0,0.0
ZJ000032,DA45,0.18098982,0.09870120292360342,83.37144293984899,0.0,0.7673180069144135,-0.5863281869144136,-694.04,0.0,703.6054956235486,1.3794929167880012,DA45_ZJ000032,DA37,1.7907769516791419,1.7907769516791419,0.0,0.1326041431501506,DA37_DA45,1.0,0.041666666666666664,DA37_ZJ000032,DA45_ZJ000032,0.0,0.0,26.41688443670151,0.0,0.0
ZJ000032,DA45,0.18098982,0.09870120292360342,83.37144293984899,0.0,0.7673180069144135,-0.5863281869144136,-694.04,0.0,703.6054956235486,1.3794929167880012,DA45_ZJ000032,DA38,2.516638018433874,2.5166352954143063,0.0,0.1326041431501506,DA38_DA45,1.0,0.041666666666666664,DA38_ZJ000032,DA45_ZJ000032,0.0,0.0,26.41688443670151,0.0,0.0
ZJ000032,DA45,0.18098982,0.09870120292360342,83.37144293984899,0.0,0.7673180069144135,-0.5863281869144136,-694.04,0.0,703.6054956235486,1.3794929167880012,DA45_ZJ000032,DA44,1.3770786581909418,1.3770786581909418,0.0,0.1326041431501506,DA44_DA45,1.0,0.041666666666666664,DA44_ZJ000032,DA45_ZJ000032,0.0,0.0,26.41688443670151,0.0,0.0
ZJ000032,DA46,0.06032994,0.04769529219891136,26.4903457313907,0.0,0.3288505743918917,-0.26852063439189167,-662.99,0.0,703.6054956235486,0.6518017148148124,DA46_ZJ000032,DA34,1.6172961812254452,1.617294330796906,0.0,0.1326041431501506,DA34_DA46,1.0,0.041666666666666664,DA34_ZJ000032,DA46_ZJ000032,0.0,0.0,26.41688443670151,0.0,0.0
ZJ000032,DA46,0.06032994,0.04769529219891136,26.4903457313907,0.0,0.3288505743918917,-0.26852063439189167,-662.99,0.0,703.6054956235486,0.6518017148148124,DA46_ZJ000032,DA35,0.08075335814871878,0.08075167211799218,0.0,0.1326041431501506,DA35_DA46,1.264366951754586,0.052681956323107744,DA35_ZJ000032,DA46_ZJ000032,0.0,0.0,26.41688443670151,0.0,0.0
ZJ000032,DA46,0.06032994,0.04769529219891136,26.4903457313907,0.0,0.3288505743918917,-0.26852063439189167,-662.99,0.0,703.6054956235486,0.6518017148148124,DA46_ZJ000032,DA36,2.5284049030324858,2.5284036639163667,0.0,0.1326041431501506,DA36_DA46,1.155992641604193,0.04816636006684138,DA36_ZJ000032,DA46_ZJ000032,0.0,0.0,26.41688443670151,0.0,0.0
ZJ000032,DA46,0.06032994,0.04769529219891136,26.4903457313907,0.0,0.3288505743918917,-0.26852063439189167,-662.99,0.0,703.6054956235486,0.6518017148148124,DA46_ZJ000032,DA37,1.7907769516791419,1.7907769516791419,0.0,0.1326041431501506,DA37_DA46,1.0,0.041666666666666664,DA37_ZJ000032,DA46_ZJ000032,0.0,0.0,26.41688443670151,0.0,0.0
ZJ000032,DA46,0.06032994,0.04769529219891136,26.4903457313907,0.0,0.3288505743918917,-0.26852063439189167,-662.99,0.0,703.6054956235486,0.6518017148148124,DA46_ZJ000032,DA38,2.516638018433874,2.5166352954143063,0.0,0.1326041431501506,DA38_DA46,1.0,0.041666666666666664,DA38_ZJ000032,DA46_ZJ000032,0.0,0.0,26.41688443670151,0.0,0.0
ZJ000032,DA46,0.06032994,0.04769529219891136,26.4903457313907,0.0,0.3288505743918917,-0.26852063439189167,-662.99,0.0,703.6054956235486,0.6518017148148124,DA46_ZJ000032,DA44,1.3770786581909418,1.3770786581909418,0.0,0.1326041431501506,DA44_DA46,1.0,0.041666666666666664,DA44_ZJ000032,DA46_ZJ000032,0.0,0.0,26.41688443670151,0.0,0.0
ZJ000032,DA39,0.0,0.0135928710268612,-100.0,0.0,0.0,0.0,-100.0,0.0,703.6054956235486,0.10923305858487768,DA39_ZJ000032,DA34,1.6172961812254452,1.617294330796906,0.0,0.1326041431501506,DA34_DA39,0.7900523334733707,0.03291884722805711,DA34_ZJ000032,DA39_ZJ000032,0.0,0.0,26.41688443670151,0.0,0.0
ZJ000032,DA39,0.0,0.0135928710268612,-100.0,0.0,0.0,0.0,-100.0,0.0,703.6054956235486,0.10923305858487768,DA39_ZJ000032,DA35,0.08075335814871878,0.08075167211799218,0.0,0.1326041431501506,DA35_DA39,1.0,0.041666666666666664,DA35_ZJ000032,DA39_ZJ000032,0.0,0.0,26.41688443670151,0.0,0.0
ZJ000032,DA39,0.0,0.0135928710268612,-100.0,0.0,0.0,0.0,-100.0,0.0,703.6054956235486,0.10923305858487768,DA39_ZJ000032,DA36,2.5284049030324858,2.5284036639163667,0.0,0.1326041431501506,DA36_DA39,1.133414924166462,0.047225621840269245,DA36_ZJ000032,DA39_ZJ000032,0.0,0.0,26.41688443670151,0.0,0.0
ZJ000032,DA39,0.0,0.0135928710268612,-100.0,0.0,0.0,0.0,-100.0,0.0,703.6054956235486,0.10923305858487768,DA39_ZJ000032,DA37,1.7907769516791419,1.7907769516791419,0.0,0.1326041431501506,DA37_DA39,1.144703650963527,0.04769598545681363,DA37_ZJ000032,DA39_ZJ000032,0.0,0.0,26.41688443670151,0.0,0.0
ZJ000032,DA39,0.0,0.0135928710268612,-100.0,0.0,0.0,0.0,-100.0,0.0,703.6054956235486,0.10923305858487768,DA39_ZJ000032,DA38,2.516638018433874,2.5166352954143063,0.0,0.1326041431501506,DA38_DA39,0.8574015485163325,0.035725064521513854,DA38_ZJ000032,DA39_ZJ000032,0.0,0.0,26.41688443670151,0.0,0.0
ZJ000032,DA39,0.0,0.0135928710268612,-100.0,0.0,0.0,0.0,-100.0,0.0,703.6054956235486,0.10923305858487768,DA39_ZJ000032,DA44,1.3770786581909418,1.3770786581909418,0.0,0.1326041431501506,DA44_DA39,1.115352275297796,0.0464730114707415,DA44_ZJ000032,DA39_ZJ000032,0.0,0.0,26.41688443670151,0.0,0.0
ZJ000032,DA33,0.0,0.1842355702342601,-100.0,0.0,0.6485664106062307,-0.6485664106062307,-452.03,0.0,703.6054956235486,2.1290916451915627,DA33_ZJ000032,DA34,1.6172961812254452,1.617294330796906,1.4970976535016574,0.1326041431501506,DA34_DA33,0.5140843776294046,0.02142018240122519,DA34_ZJ000032,DA33_ZJ000032,0.12065988,0.12065988,26.41688443670151,0.05667199919388334,1.4970976535016574
ZJ000032,DA33,0.0,0.1842355702342601,-100.0,0.0,0.6485664106062307,-0.6485664106062307,-452.03,0.0,703.6054956235486,2.1290916451915627,DA33_ZJ000032,DA35,0.08075335814871878,0.08075167211799218,1.4970976535016574,0.1326041431501506,DA35_DA33,1.0,0.041666666666666664,DA35_ZJ000032,DA33_ZJ000032,0.12065988,0.12065988,26.41688443670151,0.05667199919388334,1.4970976535016574
ZJ000032,DA33,0.0,0.1842355702342601,-100.0,0.0,0.6485664106062307,-0.6485664106062307,-452.03,0.0,703.6054956235486,2.1290916451915627,DA33_ZJ000032,DA36,2.5284049030324858,2.5284036639163667,1.4970976535016574,0.1326041431501506,DA36_DA33,0.8574469683224957,0.03572695701343732,DA36_ZJ000032,DA33_ZJ000032,0.12065988,0.12065988,26.41688443670151,0.05667199919388334,1.4970976535016574
ZJ000032,DA33,0.0,0.1842355702342601,-100.0,0.0,0.6485664106062307,-0.6485664106062307,-452.03,0.0,703.6054956235486,2.1290916451915627,DA33_ZJ000032,DA37,1.7907769516791419,1.7907769516791419,1.4970976535016574,0.1326041431501506,DA37_DA33,0.868735695119561,0.036197320629981704,DA37_ZJ000032,DA33_ZJ000032,0.12065988,0.12065988,26.41688443670151,0.05667199919388334,1.4970976535016574
ZJ000032,DA33,0.0,0.1842355702342601,-100.0,0.0,0.6485664106062307,-0.6485664106062307,-452.03,0.0,703.6054956235486,2.1290916451915627,DA33_ZJ000032,DA38,2.516638018433874,2.5166352954143063,1.4970976535016574,0.1326041431501506,DA38_DA33,0.5814335926723664,0.024226399694681933,DA38_ZJ000032,DA33_ZJ000032,0.12065988,0.12065988,26.41688443670151,0.05667199919388334,1.4970976535016574
ZJ000032,DA33,0.0,0.1842355702342601,-100.0,0.0,0.6485664106062307,-0.6485664106062307,-452.03,0.0,703.6054956235486,2.1290916451915627,DA33_ZJ000032,DA44,1.3770786581909418,1.3770786581909418,1.4970976535016574,0.1326041431501506,DA44_DA33,0.8393843194538297,0.034974346643909575,DA44_ZJ000032,DA33_ZJ000032,0.12065988,0.12065988,26.41688443670151,0.05667199919388334,1.4970976535016574
ZJ000032,DA40,0.0,0.1091918436161104,-100.0,0.0,0.5937579815409153,-0.5937579815409153,-643.78,0.0,703.6054956235486,1.4712350632874192,DA40_ZJ000032,DA34,1.6172961812254452,1.617294330796906,0.0,0.1326041431501506,DA34_DA40,0.9084855858442228,0.037853566076842614,DA34_ZJ000032,DA40_ZJ000032,0.0,0.0,26.41688443670151,0.0,0.0
ZJ000032,DA40,0.0,0.1091918436161104,-100.0,0.0,0.5937579815409153,-0.5937579815409153,-643.78,0.0,703.6054956235486,1.4712350632874192,DA40_ZJ000032,DA35,0.08075335814871878,0.08075167211799218,0.0,0.1326041431501506,DA35_DA40,1.0,0.041666666666666664,DA35_ZJ000032,DA40_ZJ000032,0.0,0.0,26.41688443670151,0.0,0.0
ZJ000032,DA40,0.0,0.1091918436161104,-100.0,0.0,0.5937579815409153,-0.5937579815409153,-643.78,0.0,703.6054956235486,1.4712350632874192,DA40_ZJ000032,DA36,2.5284049030324858,2.5284036639163667,0.0,0.1326041431501506,DA36_DA40,1.251848176537314,0.05216034068905475,DA36_ZJ000032,DA40_ZJ000032,0.0,0.0,26.41688443670151,0.0,0.0
ZJ000032,DA40,0.0,0.1091918436161104,-100.0,0.0,0.5937579815409153,-0.5937579815409153,-643.78,0.0,703.6054956235486,1.4712350632874192,DA40_ZJ000032,DA37,1.7907769516791419,1.7907769516791419,0.0,0.1326041431501506,DA37_DA40,1.263136903334379,0.05263070430559912,DA37_ZJ000032,DA40_ZJ000032,0.0,0.0,26.41688443670151,0.0,0.0
ZJ000032,DA40,0.0,0.1091918436161104,-100.0,0.0,0.5937579815409153,-0.5937579815409153,-643.78,0.0,703.6054956235486,1.4712350632874192,DA40_ZJ000032,DA38,2.516638018433874,2.5166352954143063,0.0,0.1326041431501506,DA38_DA40,0.9758348008871847,0.04065978337029936,DA38_ZJ000032,DA40_ZJ000032,0.0,0.0,26.41688443670151,0.0,0.0
ZJ000032,DA40,0.0,0.1091918436161104,-100.0,0.0,0.5937579815409153,-0.5937579815409153,-643.78,0.0,703.6054956235486,1.4712350632874192,DA40_ZJ000032,DA44,1.3770786581909418,1.3770786581909418,0.0,0.1326041431501506,DA44_DA40,1.233785527668648,0.051407730319527,DA44_ZJ000032,DA40_ZJ000032,0.0,0.0,26.41688443670151,0.0,0.0
ZJ000003,DA35,0.0709764,0.1483795096885569,-52.16563247245065,0.0,3.0824646528848594,-3.011488252884859,-2129.58,0.0,7797.517685511992,14.729778872066772,DA35_ZJ000003,DA34,10.98928780206516,10.98928780206516,5.982699572236746,0.1761148776212939,DA34_DA35,1.0,0.041666666666666664,DA34_ZJ000003,DA35_ZJ000003,3.3358908,3.3358908,26.41688443670151,0.22647256479363106,5.982699572236746
ZJ000003,DA35,0.0709764,0.1483795096885569,-52.16563247245065,0.0,3.0824646528848594,-3.011488252884859,-2129.58,0.0,7797.517685511992,14.729778872066772,DA35_ZJ000003,DA36,7.878879076282175,7.878878617318121,5.982699572236746,0.1761148776212939,DA36_DA35,1.155992641604193,0.04816636006684138,DA36_ZJ000003,DA35_ZJ000003,3.3358908,3.3358908,26.41688443670151,0.22647256479363106,5.982699572236746
ZJ000003,DA35,0.0709764,0.1483795096885569,-52.16563247245065,0.0,3.0824646528848594,-3.011488252884859,-2129.58,0.0,7797.517685511992,14.729778872066772,DA35_ZJ000003,DA37,0.06592183810315935,0.0659217808031683,5.982699572236746,0.1761148776212939,DA37_DA35,1.0,0.041666666666666664,DA37_ZJ000003,DA35_ZJ000003,3.3358908,3.3358908,26.41688443670151,0.22647256479363106,5.982699572236746
ZJ000003,DA35,0.0709764,0.1483795096885569,-52.16563247245065,0.0,3.0824646528848594,-3.011488252884859,-2129.58,0.0,7797.517685511992,14.729778872066772,DA35_ZJ000003,DA38,19.390852053427786,19.390852053427786,5.982699572236746,0.1761148776212939,DA38_DA35,1.0,0.041666666666666664,DA38_ZJ000003,DA35_ZJ000003,3.3358908,3.3358908,26.41688443670151,0.22647256479363106,5.982699572236746
ZJ000003,DA35,0.0709764,0.1483795096885569,-52.16563247245065,0.0,3.0824646528848594,-3.011488252884859,-2129.58,0.0,7797.517685511992,14.729778872066772,DA35_ZJ000003,DA39,0.2788512100031325,0.2788509808031683,5.982699572236746,0.1761148776212939,DA39_DA35,1.0,0.041666666666666664,DA39_ZJ000003,DA35_ZJ000003,3.3358908,3.3358908,26.41688443670151,0.22647256479363106,5.982699572236746
ZJ000003,DA35,0.0709764,0.1483795096885569,-52.16563247245065,0.0,3.0824646528848594,-3.011488252884859,-2129.58,0.0,7797.517685511992,14.729778872066772,DA35_ZJ000003,DA42,0.269859766632548,0.269859766632548,5.982699572236746,0.1761148776212939,DA42_DA35,1.0,0.041666666666666664,DA42_ZJ000003,DA35_ZJ000003,3.3358908,3.3358908,26.41688443670151,0.22647256479363106,5.982699572236746
ZJ000003,DA35,0.0709764,0.1483795096885569,-52.16563247245065,0.0,3.0824646528848594,-3.011488252884859,-2129.58,0.0,7797.517685511992,14.729778872066772,DA35_ZJ000003,DA44,4.741373128250902,4.741372985195436,5.982699572236746,0.1761148776212939,DA44_DA35,1.0,0.041666666666666664,DA44_ZJ000003,DA35_ZJ000003,3.3358908,3.3358908,26.41688443670151,0.22647256479363106,5.982699572236746
ZJ000003,DA35,0.0709764,0.1483795096885569,-52.16563247245065,0.0,3.0824646528848594,-3.011488252884859,-2129.58,0.0,7797.517685511992,14.729778872066772,DA35_ZJ000003,DA46,3.0825707774034465,3.082567916199734,5.982699572236746,0.1761148776212939,DA46_DA35,1.264366951754586,0.052681956323107744,DA46_ZJ000003,DA35_ZJ000003,3.3358908,3.3358908,26.41688443670151,0.22647256479363106,5.982699572236746
ZJ000003,DA33,0.0,0.005206298585563399,-100.0,0.0,0.10815665448718802,-0.10815665448718802,-2177.42,0.0,7797.517685511992,0.5193250396316412,DA33_ZJ000003,DA34,10.98928780206516,10.98928780206516,26.41688443670151,0.1761148776212939,DA34_DA33,0.5140843776294046,0.02142018240122519,DA34_ZJ000003,DA33_ZJ000003,1.77441,0.5193250396316412,26.41688443670151,1.0,26.41688443670151
ZJ000003,DA33,0.0,0.005206298585563399,-100.0,0.0,0.10815665448718802,-0.10815665448718802,-2177.42,0.0,7797.517685511992,0.5193250396316412,DA33_ZJ000003,DA36,7.878879076282175,7.878878617318121,26.41688443670151,0.1761148776212939,DA36_DA33,0.8574469683224957,0.03572695701343732,DA36_ZJ000003,DA33_ZJ000003,1.77441,0.5193250396316412,26.41688443670151,1.0,26.41688443670151
ZJ000003,DA33,0.0,0.005206298585563399,-100.0,0.0,0.10815665448718802,-0.10815665448718802,-2177.42,0.0,7797.517685511992,0.5193250396316412,DA33_ZJ000003,DA37,0.06592183810315935,0.0659217808031683,26.41688443670151,0.1761148776212939,DA37_DA33,0.868735695119561,0.036197320629981704,DA37_ZJ000003,DA33_ZJ000003,1.77441,0.5193250396316412,26.41688443670151,1.0,26.41688443670151
ZJ000003,DA33,0.0,0.005206298585563399,-100.0,0.0,0.10815665448718802,-0.10815665448718802,-2177.42,0.0,7797.517685511992,0.5193250396316412,DA33_ZJ000003,DA38,19.390852053427786,19.390852053427786,26.41688443670151,0.1761148776212939,DA38_DA33,0.5814335926723664,0.024226399694681933,DA38_ZJ000003,DA33_ZJ000003,1.77441,0.5193250396316412,26.41688443670151,1.0,26.41688443670151
ZJ000003,DA33,0.0,0.005206298585563399,-100.0,0.0,0.10815665448718802,-0.10815665448718802,-2177.42,0.0,7797.517685511992,0.5193250396316412,DA33_ZJ000003,DA39,0.2788512100031325,0.2788509808031683,26.41688443670151,0.1761148776212939,DA39_DA33,0.8393843194538297,0.034974346643909575,DA39_ZJ000003,DA33_ZJ000003,1.77441,0.5193250396316412,26.41688443670151,1.0,26.41688443670151
ZJ000003,DA33,0.0,0.005206298585563399,-100.0,0.0,0.10815665448718802,-0.10815665448718802,-2177.42,0.0,7797.517685511992,0.5193250396316412,DA33_ZJ000003,DA42,0.269859766632548,0.269859766632548,26.41688443670151,0.1761148776212939,DA42_DA33,0.868735695119561,0.036197320629981704,DA42_ZJ000003,DA33_ZJ000003,1.77441,0.5193250396316412,26.41688443670151,1.0,26.41688443670151
ZJ000003,DA33,0.0,0.005206298585563399,-100.0,0.0,0.10815665448718802,-0.10815665448718802,-2177.42,0.0,7797.517685511992,0.5193250396316412,DA33_ZJ000003,DA44,4.741373128250902,4.741372985195436,26.41688443670151,0.1761148776212939,DA44_DA33,0.8393843194538297,0.034974346643909575,DA44_ZJ000003,DA33_ZJ000003,1.77441,0.5193250396316412,26.41688443670151,1.0,26.41688443670151
ZJ000003,DA33,0.0,0.005206298585563399,-100.0,0.0,0.10815665448718802,-0.10815665448718802,-2177.42,0.0,7797.517685511992,0.5193250396316412,DA33_ZJ000003,DA46,3.0825707774034465,3.082567916199734,26.41688443670151,0.1761148776212939,DA46_DA33,1.0,0.041666666666666664,DA46_ZJ000003,DA33_ZJ000003,1.77441,0.5193250396316412,26.41688443670151,1.0,26.41688443670151
ZJ000003,DA45,0.0,0.0050546191968317,-100.0,0.0,0.0,0.0,-100.0,0.0,7797.517685511992,0.3991894450050677,DA45_ZJ000003,DA34,10.98928780206516,10.98928780206516,0.0,0.1761148776212939,DA34_DA45,1.0,0.041666666666666664,DA34_ZJ000003,DA45_ZJ000003,0.0,0.0,26.41688443670151,0.0,0.0
ZJ000003,DA45,0.0,0.0050546191968317,-100.0,0.0,0.0,0.0,-100.0,0.0,7797.517685511992,0.3991894450050677,DA45_ZJ000003,DA36,7.878879076282175,7.878878617318121,0.0,0.1761148776212939,DA36_DA45,1.122125669682195,0.046755236236758126,DA36_ZJ000003,DA45_ZJ000003,0.0,0.0,26.41688443670151,0.0,0.0
ZJ000003,DA45,0.0,0.0050546191968317,-100.0,0.0,0.0,0.0,-100.0,0.0,7797.517685511992,0.3991894450050677,DA45_ZJ000003,DA37,0.06592183810315935,0.0659217808031683,0.0,0.1761148776212939,DA37_DA45,1.0,0.041666666666666664,DA37_ZJ000003,DA45_ZJ000003,0.0,0.0,26.41688443670151,0.0,0.0
ZJ000003,DA45,0.0,0.0050546191968317,-100.0,0.0,0.0,0.0,-100.0,0.0,7797.517685511992,0.3991894450050677,DA45_ZJ000003,DA38,19.390852053427786,19.390852053427786,0.0,0.1761148776212939,DA38_DA45,1.0,0.041666666666666664,DA38_ZJ000003,DA45_ZJ000003,0.0,0.0,26.41688443670151,0.0,0.0
ZJ000003,DA45,0.0,0.0050546191968317,-100.0,0.0,0.0,0.0,-100.0,0.0,7797.517685511992,0.3991894450050677,DA45_ZJ000003,DA39,0.2788512100031325,0.2788509808031683,0.0,0.1761148776212939,DA39_DA45,1.0,0.041666666666666664,DA39_ZJ000003,DA45_ZJ000003,0.0,0.0,26.41688443670151,0.0,0.0
ZJ000003,DA45,0.0,0.0050546191968317,-100.0,0.0,0.0,0.0,-100.0,0.0,7797.517685511992,0.3991894450050677,DA45_ZJ000003,DA42,0.269859766632548,0.269859766632548,0.0,0.1761148776212939,DA42_DA45,1.0,0.041666666666666664,DA42_ZJ000003,DA45_ZJ000003,0.0,0.0,26.41688443670151,0.0,0.0
ZJ000003,DA45,0.0,0.0050546191968317,-100.0,0.0,0.0,0.0,-100.0,0.0,7797.517685511992,0.3991894450050677,DA45_ZJ000003,DA44,4.741373128250902,4.741372985195436,0.0,0.1761148776212939,DA44_DA45,1.0,0.041666666666666664,DA44_ZJ000003,DA45_ZJ000003,0.0,0.0,26.41688443670151,0.0,0.0
ZJ000003,DA45,0.0,0.0050546191968317,-100.0,0.0,0.0,0.0,-100.0,0.0,7797.517685511992,0.3991894450050677,DA45_ZJ000003,DA46,3.0825707774034465,3.082567916199734,0.0,0.1761148776212939,DA46_DA45,1.230499979832588,0.0512708324930245,DA46_ZJ000003,DA45_ZJ000003,0.0,0.0,26.41688443670151,0.0,0.0
ZJ000003,DA40,0.0,0.1965377716050183,-100.0,0.0,4.082913706891349,-4.082913706891349,-2177.42,0.0,7797.517685511992,19.60452024609446,DA40_ZJ000003,DA34,10.98928780206516,10.98928780206516,0.0,0.1761148776212939,DA34_DA40,0.9084855858442228,0.037853566076842614,DA34_ZJ000003,DA40_ZJ000003,0.0,0.0,26.41688443670151,0.0,0.0
ZJ000003,DA40,0.0,0.1965377716050183,-100.0,0.0,4.082913706891349,-4.082913706891349,-2177.42,0.0,7797.517685511992,19.60452024609446,DA40_ZJ000003,DA36,7.878879076282175,7.878878617318121,0.0,0.1761148776212939,DA36_DA40,1.251848176537314,0.05216034068905475,DA36_ZJ000003,DA40_ZJ000003,0.0,0.0,26.41688443670151,0.0,0.0
ZJ000003,DA40,0.0,0.1965377716050183,-100.0,0.0,4.082913706891349,-4.082913706891349,-2177.42,0.0,7797.517685511992,19.60452024609446,DA40_ZJ000003,DA37,0.06592183810315935,0.0659217808031683,0.0,0.1761148776212939,DA37_DA40,1.263136903334379,0.05263070430559912,DA37_ZJ000003,DA40_ZJ000003,0.0,0.0,26.41688443670151,0.0,0.0
ZJ000003,DA40,0.0,0.1965377716050183,-100.0,0.0,4.082913706891349,-4.082913706891349,-2177.42,0.0,7797.517685511992,19.60452024609446,DA40_ZJ000003,DA38,19.390852053427786,19.390852053427786,0.0,0.1761148776212939,DA38_DA40,0.9758348008871847,0.04065978337029936,DA38_ZJ000003,DA40_ZJ000003,0.0,0.0,26.41688443670151,0.0,0.0
ZJ000003,DA40,0.0,0.1965377716050183,-100.0,0.0,4.082913706891349,-4.082913706891349,-2177.42,0.0,7797.517685511992,19.60452024609446,DA40_ZJ000003,DA39,0.2788512100031325,0.2788509808031683,0.0,0.1761148776212939,DA39_DA40,1.233785527668648,0.051407730319527,DA39_ZJ000003,DA40_ZJ000003,0.0,0.0,26.41688443670151,0.0,0.0
ZJ000003,DA40,0.0,0.1965377716050183,-100.0,0.0,4.082913706891349,-4.082913706891349,-2177.42,0.0,7797.517685511992,19.60452024609446,DA40_ZJ000003,DA42,0.269859766632548,0.269859766632548,0.0,0.1761148776212939,DA42_DA40,1.263136903334379,0.05263070430559912,DA42_ZJ000003,DA40_ZJ000003,0.0,0.0,26.41688443670151,0.0,0.0
ZJ000003,DA40,0.0,0.1965377716050183,-100.0,0.0,4.082913706891349,-4.082913706891349,-2177.42,0.0,7797.517685511992,19.60452024609446,DA40_ZJ000003,DA44,4.741373128250902,4.741372985195436,0.0,0.1761148776212939,DA44_DA40,1.233785527668648,0.051407730319527,DA44_ZJ000003,DA40_ZJ000003,0.0,0.0,26.41688443670151,0.0,0.0
ZJ000003,DA40,0.0,0.1965377716050183,-100.0,0.0,4.082913706891349,-4.082913706891349,-2177.42,0.0,7797.517685511992,19.60452024609446,DA40_ZJ000003,DA46,3.0825707774034465,3.082567916199734,0.0,0.1761148776212939,DA46_DA40,1.0,0.041666666666666664,DA46_ZJ000003,DA40_ZJ000003,0.0,0.0,26.41688443670151,0.0,0.0
ZF000001,DA34,0.0009674938687284366,0.0050546191968317,-80.85921350247564,0.0,0.0,0.0009674938687284366,-80.86,0.0,349.01094992109245,0.021728339556314324,DA34_ZF000001,DA38,0.21456656305782695,0.2145664890045234,0.0,0.1378131041890441,DA38_DA34,0.5321016066919075,0.02217090027882948,DA38_ZF000001,DA34_ZF000001,0.0,0.0,26.41688443670151,0.0,0.0
ZF000001,DA34,0.0009674938687284366,0.0050546191968317,-80.85921350247564,0.0,0.0,0.0009674938687284366,-80.86,0.0,349.01094992109245,0.021728339556314324,DA34_ZF000001,DA42,0.0026855191792766824,0.0026853317529957916,0.0,0.1378131041890441,DA42_DA34,0.8194037091391021,0.03414182121412925,DA42_ZF000001,DA34_ZF000001,0.0,0.0,26.41688443670151,0.0,0.0
ZF000001,DA34,0.0009674938687284366,0.0050546191968317,-80.85921350247564,0.0,0.0,0.0009674938687284366,-80.86,0.0,349.01094992109245,0.021728339556314324,DA34_ZF000001,DA45,0.03896656485029525,0.03896635183031216,0.0,0.1378131041890441,DA45_DA34,1.0,0.041666666666666664,DA45_ZF000001,DA34_ZF000001,0.0,0.0,26.41688443670151,0.0,0.0
ZF000001,DA39,0.0,0.0050546191968317,-100.0,0.0,0.0,0.0,-100.0,0.0,349.01094992109245,0.02269579367058791,DA39_ZF000001,DA38,0.21456656305782695,0.2145664890045234,0.0,0.1378131041890441,DA38_DA39,0.8574015485163325,0.035725064521513854,DA38_ZF000001,DA39_ZF000001,0.0,0.0,26.41688443670151,0.0,0.0
ZF000001,DA39,0.0,0.0050546191968317,-100.0,0.0,0.0,0.0,-100.0,0.0,349.01094992109245,0.02269579367058791,DA39_ZF000001,DA42,0.0026855191792766824,0.0026853317529957916,0.0,0.1378131041890441,DA42_DA39,1.144703650963527,0.04769598545681363,DA42_ZF000001,DA39_ZF000001,0.0,0.0,26.41688443670151,0.0,0.0
ZF000001,DA39,0.0,0.0050546191968317,-100.0,0.0,0.0,0.0,-100.0,0.0,349.01094992109245,0.02269579367058791,DA39_ZF000001,DA45,0.03896656485029525,0.03896635183031216,0.0,0.1378131041890441,DA45_DA39,1.0,0.041666666666666664,DA45_ZF000001,DA39_ZF000001,0.0,0.0,26.41688443670151,0.0,0.0
ZF000001,DA33,0.0,0.0050546191968317,-100.0,0.0,0.0,0.0,-100.0,0.0,349.01094992109245,0.02269579367058791,DA33_ZF000001,DA38,0.21456656305782695,0.2145664890045234,0.0,0.1378131041890441,DA38_DA33,0.5814335926723664,0.024226399694681933,DA38_ZF000001,DA33_ZF000001,0.0,0.0,26.41688443670151,0.0,0.0
ZF000001,DA33,0.0,0.0050546191968317,-100.0,0.0,0.0,0.0,-100.0,0.0,349.01094992109245,0.02269579367058791,DA33_ZF000001,DA42,0.0026855191792766824,0.0026853317529957916,0.0,0.1378131041890441,DA42_DA33,0.868735695119561,0.036197320629981704,DA42_ZF000001,DA33_ZF000001,0.0,0.0,26.41688443670151,0.0,0.0
ZF000001,DA33,0.0,0.0050546191968317,-100.0,0.0,0.0,0.0,-100.0,0.0,349.01094992109245,0.02269579367058791,DA33_ZF000001,DA45,0.03896656485029525,0.03896635183031216,0.0,0.1378131041890441,DA45_DA33,1.0,0.041666666666666664,DA45_ZF000001,DA33_ZF000001,0.0,0.0,26.41688443670151,0.0,0.0
ZF000001,DA35,0.0,0.0050546191968317,-100.0,0.0,0.0,0.0,-100.0,0.0,349.01094992109245,0.02269579367058791,DA35_ZF000001,DA38,0.21456656305782695,0.2145664890045234,0.0,0.1378131041890441,DA38_DA35,1.0,0.041666666666666664,DA38_ZF000001,DA35_ZF000001,0.0,0.0,26.41688443670151,0.0,0.0
ZF000001,DA35,0.0,0.0050546191968317,-100.0,0.0,0.0,0.0,-100.0,0.0,349.01094992109245,0.02269579367058791,DA35_ZF000001,DA42,0.0026855191792766824,0.0026853317529957916,0.0,0.1378131041890441,DA42_DA35,1.0,0.041666666666666664,DA42_ZF000001,DA35_ZF000001,0.0,0.0,26.41688443670151,0.0,0.0
ZF000001,DA35,0.0,0.0050546191968317,-100.0,0.0,0.0,0.0,-100.0,0.0,349.01094992109245,0.02269579367058791,DA35_ZF000001,DA45,0.03896656485029525,0.03896635183031216,0.0,0.1378131041890441,DA45_DA35,1.230499979832588,0.0512708324930245,DA45_ZF000001,DA35_ZF000001,0.0,0.0,26.41688443670151,0.0,0.0
ZF000001,DA46,0.0,0.0050546191968317,-100.0,0.0,0.0,0.0,-100.0,0.0,349.01094992109245,0.02269579367058791,DA46_ZF000001,DA38,0.21456656305782695,0.2145664890045234,0.0,0.1378131041890441,DA38_DA46,1.0,0.041666666666666664,DA38_ZF000001,DA46_ZF000001,0.0,0.0,26.41688443670151,0.0,0.0
ZF000001,DA46,0.0,0.0050546191968317,-100.0,0.0,0.0,0.0,-100.0,0.0,349.01094992109245,0.02269579367058791,DA46_ZF000001,DA42,0.0026855191792766824,0.0026853317529957916,0.0,0.1378131041890441,DA42_DA46,1.0,0.041666666666666664,DA42_ZF000001,DA46_ZF000001,0.0,0.0,26.41688443670151,0.0,0.0
ZF000001,DA46,0.0,0.0050546191968317,-100.0,0.0,0.0,0.0,-100.0,0.0,349.01094992109245,0.02269579367058791,DA46_ZF000001,DA45,0.03896656485029525,0.03896635183031216,0.0,0.1378131041890441,DA45_DA46,1.230499979832588,0.0512708324930245,DA45_ZF000001,DA46_ZF000001,0.0,0.0,26.41688443670151,0.0,0.0
ZF000001,DA36,0.0,0.0050546191968317,-100.0,0.0,0.0,0.0,-100.0,0.0,349.01094992109245,0.02269579367058791,DA36_ZF000001,DA38,0.21456656305782695,0.2145664890045234,0.0,0.1378131041890441,DA38_DA36,0.8754641973849986,0.03647767489104161,DA38_ZF000001,DA36_ZF000001,0.0,0.0,26.41688443670151,0.0,0.0
ZF000001,DA36,0.0,0.0050546191968317,-100.0,0.0,0.0,0.0,-100.0,0.0,349.01094992109245,0.02269579367058791,DA36_ZF000001,DA42,0.0026855191792766824,0.0026853317529957916,0.0,0.1378131041890441,DA42_DA36,1.162766299832193,0.048448595826341374,DA42_ZF000001,DA36_ZF000001,0.0,0.0,26.41688443670151,0.0,0.0
ZF000001,DA36,0.0,0.0050546191968317,-100.0,0.0,0.0,0.0,-100.0,0.0,349.01094992109245,0.02269579367058791,DA36_ZF000001,DA45,0.03896656485029525,0.03896635183031216,0.0,0.1378131041890441,DA45_DA36,1.122125669682195,0.046755236236758126,DA45_ZF000001,DA36_ZF000001,0.0,0.0,26.41688443670151,0.0,0.0
ZF000001,DA44,0.0,0.0050546191968317,-100.0,0.0,0.0,0.0,-100.0,0.0,349.01094992109245,0.02269579367058791,DA44_ZF000001,DA38,0.21456656305782695,0.2145664890045234,0.0,0.1378131041890441,DA38_DA44,0.8574015485163325,0.035725064521513854,DA38_ZF000001,DA44_ZF000001,0.0,0.0,26.41688443670151,0.0,0.0
ZF000001,DA44,0.0,0.0050546191968317,-100.0,0.0,0.0,0.0,-100.0,0.0,349.01094992109245,0.02269579367058791,DA44_ZF000001,DA42,0.0026855191792766824,0.0026853317529957916,0.0,0.1378131041890441,DA42_DA44,1.144703650963527,0.04769598545681363,DA42_ZF000001,DA44_ZF000001,0.0,0.0,26.41688443670151,0.0,0.0
ZF000001,DA44,0.0,0.0050546191968317,-100.0,0.0,0.0,0.0,-100.0,0.0,349.01094992109245,0.02269579367058791,DA44_ZF000001,DA45,0.03896656485029525,0.03896635183031216,0.0,0.1378131041890441,DA45_DA44,1.0,0.041666666666666664,DA45_ZF000001,DA44_ZF000001,0.0,0.0,26.41688443670151,0.0,0.0
ZF000001,DA37,0.0,0.0050546191968317,-100.0,0.0,0.0,0.0,-100.0,0.0,349.01094992109245,0.02269579367058791,DA37_ZF000001,DA38,0.21456656305782695,0.2145664890045234,0.0,0.1378131041890441,DA38_DA37,0.8867529241820639,0.036948038507586,DA38_ZF000001,DA37_ZF000001,0.0,0.0,26.41688443670151,0.0,0.0
ZF000001,DA37,0.0,0.0050546191968317,-100.0,0.0,0.0,0.0,-100.0,0.0,349.01094992109245,0.02269579367058791,DA37_ZF000001,DA42,0.0026855191792766824,0.0026853317529957916,0.0,0.1378131041890441,DA42_DA37,1.174055026629258,0.04891895944288575,DA42_ZF000001,DA37_ZF000001,0.0,0.0,26.41688443670151,0.0,0.0
ZF000001,DA37,0.0,0.0050546191968317,-100.0,0.0,0.0,0.0,-100.0,0.0,349.01094992109245,0.02269579367058791,DA37_ZF000001,DA45,0.03896656485029525,0.03896635183031216,0.0,0.1378131041890441,DA45_DA37,1.0,0.041666666666666664,DA45_ZF000001,DA37_ZF000001,0.0,0.0,26.41688443670151,0.0,0.0
ZF000001,DA40,0.0,0.0050546191968317,-100.0,0.0,0.0,0.0,-100.0,0.0,349.01094992109245,0.02269579367058791,DA40_ZF000001,DA38,0.21456656305782695,0.2145664890045234,0.0,0.1378131041890441,DA38_DA40,0.9758348008871847,0.04065978337029936,DA38_ZF000001,DA40_ZF000001,0.0,0.0,26.41688443670151,0.0,0.0
ZF000001,DA40,0.0,0.0050546191968317,-100.0,0.0,0.0,0.0,-100.0,0.0,349.01094992109245,0.02269579367058791,DA40_ZF000001,DA42,0.0026855191792766824,0.0026853317529957916,0.0,0.1378131041890441,DA42_DA40,1.263136903334379,0.05263070430559912,DA42_ZF000001,DA40_ZF000001,0.0,0.0,26.41688443670151,0.0,0.0
ZF000001,DA40,0.0,0.0050546191968317,-100.0,0.0,0.0,0.0,-100.0,0.0,349.01094992109245,0.02269579367058791,DA40_ZF000001,DA45,0.03896656485029525,0.03896635183031216,0.0,0.1378131041890441,DA45_DA40,1.0,0.041666666666666664,DA45_ZF000001,DA40_ZF000001,0.0,0.0,26.41688443670151,0.0,0.0
ZSD00007,DA35,0.54,0.09473536149019986,470.0089085065261,0.0,0.6207719630766247,-0.08077196307662471,-185.26,0.0,1740.1241023493942,1.824019589435538,DA35_ZSD00007,DA33,1.3969738468537267,1.3969738468537267,0.0,0.1157407407407407,DA33_DA35,1.0,0.041666666666666664,DA33_ZSD00007,DA35_ZSD00007,0.0,0.0,55.61759581881535,0.0,0.0
ZSD00007,DA35,0.54,0.09473536149019986,470.0089085065261,0.0,0.6207719630766247,-0.08077196307662471,-185.26,0.0,1740.1241023493942,1.824019589435538,DA35_ZSD00007,DA34,20.60640352095533,20.60640352095533,0.0,0.1157407407407407,DA34_DA35,1.0,0.041666666666666664,DA34_ZSD00007,DA35_ZSD00007,0.0,0.0,55.61759581881535,0.0,0.0
ZSD00007,DA35,0.54,0.09473536149019986,470.0089085065261,0.0,0.6207719630766247,-0.08077196307662471,-185.26,0.0,1740.1241023493942,1.824019589435538,DA35_ZSD00007,DA36,0.7195286788814926,0.7195254363692599,0.0,0.1157407407407407,DA36_DA35,1.155992641604193,0.04816636006684138,DA36_ZSD00007,DA35_ZSD00007,0.0,0.0,55.61759581881535,0.0,0.0
ZSD00007,DA35,0.54,0.09473536149019986,470.0089085065261,0.0,0.6207719630766247,-0.08077196307662471,-185.26,0.0,1740.1241023493942,1.824019589435538,DA35_ZSD00007,DA37,1.7076375930684384,1.7076332505492882,0.0,0.1157407407407407,DA37_DA35,1.0,0.041666666666666664,DA37_ZSD00007,DA35_ZSD00007,0.0,0.0,55.61759581881535,0.0,0.0
ZSD00007,DA35,0.54,0.09473536149019986,470.0089085065261,0.0,0.6207719630766247,-0.08077196307662471,-185.26,0.0,1740.1241023493942,1.824019589435538,DA35_ZSD00007,DA38,6.384113875871122,6.384113875871122,0.0,0.1157407407407407,DA38_DA35,1.0,0.041666666666666664,DA38_ZSD00007,DA35_ZSD00007,0.0,0.0,55.61759581881535,0.0,0.0
ZSD00007,DA35,0.54,0.09473536149019986,470.0089085065261,0.0,0.6207719630766247,-0.08077196307662471,-185.26,0.0,1740.1241023493942,1.824019589435538,DA35_ZSD00007,DA39,2.057760564477671,2.0577474107841396,0.0,0.1157407407407407,DA39_DA35,1.0,0.041666666666666664,DA39_ZSD00007,DA35_ZSD00007,0.0,0.0,55.61759581881535,0.0,0.0
ZSD00007,DA35,0.54,0.09473536149019986,470.0089085065261,0.0,0.6207719630766247,-0.08077196307662471,-185.26,0.0,1740.1241023493942,1.824019589435538,DA35_ZSD00007,DA40,7.631428110007574,7.631423472834819,0.0,0.1157407407407407,DA40_DA35,1.0,0.041666666666666664,DA40_ZSD00007,DA35_ZSD00007,0.0,0.0,55.61759581881535,0.0,0.0
ZSD00007,DA35,0.54,0.09473536149019986,470.0089085065261,0.0,0.6207719630766247,-0.08077196307662471,-185.26,0.0,1740.1241023493942,1.824019589435538,DA35_ZSD00007,DA42,0.713846829055178,0.7138448754371881,0.0,0.1157407407407407,DA42_DA35,1.0,0.041666666666666664,DA42_ZSD00007,DA35_ZSD00007,0.0,0.0,55.61759581881535,0.0,0.0
ZSD00007,DA35,0.54,0.09473536149019986,470.0089085065261,0.0,0.6207719630766247,-0.08077196307662471,-185.26,0.0,1740.1241023493942,1.824019589435538,DA35_ZSD00007,DA44,1.127859938562209,1.127859938562209,0.0,0.1157407407407407,DA44_DA35,1.0,0.041666666666666664,DA44_ZSD00007,DA35_ZSD00007,0.0,0.0,55.61759581881535,0.0,0.0
ZSD00007,DA35,0.54,0.09473536149019986,470.0089085065261,0.0,0.6207719630766247,-0.08077196307662471,-185.26,0.0,1740.1241023493942,1.824019589435538,DA35_ZSD00007,DA45,0.7071334375311978,0.7071325443676477,0.0,0.1157407407407407,DA45_DA35,1.230499979832588,0.0512708324930245,DA45_ZSD00007,DA35_ZSD00007,0.0,0.0,55.61759581881535,0.0,0.0
ZSD00007,DA46,0.5850000000000001,0.07254524674316114,706.3932873109267,0.0,0.5153972264871473,0.06960277351285282,-4.06,0.0,1740.1241023493942,1.2653226607043584,DA46_ZSD00007,DA33,1.3969738468537267,1.3969738468537267,0.0,0.1157407407407407,DA33_DA46,1.0,0.041666666666666664,DA33_ZSD00007,DA46_ZSD00007,0.0,0.0,55.61759581881535,0.0,0.0
ZSD00007,DA46,0.5850000000000001,0.07254524674316114,706.3932873109267,0.0,0.5153972264871473,0.06960277351285282,-4.06,0.0,1740.1241023493942,1.2653226607043584,DA46_ZSD00007,DA34,20.60640352095533,20.60640352095533,0.0,0.1157407407407407,DA34_DA46,1.0,0.041666666666666664,DA34_ZSD00007,DA46_ZSD00007,0.0,0.0,55.61759581881535,0.0,0.0
ZSD00007,DA46,0.5850000000000001,0.07254524674316114,706.3932873109267,0.0,0.5153972264871473,0.06960277351285282,-4.06,0.0,1740.1241023493942,1.2653226607043584,DA46_ZSD00007,DA36,0.7195286788814926,0.7195254363692599,0.0,0.1157407407407407,DA36_DA46,1.155992641604193,0.04816636006684138,DA36_ZSD00007,DA46_ZSD00007,0.0,0.0,55.61759581881535,0.0,0.0
ZSD00007,DA46,0.5850000000000001,0.07254524674316114,706.3932873109267,0.0,0.5153972264871473,0.06960277351285282,-4.06,0.0,1740.1241023493942,1.2653226607043584,DA46_ZSD00007,DA37,1.7076375930684384,1.7076332505492882,0.0,0.1157407407407407,DA37_DA46,1.0,0.041666666666666664,DA37_ZSD00007,DA46_ZSD00007,0.0,0.0,55.61759581881535,0.0,0.0
ZSD00007,DA46,0.5850000000000001,0.07254524674316114,706.3932873109267,0.0,0.5153972264871473,0.06960277351285282,-4.06,0.0,1740.1241023493942,1.2653226607043584,DA46_ZSD00007,DA38,6.384113875871122,6.384113875871122,0.0,0.1157407407407407,DA38_DA46,1.0,0.041666666666666664,DA38_ZSD00007,DA46_ZSD00007,0.0,0.0,55.61759581881535,0.0,0.0
ZSD00007,DA46,0.5850000000000001,0.07254524674316114,706.3932873109267,0.0,0.5153972264871473,0.06960277351285282,-4.06,0.0,1740.1241023493942,1.2653226607043584,DA46_ZSD00007,DA39,2.057760564477671,2.0577474107841396,0.0,0.1157407407407407,DA39_DA46,1.0,0.041666666666666664,DA39_ZSD00007,DA46_ZSD00007,0.0,0.0,55.61759581881535,0.0,0.0
ZSD00007,DA46,0.5850000000000001,0.07254524674316114,706.3932873109267,0.0,0.5153972264871473,0.06960277351285282,-4.06,0.0,1740.1241023493942,1.2653226607043584,DA46_ZSD00007,DA40,7.631428110007574,7.631423472834819,0.0,0.1157407407407407,DA40_DA46,1.0,0.041666666666666664,DA40_ZSD00007,DA46_ZSD00007,0.0,0.0,55.61759581881535,0.0,0.0
ZSD00007,DA46,0.5850000000000001,0.07254524674316114,706.3932873109267,0.0,0.5153972264871473,0.06960277351285282,-4.06,0.0,1740.1241023493942,1.2653226607043584,DA46_ZSD00007,DA42,0.713846829055178,0.7138448754371881,0.0,0.1157407407407407,DA42_DA46,1.0,0.041666666666666664,DA42_ZSD00007,DA46_ZSD00007,0.0,0.0,55.61759581881535,0.0,0.0
ZSD00007,DA46,0.5850000000000001,0.07254524674316114,706.3932873109267,0.0,0.5153972264871473,0.06960277351285282,-4.06,0.0,1740.1241023493942,1.2653226607043584,DA46_ZSD00007,DA44,1.127859938562209,1.127859938562209,0.0,0.1157407407407407,DA44_DA46,1.0,0.041666666666666664,DA44_ZSD00007,DA46_ZSD00007,0.0,0.0,55.61759581881535,0.0,0.0
ZSD00007,DA46,0.5850000000000001,0.07254524674316114,706.3932873109267,0.0,0.5153972264871473,0.06960277351285282,-4.06,0.0,1740.1241023493942,1.2653226607043584,DA46_ZSD00007,DA45,0.7071334375311978,0.7071325443676477,0.0,0.1157407407407407,DA45_DA46,1.230499979832588,0.0512708324930245,DA45_ZSD00007,DA46_ZSD00007,0.0,0.0,55.61759581881535,0.0,0.0
ZSD00006,DA33,3.97152,0.78481505621939,406.04533750048074,0.0,6.164938590431812,-2.193418590431812,-379.48,0.0,997.129723413934,10.803840374732655,DA33_ZSD00006,DA34,4.9476200401653525,4.947618372185822,0.0,0.09400263207369805,DA34_DA33,0.5140843776294046,0.02142018240122519,DA34_ZSD00006,DA33_ZSD00006,0.0,0.0,207.9311846689896,0.0,0.0
ZSD00006,DA33,3.97152,0.78481505621939,406.04533750048074,0.0,6.164938590431812,-2.193418590431812,-379.48,0.0,997.129723413934,10.803840374732655,DA33_ZSD00006,DA35,5.289987045385461,5.28996780028381,0.0,0.09400263207369805,DA35_DA33,1.0,0.041666666666666664,DA35_ZSD00006,DA33_ZSD00006,0.0,0.0,207.9311846689896,0.0,0.0
ZSD00006,DA33,3.97152,0.78481505621939,406.04533750048074,0.0,6.164938590431812,-2.193418590431812,-379.48,0.0,997.129723413934,10.803840374732655,DA33_ZSD00006,DA36,19.15166815497455,19.151655954184744,0.0,0.09400263207369805,DA36_DA33,0.8574469683224957,0.03572695701343732,DA36_ZSD00006,DA33_ZSD00006,0.0,0.0,207.9311846689896,0.0,0.0
ZSD00006,DA33,3.97152,0.78481505621939,406.04533750048074,0.0,6.164938590431812,-2.193418590431812,-379.48,0.0,997.129723413934,10.803840374732655,DA33_ZSD00006,DA37,0.9803810963465224,0.9803810963465224,0.0,0.09400263207369805,DA37_DA33,0.868735695119561,0.036197320629981704,DA37_ZSD00006,DA33_ZSD00006,0.0,0.0,207.9311846689896,0.0,0.0
ZSD00006,DA33,3.97152,0.78481505621939,406.04533750048074,0.0,6.164938590431812,-2.193418590431812,-379.48,0.0,997.129723413934,10.803840374732655,DA33_ZSD00006,DA39,17.94729040312543,17.947272806532457,0.0,0.09400263207369805,DA39_DA33,0.8393843194538297,0.034974346643909575,DA39_ZSD00006,DA33_ZSD00006,0.0,0.0,207.9311846689896,0.0,0.0
ZSD00006,DA33,3.97152,0.78481505621939,406.04533750048074,0.0,6.164938590431812,-2.193418590431812,-379.48,0.0,997.129723413934,10.803840374732655,DA33_ZSD00006,DA40,7.88789753537437,7.88789753537437,0.0,0.09400263207369805,DA40_DA33,0.9578175718246816,0.039909065492695066,DA40_ZSD00006,DA33_ZSD00006,0.0,0.0,207.9311846689896,0.0,0.0
ZSD00006,DA33,3.97152,0.78481505621939,406.04533750048074,0.0,6.164938590431812,-2.193418590431812,-379.48,0.0,997.129723413934,10.803840374732655,DA33_ZSD00006,DA42,4.064235817348972,4.064233747075321,0.0,0.09400263207369805,DA42_DA33,0.868735695119561,0.036197320629981704,DA42_ZSD00006,DA33_ZSD00006,0.0,0.0,207.9311846689896,0.0,0.0
ZSD00006,DA33,3.97152,0.78481505621939,406.04533750048074,0.0,6.164938590431812,-2.193418590431812,-379.48,0.0,997.129723413934,10.803840374732655,DA33_ZSD00006,DA44,16.649304222264966,16.649304222264966,0.0,0.09400263207369805,DA44_DA33,0.8393843194538297,0.034974346643909575,DA44_ZSD00006,DA33_ZSD00006,0.0,0.0,207.9311846689896,0.0,0.0
ZSD00006,DA33,3.97152,0.78481505621939,406.04533750048074,0.0,6.164938590431812,-2.193418590431812,-379.48,0.0,997.129723413934,10.803840374732655,DA33_ZSD00006,DA45,3.4919314267005452,3.491924018277589,0.0,0.09400263207369805,DA45_DA33,1.0,0.041666666666666664,DA45_ZSD00006,DA33_ZSD00006,0.0,0.0,207.9311846689896,0.0,0.0
ZSD00006,DA33,3.97152,0.78481505621939,406.04533750048074,0.0,6.164938590431812,-2.193418590431812,-379.48,0.0,997.129723413934,10.803840374732655,DA33_ZSD00006,DA46,6.716666860847704,6.716666860847704,0.0,0.09400263207369805,DA46_DA33,1.0,0.041666666666666664,DA46_ZSD00006,DA33_ZSD00006,0.0,0.0,207.9311846689896,0.0,0.0
ZSD00006,DA38,6.382800000000001,0.853505374698828,647.8336035379117,0.0,7.345828235922974,-0.9630282359229723,-212.83,0.0,997.129723413934,10.327071271029,DA38_ZSD00006,DA34,4.9476200401653525,4.947618372185822,0.0,0.09400263207369805,DA34_DA38,0.5321016066919075,0.02217090027882948,DA34_ZSD00006,DA38_ZSD00006,0.0,0.0,207.9311846689896,0.0,0.0
ZSD00006,DA38,6.382800000000001,0.853505374698828,647.8336035379117,0.0,7.345828235922974,-0.9630282359229723,-212.83,0.0,997.129723413934,10.327071271029,DA38_ZSD00006,DA35,5.289987045385461,5.28996780028381,0.0,0.09400263207369805,DA35_DA38,1.0,0.041666666666666664,DA35_ZSD00006,DA38_ZSD00006,0.0,0.0,207.9311846689896,0.0,0.0
ZSD00006,DA38,6.382800000000001,0.853505374698828,647.8336035379117,0.0,7.345828235922974,-0.9630282359229723,-212.83,0.0,997.129723413934,10.327071271029,DA38_ZSD00006,DA36,19.15166815497455,19.151655954184744,0.0,0.09400263207369805,DA36_DA38,0.8754641973849986,0.03647767489104161,DA36_ZSD00006,DA38_ZSD00006,0.0,0.0,207.9311846689896,0.0,0.0
ZSD00006,DA38,6.382800000000001,0.853505374698828,647.8336035379117,0.0,7.345828235922974,-0.9630282359229723,-212.83,0.0,997.129723413934,10.327071271029,DA38_ZSD00006,DA37,0.9803810963465224,0.9803810963465224,0.0,0.09400263207369805,DA37_DA38,0.8867529241820639,0.036948038507586,DA37_ZSD00006,DA38_ZSD00006,0.0,0.0,207.9311846689896,0.0,0.0
ZSD00006,DA38,6.382800000000001,0.853505374698828,647.8336035379117,0.0,7.345828235922974,-0.9630282359229723,-212.83,0.0,997.129723413934,10.327071271029,DA38_ZSD00006,DA39,17.94729040312543,17.947272806532457,0.0,0.09400263207369805,DA39_DA38,0.8574015485163325,0.035725064521513854,DA39_ZSD00006,DA38_ZSD00006,0.0,0.0,207.9311846689896,0.0,0.0
ZSD00006,DA38,6.382800000000001,0.853505374698828,647.8336035379117,0.0,7.345828235922974,-0.9630282359229723,-212.83,0.0,997.129723413934,10.327071271029,DA38_ZSD00006,DA40,7.88789753537437,7.88789753537437,0.0,0.09400263207369805,DA40_DA38,0.9758348008871847,0.04065978337029936,DA40_ZSD00006,DA38_ZSD00006,0.0,0.0,207.9311846689896,0.0,0.0
ZSD00006,DA38,6.382800000000001,0.853505374698828,647.8336035379117,0.0,7.345828235922974,-0.9630282359229723,-212.83,0.0,997.129723413934,10.327071271029,DA38_ZSD00006,DA42,4.064235817348972,4.064233747075321,0.0,0.09400263207369805,DA42_DA38,0.8867529241820639,0.036948038507586,DA42_ZSD00006,DA38_ZSD00006,0.0,0.0,207.9311846689896,0.0,0.0
ZSD00006,DA38,6.382800000000001,0.853505374698828,647.8336035379117,0.0,7.345828235922974,-0.9630282359229723,-212.83,0.0,997.129723413934,10.327071271029,DA38_ZSD00006,DA44,16.649304222264966,16.649304222264966,0.0,0.09400263207369805,DA44_DA38,0.8574015485163325,0.035725064521513854,DA44_ZSD00006,DA38_ZSD00006,0.0,0.0,207.9311846689896,0.0,0.0
ZSD00006,DA38,6.382800000000001,0.853505374698828,647.8336035379117,0.0,7.345828235922974,-0.9630282359229723,-212.83,0.0,997.129723413934,10.327071271029,DA38_ZSD00006,DA45,3.4919314267005452,3.491924018277589,0.0,0.09400263207369805,DA45_DA38,1.0,0.041666666666666664,DA45_ZSD00006,DA38_ZSD00006,0.0,0.0,207.9311846689896,0.0,0.0
ZSD00006,DA38,6.382800000000001,0.853505374698828,647.8336035379117,0.0,7.345828235922974,-0.9630282359229723,-212.83,0.0,997.129723413934,10.327071271029,DA38_ZSD00006,DA46,6.716666860847704,6.716666860847704,0.0,0.09400263207369805,DA46_DA38,1.0,0.041666666666666664,DA46_ZSD00006,DA38_ZSD00006,0.0,0.0,207.9311846689896,0.0,0.0
ZS000015,DA39,0.0,0.0050546191968317,-100.0,0.0,0.0,0.0,-100.0,0.0,250.79339774467434,0.01773127042362049,DA39_ZS000015,DA33,0.3898005490180339,0.3897998118010971,0.0,0.7435322027692425,DA33_DA39,0.8393843194538297,0.034974346643909575,DA33_ZS000015,DA39_ZS000015,0.0,0.0,26.41688443670151,0.0,0.0
ZS000015,DA39,0.0,0.0050546191968317,-100.0,0.0,0.0,0.0,-100.0,0.0,250.79339774467434,0.01773127042362049,DA39_ZS000015,DA38,0.13526728426721546,0.13526728426721546,0.0,0.7435322027692425,DA38_DA39,0.8574015485163325,0.035725064521513854,DA38_ZS000015,DA39_ZS000015,0.0,0.0,26.41688443670151,0.0,0.0
ZS000015,DA39,0.0,0.0050546191968317,-100.0,0.0,0.0,0.0,-100.0,0.0,250.79339774467434,0.01773127042362049,DA39_ZS000015,DA40,0.023200931562383075,0.023200931562383075,0.0,0.7435322027692425,DA40_DA39,1.233785527668648,0.051407730319527,DA40_ZS000015,DA39_ZS000015,0.0,0.0,26.41688443670151,0.0,0.0
ZS000015,DA42,0.0,0.0050546191968317,-100.0,0.0,0.0,0.0,-100.0,0.0,250.79339774467434,0.01773127042362049,DA42_ZS000015,DA33,0.3898005490180339,0.3897998118010971,0.0,0.7435322027692425,DA33_DA42,0.868735695119561,0.036197320629981704,DA33_ZS000015,DA42_ZS000015,0.0,0.0,26.41688443670151,0.0,0.0
ZS000015,DA42,0.0,0.0050546191968317,-100.0,0.0,0.0,0.0,-100.0,0.0,250.79339774467434,0.01773127042362049,DA42_ZS000015,DA38,0.13526728426721546,0.13526728426721546,0.0,0.7435322027692425,DA38_DA42,0.8867529241820639,0.036948038507586,DA38_ZS000015,DA42_ZS000015,0.0,0.0,26.41688443670151,0.0,0.0
ZS000015,DA42,0.0,0.0050546191968317,-100.0,0.0,0.0,0.0,-100.0,0.0,250.79339774467434,0.01773127042362049,DA42_ZS000015,DA40,0.023200931562383075,0.023200931562383075,0.0,0.7435322027692425,DA40_DA42,1.263136903334379,0.05263070430559912,DA40_ZS000015,DA42_ZS000015,0.0,0.0,26.41688443670151,0.0,0.0
ZS000015,DA34,0.0,0.02014252039468856,-100.0,0.0,0.09344071043473179,-0.09344071043473179,-563.9,0.0,250.79339774467434,0.1640997837949022,DA34_ZS000015,DA33,0.3898005490180339,0.3897998118010971,0.0,0.7435322027692425,DA33_DA34,0.5140843776294046,0.02142018240122519,DA33_ZS000015,DA34_ZS000015,0.0,0.0,26.41688443670151,0.0,0.0
ZS000015,DA34,0.0,0.02014252039468856,-100.0,0.0,0.09344071043473179,-0.09344071043473179,-563.9,0.0,250.79339774467434,0.1640997837949022,DA34_ZS000015,DA38,0.13526728426721546,0.13526728426721546,0.0,0.7435322027692425,DA38_DA34,0.5321016066919075,0.02217090027882948,DA38_ZS000015,DA34_ZS000015,0.0,0.0,26.41688443670151,0.0,0.0
ZS000015,DA34,0.0,0.02014252039468856,-100.0,0.0,0.09344071043473179,-0.09344071043473179,-563.9,0.0,250.79339774467434,0.1640997837949022,DA34_ZS000015,DA40,0.023200931562383075,0.023200931562383075,0.0,0.7435322027692425,DA40_DA34,0.9084855858442228,0.037853566076842614,DA40_ZS000015,DA34_ZS000015,0.0,0.0,26.41688443670151,0.0,0.0
ZS000015,DA45,0.0,0.0050546191968317,-100.0,0.0,0.0,0.0,-100.0,0.0,250.79339774467434,0.01773127042362049,DA45_ZS000015,DA33,0.3898005490180339,0.3897998118010971,0.0,0.7435322027692425,DA33_DA45,1.0,0.041666666666666664,DA33_ZS000015,DA45_ZS000015,0.0,0.0,26.41688443670151,0.0,0.0
ZS000015,DA45,0.0,0.0050546191968317,-100.0,0.0,0.0,0.0,-100.0,0.0,250.79339774467434,0.01773127042362049,DA45_ZS000015,DA38,0.13526728426721546,0.13526728426721546,0.0,0.7435322027692425,DA38_DA45,1.0,0.041666666666666664,DA38_ZS000015,DA45_ZS000015,0.0,0.0,26.41688443670151,0.0,0.0
ZS000015,DA45,0.0,0.0050546191968317,-100.0,0.0,0.0,0.0,-100.0,0.0,250.79339774467434,0.01773127042362049,DA45_ZS000015,DA40,0.023200931562383075,0.023200931562383075,0.0,0.7435322027692425,DA40_DA45,1.0,0.041666666666666664,DA40_ZS000015,DA45_ZS000015,0.0,0.0,26.41688443670151,0.0,0.0
ZS000015,DA35,0.0,0.0050546191968317,-100.0,0.0,0.0,0.0,-100.0,0.0,250.79339774467434,0.01773127042362049,DA35_ZS000015,DA33,0.3898005490180339,0.3897998118010971,0.0,0.7435322027692425,DA33_DA35,1.0,0.041666666666666664,DA33_ZS000015,DA35_ZS000015,0.0,0.0,26.41688443670151,0.0,0.0
ZS000015,DA35,0.0,0.0050546191968317,-100.0,0.0,0.0,0.0,-100.0,0.0,250.79339774467434,0.01773127042362049,DA35_ZS000015,DA38,0.13526728426721546,0.13526728426721546,0.0,0.7435322027692425,DA38_DA35,1.0,0.041666666666666664,DA38_ZS000015,DA35_ZS000015,0.0,0.0,26.41688443670151,0.0,0.0
ZS000015,DA35,0.0,0.0050546191968317,-100.0,0.0,0.0,0.0,-100.0,0.0,250.79339774467434,0.01773127042362049,DA35_ZS000015,DA40,0.023200931562383075,0.023200931562383075,0.0,0.7435322027692425,DA40_DA35,1.0,0.041666666666666664,DA40_ZS000015,DA35_ZS000015,0.0,0.0,26.41688443670151,0.0,0.0
ZS000015,DA46,0.0,0.0050546191968317,-100.0,0.0,0.0,0.0,-100.0,0.0,250.79339774467434,0.01773127042362049,DA46_ZS000015,DA33,0.3898005490180339,0.3897998118010971,0.0,0.7435322027692425,DA33_DA46,1.0,0.041666666666666664,DA33_ZS000015,DA46_ZS000015,0.0,0.0,26.41688443670151,0.0,0.0
ZS000015,DA46,0.0,0.0050546191968317,-100.0,0.0,0.0,0.0,-100.0,0.0,250.79339774467434,0.01773127042362049,DA46_ZS000015,DA38,0.13526728426721546,0.13526728426721546,0.0,0.7435322027692425,DA38_DA46,1.0,0.041666666666666664,DA38_ZS000015,DA46_ZS000015,0.0,0.0,26.41688443670151,0.0,0.0
ZS000015,DA46,0.0,0.0050546191968317,-100.0,0.0,0.0,0.0,-100.0,0.0,250.79339774467434,0.01773127042362049,DA46_ZS000015,DA40,0.023200931562383075,0.023200931562383075,0.0,0.7435322027692425,DA40_DA46,1.0,0.041666666666666664,DA40_ZS000015,DA46_ZS000015,0.0,0.0,26.41688443670151,0.0,0.0
ZS000015,DA36,0.0,0.01395419474654787,-100.0,0.0,0.07163787799996107,-0.07163787799996107,-613.38,0.0,250.79339774467434,0.12058843886915156,DA36_ZS000015,DA33,0.3898005490180339,0.3897998118010971,0.0,0.7435322027692425,DA33_DA36,0.8574469683224957,0.03572695701343732,DA33_ZS000015,DA36_ZS000015,0.0,0.0,26.41688443670151,0.0,0.0
ZS000015,DA36,0.0,0.01395419474654787,-100.0,0.0,0.07163787799996107,-0.07163787799996107,-613.38,0.0,250.79339774467434,0.12058843886915156,DA36_ZS000015,DA38,0.13526728426721546,0.13526728426721546,0.0,0.7435322027692425,DA38_DA36,0.8754641973849986,0.03647767489104161,DA38_ZS000015,DA36_ZS000015,0.0,0.0,26.41688443670151,0.0,0.0
ZS000015,DA36,0.0,0.01395419474654787,-100.0,0.0,0.07163787799996107,-0.07163787799996107,-613.38,0.0,250.79339774467434,0.12058843886915156,DA36_ZS000015,DA40,0.023200931562383075,0.023200931562383075,0.0,0.7435322027692425,DA40_DA36,1.251848176537314,0.05216034068905475,DA40_ZS000015,DA36_ZS000015,0.0,0.0,26.41688443670151,0.0,0.0
ZS000015,DA44,0.0,0.0050546191968317,-100.0,0.0,0.0,0.0,-100.0,0.0,250.79339774467434,0.01773127042362049,DA44_ZS000015,DA33,0.3898005490180339,0.3897998118010971,0.0,0.7435322027692425,DA33_DA44,0.8393843194538297,0.034974346643909575,DA33_ZS000015,DA44_ZS000015,0.0,0.0,26.41688443670151,0.0,0.0
ZS000015,DA44,0.0,0.0050546191968317,-100.0,0.0,0.0,0.0,-100.0,0.0,250.79339774467434,0.01773127042362049,DA44_ZS000015,DA38,0.13526728426721546,0.13526728426721546,0.0,0.7435322027692425,DA38_DA44,0.8574015485163325,0.035725064521513854,DA38_ZS000015,DA44_ZS000015,0.0,0.0,26.41688443670151,0.0,0.0
ZS000015,DA44,0.0,0.0050546191968317,-100.0,0.0,0.0,0.0,-100.0,0.0,250.79339774467434,0.01773127042362049,DA44_ZS000015,DA40,0.023200931562383075,0.023200931562383075,0.0,0.7435322027692425,DA40_DA44,1.233785527668648,0.051407730319527,DA40_ZS000015,DA44_ZS000015,0.0,0.0,26.41688443670151,0.0,0.0
ZS000015,DA37,0.0,0.0050546191968317,-100.0,0.0,0.0,0.0,-100.0,0.0,250.79339774467434,0.01773127042362049,DA37_ZS000015,DA33,0.3898005490180339,0.3897998118010971,0.0,0.7435322027692425,DA33_DA37,0.868735695119561,0.036197320629981704,DA33_ZS000015,DA37_ZS000015,0.0,0.0,26.41688443670151,0.0,0.0
ZS000015,DA37,0.0,0.0050546191968317,-100.0,0.0,0.0,0.0,-100.0,0.0,250.79339774467434,0.01773127042362049,DA37_ZS000015,DA38,0.13526728426721546,0.13526728426721546,0.0,0.7435322027692425,DA38_DA37,0.8867529241820639,0.036948038507586,DA38_ZS000015,DA37_ZS000015,0.0,0.0,26.41688443670151,0.0,0.0
ZS000015,DA37,0.0,0.0050546191968317,-100.0,0.0,0.0,0.0,-100.0,0.0,250.79339774467434,0.01773127042362049,DA37_ZS000015,DA40,0.023200931562383075,0.023200931562383075,0.0,0.7435322027692425,DA40_DA37,1.263136903334379,0.05263070430559912,DA40_ZS000015,DA37_ZS000015,0.0,0.0,26.41688443670151,0.0,0.0
ZS000013,DA39,0.0,0.0050546191968317,-100.0,0.0,0.0,0.0,-100.0,0.0,2801.9675855066826,0.14668341066285415,DA39_ZS000013,DA33,0.5929962650251455,0.5929962650251455,0.0,0.3965505081435959,DA33_DA39,0.8393843194538297,0.034974346643909575,DA33_ZS000013,DA39_ZS000013,0.0,0.0,26.41688443670151,0.0,0.0
ZS000013,DA39,0.0,0.0050546191968317,-100.0,0.0,0.0,0.0,-100.0,0.0,2801.9675855066826,0.14668341066285415,DA39_ZS000013,DA34,0.46026514600821333,0.46026514600821333,0.0,0.3965505081435959,DA34_DA39,0.7900523334733707,0.03291884722805711,DA34_ZS000013,DA39_ZS000013,0.0,0.0,26.41688443670151,0.0,0.0
ZS000013,DA39,0.0,0.0050546191968317,-100.0,0.0,0.0,0.0,-100.0,0.0,2801.9675855066826,0.14668341066285415,DA39_ZS000013,DA38,0.5588637800013679,0.5588637800013679,0.0,0.3965505081435959,DA38_DA39,0.8574015485163325,0.035725064521513854,DA38_ZS000013,DA39_ZS000013,0.0,0.0,26.41688443670151,0.0,0.0
ZS000013,DA42,0.0,0.0050546191968317,-100.0,0.0,0.0,0.0,-100.0,0.0,2801.9675855066826,0.14668341066285415,DA42_ZS000013,DA33,0.5929962650251455,0.5929962650251455,0.0,0.3965505081435959,DA33_DA42,0.868735695119561,0.036197320629981704,DA33_ZS000013,DA42_ZS000013,0.0,0.0,26.41688443670151,0.0,0.0
ZS000013,DA42,0.0,0.0050546191968317,-100.0,0.0,0.0,0.0,-100.0,0.0,2801.9675855066826,0.14668341066285415,DA42_ZS000013,DA34,0.46026514600821333,0.46026514600821333,0.0,0.3965505081435959,DA34_DA42,0.8194037091391021,0.03414182121412925,DA34_ZS000013,DA42_ZS000013,0.0,0.0,26.41688443670151,0.0,0.0
ZS000013,DA42,0.0,0.0050546191968317,-100.0,0.0,0.0,0.0,-100.0,0.0,2801.9675855066826,0.14668341066285415,DA42_ZS000013,DA38,0.5588637800013679,0.5588637800013679,0.0,0.3965505081435959,DA38_DA42,0.8867529241820639,0.036948038507586,DA38_ZS000013,DA42_ZS000013,0.0,0.0,26.41688443670151,0.0,0.0
ZS000013,DA45,0.0,0.0050546191968317,-100.0,0.0,0.0,0.0,-100.0,0.0,2801.9675855066826,0.14668341066285415,DA45_ZS000013,DA33,0.5929962650251455,0.5929962650251455,0.0,0.3965505081435959,DA33_DA45,1.0,0.041666666666666664,DA33_ZS000013,DA45_ZS000013,0.0,0.0,26.41688443670151,0.0,0.0
ZS000013,DA45,0.0,0.0050546191968317,-100.0,0.0,0.0,0.0,-100.0,0.0,2801.9675855066826,0.14668341066285415,DA45_ZS000013,DA34,0.46026514600821333,0.46026514600821333,0.0,0.3965505081435959,DA34_DA45,1.0,0.041666666666666664,DA34_ZS000013,DA45_ZS000013,0.0,0.0,26.41688443670151,0.0,0.0
ZS000013,DA45,0.0,0.0050546191968317,-100.0,0.0,0.0,0.0,-100.0,0.0,2801.9675855066826,0.14668341066285415,DA45_ZS000013,DA38,0.5588637800013679,0.5588637800013679,0.0,0.3965505081435959,DA38_DA45,1.0,0.041666666666666664,DA38_ZS000013,DA45_ZS000013,0.0,0.0,26.41688443670151,0.0,0.0
ZS000013,DA35,0.0,0.0050546191968317,-100.0,0.0,0.0,0.0,-100.0,0.0,2801.9675855066826,0.14668341066285415,DA35_ZS000013,DA33,0.5929962650251455,0.5929962650251455,0.0,0.3965505081435959,DA33_DA35,1.0,0.041666666666666664,DA33_ZS000013,DA35_ZS000013,0.0,0.0,26.41688443670151,0.0,0.0
ZS000013,DA35,0.0,0.0050546191968317,-100.0,0.0,0.0,0.0,-100.0,0.0,2801.9675855066826,0.14668341066285415,DA35_ZS000013,DA34,0.46026514600821333,0.46026514600821333,0.0,0.3965505081435959,DA34_DA35,1.0,0.041666666666666664,DA34_ZS000013,DA35_ZS000013,0.0,0.0,26.41688443670151,0.0,0.0
ZS000013,DA35,0.0,0.0050546191968317,-100.0,0.0,0.0,0.0,-100.0,0.0,2801.9675855066826,0.14668341066285415,DA35_ZS000013,DA38,0.5588637800013679,0.5588637800013679,0.0,0.3965505081435959,DA38_DA35,1.0,0.041666666666666664,DA38_ZS000013,DA35_ZS000013,0.0,0.0,26.41688443670151,0.0,0.0
ZS000013,DA46,0.0,0.0050546191968317,-100.0,0.0,0.0,0.0,-100.0,0.0,2801.9675855066826,0.14668341066285415,DA46_ZS000013,DA33,0.5929962650251455,0.5929962650251455,0.0,0.3965505081435959,DA33_DA46,1.0,0.041666666666666664,DA33_ZS000013,DA46_ZS000013,0.0,0.0,26.41688443670151,0.0,0.0
ZS000013,DA46,0.0,0.0050546191968317,-100.0,0.0,0.0,0.0,-100.0,0.0,2801.9675855066826,0.14668341066285415,DA46_ZS000013,DA34,0.46026514600821333,0.46026514600821333,0.0,0.3965505081435959,DA34_DA46,1.0,0.041666666666666664,DA34_ZS000013,DA46_ZS000013,0.0,0.0,26.41688443670151,0.0,0.0
ZS000013,DA46,0.0,0.0050546191968317,-100.0,0.0,0.0,0.0,-100.0,0.0,2801.9675855066826,0.14668341066285415,DA46_ZS000013,DA38,0.5588637800013679,0.5588637800013679,0.0,0.3965505081435959,DA38_DA46,1.0,0.041666666666666664,DA38_ZS000013,DA46_ZS000013,0.0,0.0,26.41688443670151,0.0,0.0
ZS000013,DA36,0.0,0.00407056345338417,-100.0,0.0,0.0,0.0,-100.0,0.0,2801.9675855066826,0.11812643196469003,DA36_ZS000013,DA33,0.5929962650251455,0.5929962650251455,0.0,0.3965505081435959,DA33_DA36,0.8574469683224957,0.03572695701343732,DA33_ZS000013,DA36_ZS000013,0.0,0.0,26.41688443670151,0.0,0.0
ZS000013,DA36,0.0,0.00407056345338417,-100.0,0.0,0.0,0.0,-100.0,0.0,2801.9675855066826,0.11812643196469003,DA36_ZS000013,DA34,0.46026514600821333,0.46026514600821333,0.0,0.3965505081435959,DA34_DA36,0.8081149823420368,0.033671457597584865,DA34_ZS000013,DA36_ZS000013,0.0,0.0,26.41688443670151,0.0,0.0
ZS000013,DA36,0.0,0.00407056345338417,-100.0,0.0,0.0,0.0,-100.0,0.0,2801.9675855066826,0.11812643196469003,DA36_ZS000013,DA38,0.5588637800013679,0.5588637800013679,0.0,0.3965505081435959,DA38_DA36,0.8754641973849986,0.03647767489104161,DA38_ZS000013,DA36_ZS000013,0.0,0.0,26.41688443670151,0.0,0.0
ZS000013,DA44,0.0,0.0050546191968317,-100.0,0.0,0.0,0.0,-100.0,0.0,2801.9675855066826,0.14668341066285415,DA44_ZS000013,DA33,0.5929962650251455,0.5929962650251455,0.0,0.3965505081435959,DA33_DA44,0.8393843194538297,0.034974346643909575,DA33_ZS000013,DA44_ZS000013,0.0,0.0,26.41688443670151,0.0,0.0
ZS000013,DA44,0.0,0.0050546191968317,-100.0,0.0,0.0,0.0,-100.0,0.0,2801.9675855066826,0.14668341066285415,DA44_ZS000013,DA34,0.46026514600821333,0.46026514600821333,0.0,0.3965505081435959,DA34_DA44,0.7900523334733707,0.03291884722805711,DA34_ZS000013,DA44_ZS000013,0.0,0.0,26.41688443670151,0.0,0.0
ZS000013,DA44,0.0,0.0050546191968317,-100.0,0.0,0.0,0.0,-100.0,0.0,2801.9675855066826,0.14668341066285415,DA44_ZS000013,DA38,0.5588637800013679,0.5588637800013679,0.0,0.3965505081435959,DA38_DA44,0.8574015485163325,0.035725064521513854,DA38_ZS000013,DA44_ZS000013,0.0,0.0,26.41688443670151,0.0,0.0
ZS000013,DA37,0.0,0.0050546191968317,-100.0,0.0,0.0,0.0,-100.0,0.0,2801.9675855066826,0.14668341066285415,DA37_ZS000013,DA33,0.5929962650251455,0.5929962650251455,0.0,0.3965505081435959,DA33_DA37,0.868735695119561,0.036197320629981704,DA33_ZS000013,DA37_ZS000013,0.0,0.0,26.41688443670151,0.0,0.0
ZS000013,DA37,0.0,0.0050546191968317,-100.0,0.0,0.0,0.0,-100.0,0.0,2801.9675855066826,0.14668341066285415,DA37_ZS000013,DA34,0.46026514600821333,0.46026514600821333,0.0,0.3965505081435959,DA34_DA37,0.8194037091391021,0.03414182121412925,DA34_ZS000013,DA37_ZS000013,0.0,0.0,26.41688443670151,0.0,0.0
ZS000013,DA37,0.0,0.0050546191968317,-100.0,0.0,0.0,0.0,-100.0,0.0,2801.9675855066826,0.14668341066285415,DA37_ZS000013,DA38,0.5588637800013679,0.5588637800013679,0.0,0.3965505081435959,DA38_DA37,0.8867529241820639,0.036948038507586,DA38_ZS000013,DA37_ZS000013,0.0,0.0,26.41688443670151,0.0,0.0
ZS000013,DA40,0.0,0.00301517663895381,-100.0,0.0,0.0,0.0,-100.0,0.0,2801.9675855066826,0.08749944870820943,DA40_ZS000013,DA33,0.5929962650251455,0.5929962650251455,0.0,0.3965505081435959,DA33_DA40,0.9578175718246816,0.039909065492695066,DA33_ZS000013,DA40_ZS000013,0.0,0.0,26.41688443670151,0.0,0.0
ZS000013,DA40,0.0,0.00301517663895381,-100.0,0.0,0.0,0.0,-100.0,0.0,2801.9675855066826,0.08749944870820943,DA40_ZS000013,DA34,0.46026514600821333,0.46026514600821333,0.0,0.3965505081435959,DA34_DA40,0.9084855858442228,0.037853566076842614,DA34_ZS000013,DA40_ZS000013,0.0,0.0,26.41688443670151,0.0,0.0
ZS000013,DA40,0.0,0.00301517663895381,-100.0,0.0,0.0,0.0,-100.0,0.0,2801.9675855066826,0.08749944870820943,DA40_ZS000013,DA38,0.5588637800013679,0.5588637800013679,0.0,0.3965505081435959,DA38_DA40,0.9758348008871847,0.04065978337029936,DA38_ZS000013,DA40_ZS000013,0.0,0.0,26.41688443670151,0.0,0.0
ZS000010,DA34,0.3082135054986842,0.04275781290052003,620.8355259324679,0.0,0.2693995001044701,0.03881400539421409,-9.22,0.0,1012.3274477390131,0.4367913463942849,DA34_ZS000010,DA33,0.3944735815044893,0.3944729563223152,8.472987288492861,0.3965505081435959,DA33_DA34,0.5140843776294046,0.02142018240122519,DA33_ZS000010,DA34_ZS000010,0.1400970479539474,0.1400970479539474,26.41688443670151,0.3207413542196963,8.472987288492861
ZS000010,DA34,0.3082135054986842,0.04275781290052003,620.8355259324679,0.0,0.2693995001044701,0.03881400539421409,-9.22,0.0,1012.3274477390131,0.4367913463942849,DA34_ZS000010,DA36,0.2477219738808836,0.2477208653099946,8.472987288492861,0.3965505081435959,DA36_DA34,0.8081149823420368,0.033671457597584865,DA36_ZS000010,DA34_ZS000010,0.1400970479539474,0.1400970479539474,26.41688443670151,0.3207413542196963,8.472987288492861
ZS000010,DA34,0.3082135054986842,0.04275781290052003,620.8355259324679,0.0,0.2693995001044701,0.03881400539421409,-9.22,0.0,1012.3274477390131,0.4367913463942849,DA34_ZS000010,DA38,0.561542431537698,0.5615418422691921,8.472987288492861,0.3965505081435959,DA38_DA34,0.5321016066919075,0.02217090027882948,DA38_ZS000010,DA34_ZS000010,0.1400970479539474,0.1400970479539474,26.41688443670151,0.3207413542196963,8.472987288492861
ZS000010,DA34,0.3082135054986842,0.04275781290052003,620.8355259324679,0.0,0.2693995001044701,0.03881400539421409,-9.22,0.0,1012.3274477390131,0.4367913463942849,DA34_ZS000010,DA40,1.0605838186373793,1.0605838186373793,8.472987288492861,0.3965505081435959,DA40_DA34,0.9084855858442228,0.037853566076842614,DA40_ZS000010,DA34_ZS000010,0.1400970479539474,0.1400970479539474,26.41688443670151,0.3207413542196963,8.472987288492861
ZS000010,DA39,0.0,0.0050546191968317,-100.0,0.0,0.0,0.0,-100.0,0.0,1012.3274477390131,0.056223916705044265,DA39_ZS000010,DA33,0.3944735815044893,0.3944729563223152,0.0,0.3965505081435959,DA33_DA39,0.8393843194538297,0.034974346643909575,DA33_ZS000010,DA39_ZS000010,0.0,0.0,26.41688443670151,0.0,0.0
ZS000010,DA39,0.0,0.0050546191968317,-100.0,0.0,0.0,0.0,-100.0,0.0,1012.3274477390131,0.056223916705044265,DA39_ZS000010,DA36,0.2477219738808836,0.2477208653099946,0.0,0.3965505081435959,DA36_DA39,1.133414924166462,0.047225621840269245,DA36_ZS000010,DA39_ZS000010,0.0,0.0,26.41688443670151,0.0,0.0
ZS000010,DA39,0.0,0.0050546191968317,-100.0,0.0,0.0,0.0,-100.0,0.0,1012.3274477390131,0.056223916705044265,DA39_ZS000010,DA38,0.561542431537698,0.5615418422691921,0.0,0.3965505081435959,DA38_DA39,0.8574015485163325,0.035725064521513854,DA38_ZS000010,DA39_ZS000010,0.0,0.0,26.41688443670151,0.0,0.0
ZS000010,DA39,0.0,0.0050546191968317,-100.0,0.0,0.0,0.0,-100.0,0.0,1012.3274477390131,0.056223916705044265,DA39_ZS000010,DA40,1.0605838186373793,1.0605838186373793,0.0,0.3965505081435959,DA40_DA39,1.233785527668648,0.051407730319527,DA40_ZS000010,DA39_ZS000010,0.0,0.0,26.41688443670151,0.0,0.0
ZS000010,DA42,0.0,0.0050546191968317,-100.0,0.0,0.0,0.0,-100.0,0.0,1012.3274477390131,0.056223916705044265,DA42_ZS000010,DA33,0.3944735815044893,0.3944729563223152,0.0,0.3965505081435959,DA33_DA42,0.868735695119561,0.036197320629981704,DA33_ZS000010,DA42_ZS000010,0.0,0.0,26.41688443670151,0.0,0.0
ZS000010,DA42,0.0,0.0050546191968317,-100.0,0.0,0.0,0.0,-100.0,0.0,1012.3274477390131,0.056223916705044265,DA42_ZS000010,DA36,0.2477219738808836,0.2477208653099946,0.0,0.3965505081435959,DA36_DA42,1.162766299832193,0.048448595826341374,DA36_ZS000010,DA42_ZS000010,0.0,0.0,26.41688443670151,0.0,0.0
ZS000010,DA42,0.0,0.0050546191968317,-100.0,0.0,0.0,0.0,-100.0,0.0,1012.3274477390131,0.056223916705044265,DA42_ZS000010,DA38,0.561542431537698,0.5615418422691921,0.0,0.3965505081435959,DA38_DA42,0.8867529241820639,0.036948038507586,DA38_ZS000010,DA42_ZS000010,0.0,0.0,26.41688443670151,0.0,0.0
ZS000010,DA42,0.0,0.0050546191968317,-100.0,0.0,0.0,0.0,-100.0,0.0,1012.3274477390131,0.056223916705044265,DA42_ZS000010,DA40,1.0605838186373793,1.0605838186373793,0.0,0.3965505081435959,DA40_DA42,1.263136903334379,0.05263070430559912,DA40_ZS000010,DA42_ZS000010,0.0,0.0,26.41688443670151,0.0,0.0
ZS000010,DA45,0.0,0.0050546191968317,-100.0,0.0,0.0,0.0,-100.0,0.0,1012.3274477390131,0.056223916705044265,DA45_ZS000010,DA33,0.3944735815044893,0.3944729563223152,0.0,0.3965505081435959,DA33_DA45,1.0,0.041666666666666664,DA33_ZS000010,DA45_ZS000010,0.0,0.0,26.41688443670151,0.0,0.0
ZS000010,DA45,0.0,0.0050546191968317,-100.0,0.0,0.0,0.0,-100.0,0.0,1012.3274477390131,0.056223916705044265,DA45_ZS000010,DA36,0.2477219738808836,0.2477208653099946,0.0,0.3965505081435959,DA36_DA45,1.122125669682195,0.046755236236758126,DA36_ZS000010,DA45_ZS000010,0.0,0.0,26.41688443670151,0.0,0.0
ZS000010,DA45,0.0,0.0050546191968317,-100.0,0.0,0.0,0.0,-100.0,0.0,1012.3274477390131,0.056223916705044265,DA45_ZS000010,DA38,0.561542431537698,0.5615418422691921,0.0,0.3965505081435959,DA38_DA45,1.0,0.041666666666666664,DA38_ZS000010,DA45_ZS000010,0.0,0.0,26.41688443670151,0.0,0.0
ZS000010,DA45,0.0,0.0050546191968317,-100.0,0.0,0.0,0.0,-100.0,0.0,1012.3274477390131,0.056223916705044265,DA45_ZS000010,DA40,1.0605838186373793,1.0605838186373793,0.0,0.3965505081435959,DA40_DA45,1.0,0.041666666666666664,DA40_ZS000010,DA45_ZS000010,0.0,0.0,26.41688443670151,0.0,0.0
ZS000010,DA35,0.0,0.0050546191968317,-100.0,0.0,0.0,0.0,-100.0,0.0,1012.3274477390131,0.056223916705044265,DA35_ZS000010,DA33,0.3944735815044893,0.3944729563223152,0.0,0.3965505081435959,DA33_DA35,1.0,0.041666666666666664,DA33_ZS000010,DA35_ZS000010,0.0,0.0,26.41688443670151,0.0,0.0
ZS000010,DA35,0.0,0.0050546191968317,-100.0,0.0,0.0,0.0,-100.0,0.0,1012.3274477390131,0.056223916705044265,DA35_ZS000010,DA36,0.2477219738808836,0.2477208653099946,0.0,0.3965505081435959,DA36_DA35,1.155992641604193,0.04816636006684138,DA36_ZS000010,DA35_ZS000010,0.0,0.0,26.41688443670151,0.0,0.0
ZS000010,DA35,0.0,0.0050546191968317,-100.0,0.0,0.0,0.0,-100.0,0.0,1012.3274477390131,0.056223916705044265,DA35_ZS000010,DA38,0.561542431537698,0.5615418422691921,0.0,0.3965505081435959,DA38_DA35,1.0,0.041666666666666664,DA38_ZS000010,DA35_ZS000010,0.0,0.0,26.41688443670151,0.0,0.0
ZS000010,DA35,0.0,0.0050546191968317,-100.0,0.0,0.0,0.0,-100.0,0.0,1012.3274477390131,0.056223916705044265,DA35_ZS000010,DA40,1.0605838186373793,1.0605838186373793,0.0,0.3965505081435959,DA40_DA35,1.0,0.041666666666666664,DA40_ZS000010,DA35_ZS000010,0.0,0.0,26.41688443670151,0.0,0.0
ZS000010,DA46,0.0,0.0050546191968317,-100.0,0.0,0.0,0.0,-100.0,0.0,1012.3274477390131,0.056223916705044265,DA46_ZS000010,DA33,0.3944735815044893,0.3944729563223152,0.0,0.3965505081435959,DA33_DA46,1.0,0.041666666666666664,DA33_ZS000010,DA46_ZS000010,0.0,0.0,26.41688443670151,0.0,0.0
ZS000010,DA46,0.0,0.0050546191968317,-100.0,0.0,0.0,0.0,-100.0,0.0,1012.3274477390131,0.056223916705044265,DA46_ZS000010,DA36,0.2477219738808836,0.2477208653099946,0.0,0.3965505081435959,DA36_DA46,1.155992641604193,0.04816636006684138,DA36_ZS000010,DA46_ZS000010,0.0,0.0,26.41688443670151,0.0,0.0
ZS000010,DA46,0.0,0.0050546191968317,-100.0,0.0,0.0,0.0,-100.0,0.0,1012.3274477390131,0.056223916705044265,DA46_ZS000010,DA38,0.561542431537698,0.5615418422691921,0.0,0.3965505081435959,DA38_DA46,1.0,0.041666666666666664,DA38_ZS000010,DA46_ZS000010,0.0,0.0,26.41688443670151,0.0,0.0
ZS000010,DA46,0.0,0.0050546191968317,-100.0,0.0,0.0,0.0,-100.0,0.0,1012.3274477390131,0.056223916705044265,DA46_ZS000010,DA40,1.0605838186373793,1.0605838186373793,0.0,0.3965505081435959,DA40_DA46,1.0,0.041666666666666664,DA40_ZS000010,DA46_ZS000010,0.0,0.0,26.41688443670151,0.0,0.0
ZS000010,DA44,0.0,0.0050546191968317,-100.0,0.0,0.0,0.0,-100.0,0.0,1012.3274477390131,0.056223916705044265,DA44_ZS000010,DA33,0.3944735815044893,0.3944729563223152,0.0,0.3965505081435959,DA33_DA44,0.8393843194538297,0.034974346643909575,DA33_ZS000010,DA44_ZS000010,0.0,0.0,26.41688443670151,0.0,0.0
ZS000010,DA44,0.0,0.0050546191968317,-100.0,0.0,0.0,0.0,-100.0,0.0,1012.3274477390131,0.056223916705044265,DA44_ZS000010,DA36,0.2477219738808836,0.2477208653099946,0.0,0.3965505081435959,DA36_DA44,1.133414924166462,0.047225621840269245,DA36_ZS000010,DA44_ZS000010,0.0,0.0,26.41688443670151,0.0,0.0
ZS000010,DA44,0.0,0.0050546191968317,-100.0,0.0,0.0,0.0,-100.0,0.0,1012.3274477390131,0.056223916705044265,DA44_ZS000010,DA38,0.561542431537698,0.5615418422691921,0.0,0.3965505081435959,DA38_DA44,0.8574015485163325,0.035725064521513854,DA38_ZS000010,DA44_ZS000010,0.0,0.0,26.41688443670151,0.0,0.0
ZS000010,DA44,0.0,0.0050546191968317,-100.0,0.0,0.0,0.0,-100.0,0.0,1012.3274477390131,0.056223916705044265,DA44_ZS000010,DA40,1.0605838186373793,1.0605838186373793,0.0,0.3965505081435959,DA40_DA44,1.233785527668648,0.051407730319527,DA40_ZS000010,DA44_ZS000010,0.0,0.0,26.41688443670151,0.0,0.0
ZS000010,DA37,0.0,0.0050546191968317,-100.0,0.0,0.0,0.0,-100.0,0.0,1012.3274477390131,0.056223916705044265,DA37_ZS000010,DA33,0.3944735815044893,0.3944729563223152,0.0,0.3965505081435959,DA33_DA37,0.868735695119561,0.036197320629981704,DA33_ZS000010,DA37_ZS000010,0.0,0.0,26.41688443670151,0.0,0.0
ZS000010,DA37,0.0,0.0050546191968317,-100.0,0.0,0.0,0.0,-100.0,0.0,1012.3274477390131,0.056223916705044265,DA37_ZS000010,DA36,0.2477219738808836,0.2477208653099946,0.0,0.3965505081435959,DA36_DA37,1.162766299832193,0.048448595826341374,DA36_ZS000010,DA37_ZS000010,0.0,0.0,26.41688443670151,0.0,0.0
ZS000010,DA37,0.0,0.0050546191968317,-100.0,0.0,0.0,0.0,-100.0,0.0,1012.3274477390131,0.056223916705044265,DA37_ZS000010,DA38,0.561542431537698,0.5615418422691921,0.0,0.3965505081435959,DA38_DA37,0.8867529241820639,0.036948038507586,DA38_ZS000010,DA37_ZS000010,0.0,0.0,26.41688443670151,0.0,0.0
ZS000010,DA37,0.0,0.0050546191968317,-100.0,0.0,0.0,0.0,-100.0,0.0,1012.3274477390131,0.056223916705044265,DA37_ZS000010,DA40,1.0605838186373793,1.0605838186373793,0.0,0.3965505081435959,DA40_DA37,1.263136903334379,0.05263070430559912,DA40_ZS000010,DA37_ZS000010,0.0,0.0,26.41688443670151,0.0,0.0
ZS000009,DA33,1.604649186602871,0.736048870937832,118.00851138570695,0.0,5.610003976286297,-4.005354789683426,-644.17,0.0,-350.67033635834395,4.741406011920232,DA33_ZS000009,DA36,2.075274298184348,2.075274298184348,0.0,0.3778084362996899,DA36_DA33,0.8574469683224957,0.03572695701343732,DA36_ZS000009,DA33_ZS000009,0.0,0.0,26.41688443670151,0.0,0.0
ZS000009,DA33,1.604649186602871,0.736048870937832,118.00851138570695,0.0,5.610003976286297,-4.005354789683426,-644.17,0.0,-350.67033635834395,4.741406011920232,DA33_ZS000009,DA38,0.5621280830776435,0.562113950226104,0.0,0.3778084362996899,DA38_DA33,0.5814335926723664,0.024226399694681933,DA38_ZS000009,DA33_ZS000009,0.0,0.0,26.41688443670151,0.0,0.0
ZS000009,DA34,3.713853014354067,1.243218740287124,198.72884746704707,3.176212822966507,9.745409429222851,-2.855343591902278,-329.67,0.0,-350.67033635834395,4.098519221104562,DA34_ZS000009,DA36,2.075274298184348,2.075274298184348,0.0,0.3778084362996899,DA36_DA34,0.8081149823420368,0.033671457597584865,DA36_ZS000009,DA34_ZS000009,0.0,0.0,26.41688443670151,0.0,0.0
ZS000009,DA34,3.713853014354067,1.243218740287124,198.72884746704707,3.176212822966507,9.745409429222851,-2.855343591902278,-329.67,0.0,-350.67033635834395,4.098519221104562,DA34_ZS000009,DA38,0.5621280830776435,0.562113950226104,0.0,0.3778084362996899,DA38_DA34,0.5321016066919075,0.02217090027882948,DA38_ZS000009,DA34_ZS000009,0.0,0.0,26.41688443670151,0.0,0.0
ZS000009,DA35,0.7830246889952154,0.6063433922055532,29.13881788123229,0.0,4.612065344617135,-3.82904065562192,-731.5,0.0,-350.67033635834395,4.435401913983622,DA35_ZS000009,DA36,2.075274298184348,2.075274298184348,0.0,0.3778084362996899,DA36_DA35,1.155992641604193,0.04816636006684138,DA36_ZS000009,DA35_ZS000009,0.0,0.0,26.41688443670151,0.0,0.0
ZS000009,DA35,0.7830246889952154,0.6063433922055532,29.13881788123229,0.0,4.612065344617135,-3.82904065562192,-731.5,0.0,-350.67033635834395,4.435401913983622,DA35_ZS000009,DA38,0.5621280830776435,0.562113950226104,0.0,0.3778084362996899,DA38_DA35,1.0,0.041666666666666664,DA38_ZS000009,DA35_ZS000009,0.0,0.0,26.41688443670151,0.0,0.0
ZS000009,DA37,1.938261818181818,0.5488601618427369,253.1431050988142,1.654277511961723,3.9982841142339196,-0.4057447840903783,-173.92,0.0,-350.67033635834395,0.954577593476888,DA37_ZS000009,DA36,2.075274298184348,2.075274298184348,0.0,0.3778084362996899,DA36_DA37,1.162766299832193,0.048448595826341374,DA36_ZS000009,DA37_ZS000009,0.0,0.0,26.41688443670151,0.0,0.0
ZS000009,DA37,1.938261818181818,0.5488601618427369,253.1431050988142,1.654277511961723,3.9982841142339196,-0.4057447840903783,-173.92,0.0,-350.67033635834395,0.954577593476888,DA37_ZS000009,DA38,0.5621280830776435,0.562113950226104,0.0,0.3778084362996899,DA38_DA37,0.8867529241820639,0.036948038507586,DA38_ZS000009,DA37_ZS000009,0.0,0.0,26.41688443670151,0.0,0.0
ZS000009,DA39,1.668063157894737,0.7696722055132653,116.72383983027797,0.0,6.088840397152635,-4.420777239257898,-674.37,0.0,-350.67033635834395,5.190438452319808,DA39_ZS000009,DA36,2.075274298184348,2.075274298184348,0.0,0.3778084362996899,DA36_DA39,1.133414924166462,0.047225621840269245,DA36_ZS000009,DA39_ZS000009,0.0,0.0,26.41688443670151,0.0,0.0
ZS000009,DA39,1.668063157894737,0.7696722055132653,116.72383983027797,0.0,6.088840397152635,-4.420777239257898,-674.37,0.0,-350.67033635834395,5.190438452319808,DA39_ZS000009,DA38,0.5621280830776435,0.562113950226104,0.0,0.3778084362996899,DA38_DA39,0.8574015485163325,0.035725064521513854,DA38_ZS000009,DA39_ZS000009,0.0,0.0,26.41688443670151,0.0,0.0
ZS000009,DA40,5.40673033492823,1.113945113702815,385.36775002818234,1.654277511961723,8.215309411636326,-1.1543015647463735,-203.62,0.0,-350.67033635834395,2.268215040521672,DA40_ZS000009,DA36,2.075274298184348,2.075274298184348,0.0,0.3778084362996899,DA36_DA40,1.251848176537314,0.05216034068905475,DA36_ZS000009,DA40_ZS000009,0.0,0.0,26.41688443670151,0.0,0.0
ZS000009,DA40,5.40673033492823,1.113945113702815,385.36775002818234,1.654277511961723,8.215309411636326,-1.1543015647463735,-203.62,0.0,-350.67033635834395,2.268215040521672,DA40_ZS000009,DA38,0.5621280830776435,0.562113950226104,0.0,0.3778084362996899,DA38_DA40,0.9758348008871847,0.04065978337029936,DA38_ZS000009,DA40_ZS000009,0.0,0.0,26.41688443670151,0.0,0.0
ZS000009,DA42,1.359264688995215,0.3728133858416904,264.59653559016954,0.0,3.089583179180756,-1.7303184901855413,-564.12,0.0,-350.67033635834395,2.103114872210144,DA42_ZS000009,DA36,2.075274298184348,2.075274298184348,0.0,0.3778084362996899,DA36_DA42,1.162766299832193,0.048448595826341374,DA36_ZS000009,DA42_ZS000009,0.0,0.0,26.41688443670151,0.0,0.0
ZS000009,DA42,1.359264688995215,0.3728133858416904,264.59653559016954,0.0,3.089583179180756,-1.7303184901855413,-564.12,0.0,-350.67033635834395,2.103114872210144,DA42_ZS000009,DA38,0.5621280830776435,0.562113950226104,0.0,0.3778084362996899,DA38_DA42,0.8867529241820639,0.036948038507586,DA38_ZS000009,DA42_ZS000009,0.0,0.0,26.41688443670151,0.0,0.0
ZS000009,DA44,1.46954985645933,0.4390572311839575,234.70576318639732,0.9925665071770335,3.4889762847669976,-1.026859921130634,-333.88,0.0,-350.67033635834395,1.4659242834769972,DA44_ZS000009,DA36,2.075274298184348,2.075274298184348,0.0,0.3778084362996899,DA36_DA44,1.133414924166462,0.047225621840269245,DA36_ZS000009,DA44_ZS000009,0.0,0.0,26.41688443670151,0.0,0.0
ZS000009,DA44,1.46954985645933,0.4390572311839575,234.70576318639732,0.9925665071770335,3.4889762847669976,-1.026859921130634,-333.88,0.0,-350.67033635834395,1.4659242834769972,DA44_ZS000009,DA38,0.5621280830776435,0.562113950226104,0.0,0.3778084362996899,DA38_DA44,0.8574015485163325,0.035725064521513854,DA38_ZS000009,DA44_ZS000009,0.0,0.0,26.41688443670151,0.0,0.0
ZS000009,DA45,1.822462392344498,0.6683721245919074,172.67181339396097,0.8602243062200957,5.062606886068643,-2.3799201875040494,-456.08,0.0,-350.67033635834395,3.0483115858387713,DA45_ZS000009,DA36,2.075274298184348,2.075274298184348,0.0,0.3778084362996899,DA36_DA45,1.122125669682195,0.046755236236758126,DA36_ZS000009,DA45_ZS000009,0.0,0.0,26.41688443670151,0.0,0.0
ZS000009,DA45,1.822462392344498,0.6683721245919074,172.67181339396097,0.8602243062200957,5.062606886068643,-2.3799201875040494,-456.08,0.0,-350.67033635834395,3.0483115858387713,DA45_ZS000009,DA38,0.5621280830776435,0.562113950226104,0.0,0.3778084362996899,DA38_DA45,1.0,0.041666666666666664,DA38_ZS000009,DA45_ZS000009,0.0,0.0,26.41688443670151,0.0,0.0
ZS000009,DA46,1.232436746411483,0.366848206570274,235.9527794707633,0.0,2.657542135808175,-1.4251053893966923,-488.47,0.0,-350.67033635834395,1.7919434346338177,DA46_ZS000009,DA36,2.075274298184348,2.075274298184348,0.0,0.3778084362996899,DA36_DA46,1.155992641604193,0.04816636006684138,DA36_ZS000009,DA46_ZS000009,0.0,0.0,26.41688443670151,0.0,0.0
ZS000009,DA46,1.232436746411483,0.366848206570274,235.9527794707633,0.0,2.657542135808175,-1.4251053893966923,-488.47,0.0,-350.67033635834395,1.7919434346338177,DA46_ZS000009,DA38,0.5621280830776435,0.562113950226104,0.0,0.3778084362996899,DA38_DA46,1.0,0.041666666666666664,DA38_ZS000009,DA46_ZS000009,0.0,0.0,26.41688443670151,0.0,0.0
ZS000003,DA34,3.22781052631579,0.3453656965813191,834.6065802906909,0.0,6.097064831927024,-2.869254305611234,-930.79,0.0,2037.511916441295,10.251496590354122,DA34_ZS000003,DA33,2.009705377346967,2.009705377346967,0.0,0.2003529586437749,DA33_DA34,0.5140843776294046,0.02142018240122519,DA33_ZS000003,DA34_ZS000003,0.0,0.0,26.41688443670151,0.0,0.0
ZS000003,DA34,3.22781052631579,0.3453656965813191,834.6065802906909,0.0,6.097064831927024,-2.869254305611234,-930.79,0.0,2037.511916441295,10.251496590354122,DA34_ZS000003,DA35,0.31457660697694695,0.3145753420479018,0.0,0.2003529586437749,DA35_DA34,1.0,0.041666666666666664,DA35_ZS000003,DA34_ZS000003,0.0,0.0,26.41688443670151,0.0,0.0
ZS000003,DA34,3.22781052631579,0.3453656965813191,834.6065802906909,0.0,6.097064831927024,-2.869254305611234,-930.79,0.0,2037.511916441295,10.251496590354122,DA34_ZS000003,DA36,7.086962062138378,7.086962062138378,0.0,0.2003529586437749,DA36_DA34,0.8081149823420368,0.033671457597584865,DA36_ZS000003,DA34_ZS000003,0.0,0.0,26.41688443670151,0.0,0.0
ZS000003,DA34,3.22781052631579,0.3453656965813191,834.6065802906909,0.0,6.097064831927024,-2.869254305611234,-930.79,0.0,2037.511916441295,10.251496590354122,DA34_ZS000003,DA37,0.23263173163648404,0.23263173163648404,0.0,0.2003529586437749,DA37_DA34,0.8194037091391021,0.03414182121412925,DA37_ZS000003,DA34_ZS000003,0.0,0.0,26.41688443670151,0.0,0.0
ZS000003,DA34,3.22781052631579,0.3453656965813191,834.6065802906909,0.0,6.097064831927024,-2.869254305611234,-930.79,0.0,2037.511916441295,10.251496590354122,DA34_ZS000003,DA38,7.447711597400803,7.447711597400803,0.0,0.2003529586437749,DA38_DA34,0.5321016066919075,0.02217090027882948,DA38_ZS000003,DA34_ZS000003,0.0,0.0,26.41688443670151,0.0,0.0
ZS000003,DA34,3.22781052631579,0.3453656965813191,834.6065802906909,0.0,6.097064831927024,-2.869254305611234,-930.79,0.0,2037.511916441295,10.251496590354122,DA34_ZS000003,DA39,4.744446783270627,4.744445567107395,0.0,0.2003529586437749,DA39_DA34,0.7900523334733707,0.03291884722805711,DA39_ZS000003,DA34_ZS000003,0.0,0.0,26.41688443670151,0.0,0.0
ZS000003,DA34,3.22781052631579,0.3453656965813191,834.6065802906909,0.0,6.097064831927024,-2.869254305611234,-930.79,0.0,2037.511916441295,10.251496590354122,DA34_ZS000003,DA40,3.8212198607480587,3.8212198607480587,0.0,0.2003529586437749,DA40_DA34,0.9084855858442228,0.037853566076842614,DA40_ZS000003,DA34_ZS000003,0.0,0.0,26.41688443670151,0.0,0.0
ZS000003,DA34,3.22781052631579,0.3453656965813191,834.6065802906909,0.0,6.097064831927024,-2.869254305611234,-930.79,0.0,2037.511916441295,10.251496590354122,DA34_ZS000003,DA44,4.499703411129189,4.499701530773419,0.0,0.2003529586437749,DA44_DA34,0.7900523334733707,0.03291884722805711,DA44_ZS000003,DA34_ZS000003,0.0,0.0,26.41688443670151,0.0,0.0
ZS000003,DA34,3.22781052631579,0.3453656965813191,834.6065802906909,0.0,6.097064831927024,-2.869254305611234,-930.79,0.0,2037.511916441295,10.251496590354122,DA34_ZS000003,DA45,0.05560232755090774,0.05560222290843147,0.0,0.2003529586437749,DA45_DA34,1.0,0.041666666666666664,DA45_ZS000003,DA34_ZS000003,0.0,0.0,26.41688443670151,0.0,0.0
ZS000003,DA34,3.22781052631579,0.3453656965813191,834.6065802906909,0.0,6.097064831927024,-2.869254305611234,-930.79,0.0,2037.511916441295,10.251496590354122,DA34_ZS000003,DA46,0.3682878784645244,0.36828450409743774,0.0,0.2003529586437749,DA46_DA34,1.0,0.041666666666666664,DA46_ZS000003,DA34_ZS000003,0.0,0.0,26.41688443670151,0.0,0.0
ZS000003,DA42,0.9011873684210527,0.05793629478842775,1455.4798105609211,0.0,1.0470232410897875,-0.14583587266873477,-351.72,0.0,2037.511916441295,1.3842324462886302,DA42_ZS000003,DA33,2.009705377346967,2.009705377346967,0.0,0.2003529586437749,DA33_DA42,0.868735695119561,0.036197320629981704,DA33_ZS000003,DA42_ZS000003,0.0,0.0,26.41688443670151,0.0,0.0
ZS000003,DA42,0.9011873684210527,0.05793629478842775,1455.4798105609211,0.0,1.0470232410897875,-0.14583587266873477,-351.72,0.0,2037.511916441295,1.3842324462886302,DA42_ZS000003,DA35,0.31457660697694695,0.3145753420479018,0.0,0.2003529586437749,DA35_DA42,1.0,0.041666666666666664,DA35_ZS000003,DA42_ZS000003,0.0,0.0,26.41688443670151,0.0,0.0
ZS000003,DA42,0.9011873684210527,0.05793629478842775,1455.4798105609211,0.0,1.0470232410897875,-0.14583587266873477,-351.72,0.0,2037.511916441295,1.3842324462886302,DA42_ZS000003,DA36,7.086962062138378,7.086962062138378,0.0,0.2003529586437749,DA36_DA42,1.162766299832193,0.048448595826341374,DA36_ZS000003,DA42_ZS000003,0.0,0.0,26.41688443670151,0.0,0.0
ZS000003,DA42,0.9011873684210527,0.05793629478842775,1455.4798105609211,0.0,1.0470232410897875,-0.14583587266873477,-351.72,0.0,2037.511916441295,1.3842324462886302,DA42_ZS000003,DA37,0.23263173163648404,0.23263173163648404,0.0,0.2003529586437749,DA37_DA42,1.174055026629258,0.04891895944288575,DA37_ZS000003,DA42_ZS000003,0.0,0.0,26.41688443670151,0.0,0.0
ZS000003,DA42,0.9011873684210527,0.05793629478842775,1455.4798105609211,0.0,1.0470232410897875,-0.14583587266873477,-351.72,0.0,2037.511916441295,1.3842324462886302,DA42_ZS000003,DA38,7.447711597400803,7.447711597400803,0.0,0.2003529586437749,DA38_DA42,0.8867529241820639,0.036948038507586,DA38_ZS000003,DA42_ZS000003,0.0,0.0,26.41688443670151,0.0,0.0
ZS000003,DA42,0.9011873684210527,0.05793629478842775,1455.4798105609211,0.0,1.0470232410897875,-0.14583587266873477,-351.72,0.0,2037.511916441295,1.3842324462886302,DA42_ZS000003,DA39,4.744446783270627,4.744445567107395,0.0,0.2003529586437749,DA39_DA42,1.144703650963527,0.04769598545681363,DA39_ZS000003,DA42_ZS000003,0.0,0.0,26.41688443670151,0.0,0.0
ZS000003,DA42,0.9011873684210527,0.05793629478842775,1455.4798105609211,0.0,1.0470232410897875,-0.14583587266873477,-351.72,0.0,2037.511916441295,1.3842324462886302,DA42_ZS000003,DA40,3.8212198607480587,3.8212198607480587,0.0,0.2003529586437749,DA40_DA42,1.263136903334379,0.05263070430559912,DA40_ZS000003,DA42_ZS000003,0.0,0.0,26.41688443670151,0.0,0.0
ZS000003,DA42,0.9011873684210527,0.05793629478842775,1455.4798105609211,0.0,1.0470232410897875,-0.14583587266873477,-351.72,0.0,2037.511916441295,1.3842324462886302,DA42_ZS000003,DA44,4.499703411129189,4.499701530773419,0.0,0.2003529586437749,DA44_DA42,1.144703650963527,0.04769598545681363,DA44_ZS000003,DA42_ZS000003,0.0,0.0,26.41688443670151,0.0,0.0
ZS000003,DA42,0.9011873684210527,0.05793629478842775,1455.4798105609211,0.0,1.0470232410897875,-0.14583587266873477,-351.72,0.0,2037.511916441295,1.3842324462886302,DA42_ZS000003,DA45,0.05560232755090774,0.05560222290843147,0.0,0.2003529586437749,DA45_DA42,1.0,0.041666666666666664,DA45_ZS000003,DA42_ZS000003,0.0,0.0,26.41688443670151,0.0,0.0
ZS000003,DA42,0.9011873684210527,0.05793629478842775,1455.4798105609211,0.0,1.0470232410897875,-0.14583587266873477,-351.72,0.0,2037.511916441295,1.3842324462886302,DA42_ZS000003,DA46,0.3682878784645244,0.36828450409743774,0.0,0.2003529586437749,DA46_DA42,1.0,0.041666666666666664,DA46_ZS000003,DA42_ZS000003,0.0,0.0,26.41688443670151,0.0,0.0
ZPF00023,DA39,0.0,0.0050546191968317,-100.0,0.0,0.0,0.0,-100.0,0.0,-63.81719745424122,0.0050546191968317,DA39_ZPF00023,DA33,0.016892031893891858,0.016892031893891858,0.0,0.02636843600549269,DA33_DA39,0.8393843194538297,0.034974346643909575,DA33_ZPF00023,DA39_ZPF00023,0.0,0.0,26.41688443670151,0.0,0.0
ZPF00023,DA42,0.0,0.0050546191968317,-100.0,0.0,0.0,0.0,-100.0,0.0,-63.81719745424122,0.0050546191968317,DA42_ZPF00023,DA33,0.016892031893891858,0.016892031893891858,0.0,0.02636843600549269,DA33_DA42,0.868735695119561,0.036197320629981704,DA33_ZPF00023,DA42_ZPF00023,0.0,0.0,26.41688443670151,0.0,0.0
ZPF00023,DA34,0.0,0.0050546191968317,-100.0,0.0,0.0,0.0,-100.0,0.0,-63.81719745424122,0.0050546191968317,DA34_ZPF00023,DA33,0.016892031893891858,0.016892031893891858,0.0,0.02636843600549269,DA33_DA34,0.5140843776294046,0.02142018240122519,DA33_ZPF00023,DA34_ZPF00023,0.0,0.0,26.41688443670151,0.0,0.0
ZPF00023,DA45,0.0,0.0050546191968317,-100.0,0.0,0.0,0.0,-100.0,0.0,-63.81719745424122,0.0050546191968317,DA45_ZPF00023,DA33,0.016892031893891858,0.016892031893891858,0.0,0.02636843600549269,DA33_DA45,1.0,0.041666666666666664,DA33_ZPF00023,DA45_ZPF00023,0.0,0.0,26.41688443670151,0.0,0.0
ZPF00023,DA38,0.0,0.0050546191968317,-100.0,0.0,0.0,0.0,-100.0,0.0,-63.81719745424122,0.0050546191968317,DA38_ZPF00023,DA33,0.016892031893891858,0.016892031893891858,0.0,0.02636843600549269,DA33_DA38,0.5814335926723664,0.024226399694681933,DA33_ZPF00023,DA38_ZPF00023,0.0,0.0,26.41688443670151,0.0,0.0
ZPF00023,DA35,0.0,0.0050546191968317,-100.0,0.0,0.0,0.0,-100.0,0.0,-63.81719745424122,0.0050546191968317,DA35_ZPF00023,DA33,0.016892031893891858,0.016892031893891858,0.0,0.02636843600549269,DA33_DA35,1.0,0.041666666666666664,DA33_ZPF00023,DA35_ZPF00023,0.0,0.0,26.41688443670151,0.0,0.0
ZPF00023,DA46,0.0,0.0050546191968317,-100.0,0.0,0.0,0.0,-100.0,0.0,-63.81719745424122,0.0050546191968317,DA46_ZPF00023,DA33,0.016892031893891858,0.016892031893891858,0.0,0.02636843600549269,DA33_DA46,1.0,0.041666666666666664,DA33_ZPF00023,DA46_ZPF00023,0.0,0.0,26.41688443670151,0.0,0.0
ZPF00023,DA36,0.0,0.0050546191968317,-100.0,0.0,0.0,0.0,-100.0,0.0,-63.81719745424122,0.0050546191968317,DA36_ZPF00023,DA33,0.016892031893891858,0.016892031893891858,0.0,0.02636843600549269,DA33_DA36,0.8574469683224957,0.03572695701343732,DA33_ZPF00023,DA36_ZPF00023,0.0,0.0,26.41688443670151,0.0,0.0
ZPF00023,DA44,0.0,0.0050546191968317,-100.0,0.0,0.0,0.0,-100.0,0.0,-63.81719745424122,0.0050546191968317,DA44_ZPF00023,DA33,0.016892031893891858,0.016892031893891858,0.0,0.02636843600549269,DA33_DA44,0.8393843194538297,0.034974346643909575,DA33_ZPF00023,DA44_ZPF00023,0.0,0.0,26.41688443670151,0.0,0.0
ZPF00023,DA37,0.0,0.0050546191968317,-100.0,0.0,0.0,0.0,-100.0,0.0,-63.81719745424122,0.0050546191968317,DA37_ZPF00023,DA33,0.016892031893891858,0.016892031893891858,0.0,0.02636843600549269,DA33_DA37,0.868735695119561,0.036197320629981704,DA33_ZPF00023,DA37_ZPF00023,0.0,0.0,26.41688443670151,0.0,0.0
ZPF00023,DA40,0.0,0.0050546191968317,-100.0,0.0,0.0,0.0,-100.0,0.0,-63.81719745424122,0.0050546191968317,DA40_ZPF00023,DA33,0.016892031893891858,0.016892031893891858,0.0,0.02636843600549269,DA33_DA40,0.9578175718246816,0.039909065492695066,DA33_ZPF00023,DA40_ZPF00023,0.0,0.0,26.41688443670151,0.0,0.0
ZPF00010,DA39,0.0,0.0050546191968317,-100.0,0.0,0.0,0.0,-100.0,0.0,8842.021376244771,0.4519851290684624,DA39_ZPF00010,DA33,0.329749203467549,0.3297491801131404,0.0,0.1866764956933344,DA33_DA39,0.8393843194538297,0.034974346643909575,DA33_ZPF00010,DA39_ZPF00010,0.0,0.0,26.41688443670151,0.0,0.0
ZPF00010,DA39,0.0,0.0050546191968317,-100.0,0.0,0.0,0.0,-100.0,0.0,8842.021376244771,0.4519851290684624,DA39_ZPF00010,DA34,3.209061977288839,3.209061854178901,0.0,0.1866764956933344,DA34_DA39,0.7900523334733707,0.03291884722805711,DA34_ZPF00010,DA39_ZPF00010,0.0,0.0,26.41688443670151,0.0,0.0
ZPF00010,DA39,0.0,0.0050546191968317,-100.0,0.0,0.0,0.0,-100.0,0.0,8842.021376244771,0.4519851290684624,DA39_ZPF00010,DA38,0.6645530261319297,0.6645529794231125,0.0,0.1866764956933344,DA38_DA39,0.8574015485163325,0.035725064521513854,DA38_ZPF00010,DA39_ZPF00010,0.0,0.0,26.41688443670151,0.0,0.0
ZPF00010,DA39,0.0,0.0050546191968317,-100.0,0.0,0.0,0.0,-100.0,0.0,8842.021376244771,0.4519851290684624,DA39_ZPF00010,DA42,0.061905943151276566,0.061905943151276566,0.0,0.1866764956933344,DA42_DA39,1.144703650963527,0.04769598545681363,DA42_ZPF00010,DA39_ZPF00010,0.0,0.0,26.41688443670151,0.0,0.0
ZPF00010,DA39,0.0,0.0050546191968317,-100.0,0.0,0.0,0.0,-100.0,0.0,8842.021376244771,0.4519851290684624,DA39_ZPF00010,DA45,0.329749203467549,0.3297491801131404,0.0,0.1866764956933344,DA45_DA39,1.0,0.041666666666666664,DA45_ZPF00010,DA39_ZPF00010,0.0,0.0,26.41688443670151,0.0,0.0
ZPF00010,DA39,0.0,0.0050546191968317,-100.0,0.0,0.0,0.0,-100.0,0.0,8842.021376244771,0.4519851290684624,DA39_ZPF00010,DA46,0.7984746562900659,0.7984744991471014,0.0,0.1866764956933344,DA46_DA39,1.0,0.041666666666666664,DA46_ZPF00010,DA39_ZPF00010,0.0,0.0,26.41688443670151,0.0,0.0
ZPF00010,DA35,0.0,0.0050546191968317,-100.0,0.0,0.0,0.0,-100.0,0.0,8842.021376244771,0.4519851290684624,DA35_ZPF00010,DA33,0.329749203467549,0.3297491801131404,0.0,0.1866764956933344,DA33_DA35,1.0,0.041666666666666664,DA33_ZPF00010,DA35_ZPF00010,0.0,0.0,26.41688443670151,0.0,0.0
ZPF00010,DA35,0.0,0.0050546191968317,-100.0,0.0,0.0,0.0,-100.0,0.0,8842.021376244771,0.4519851290684624,DA35_ZPF00010,DA34,3.209061977288839,3.209061854178901,0.0,0.1866764956933344,DA34_DA35,1.0,0.041666666666666664,DA34_ZPF00010,DA35_ZPF00010,0.0,0.0,26.41688443670151,0.0,0.0
ZPF00010,DA35,0.0,0.0050546191968317,-100.0,0.0,0.0,0.0,-100.0,0.0,8842.021376244771,0.4519851290684624,DA35_ZPF00010,DA38,0.6645530261319297,0.6645529794231125,0.0,0.1866764956933344,DA38_DA35,1.0,0.041666666666666664,DA38_ZPF00010,DA35_ZPF00010,0.0,0.0,26.41688443670151,0.0,0.0
ZPF00010,DA35,0.0,0.0050546191968317,-100.0,0.0,0.0,0.0,-100.0,0.0,8842.021376244771,0.4519851290684624,DA35_ZPF00010,DA42,0.061905943151276566,0.061905943151276566,0.0,0.1866764956933344,DA42_DA35,1.0,0.041666666666666664,DA42_ZPF00010,DA35_ZPF00010,0.0,0.0,26.41688443670151,0.0,0.0
ZPF00010,DA35,0.0,0.0050546191968317,-100.0,0.0,0.0,0.0,-100.0,0.0,8842.021376244771,0.4519851290684624,DA35_ZPF00010,DA45,0.329749203467549,0.3297491801131404,0.0,0.1866764956933344,DA45_DA35,1.230499979832588,0.0512708324930245,DA45_ZPF00010,DA35_ZPF00010,0.0,0.0,26.41688443670151,0.0,0.0
ZPF00010,DA35,0.0,0.0050546191968317,-100.0,0.0,0.0,0.0,-100.0,0.0,8842.021376244771,0.4519851290684624,DA35_ZPF00010,DA46,0.7984746562900659,0.7984744991471014,0.0,0.1866764956933344,DA46_DA35,1.264366951754586,0.052681956323107744,DA46_ZPF00010,DA35_ZPF00010,0.0,0.0,26.41688443670151,0.0,0.0
ZPF00010,DA36,0.0,0.0050546191968317,-100.0,0.0,0.0,0.0,-100.0,0.0,8842.021376244771,0.4519851290684624,DA36_ZPF00010,DA33,0.329749203467549,0.3297491801131404,0.0,0.1866764956933344,DA33_DA36,0.8574469683224957,0.03572695701343732,DA33_ZPF00010,DA36_ZPF00010,0.0,0.0,26.41688443670151,0.0,0.0
ZPF00010,DA36,0.0,0.0050546191968317,-100.0,0.0,0.0,0.0,-100.0,0.0,8842.021376244771,0.4519851290684624,DA36_ZPF00010,DA34,3.209061977288839,3.209061854178901,0.0,0.1866764956933344,DA34_DA36,0.8081149823420368,0.033671457597584865,DA34_ZPF00010,DA36_ZPF00010,0.0,0.0,26.41688443670151,0.0,0.0
ZPF00010,DA36,0.0,0.0050546191968317,-100.0,0.0,0.0,0.0,-100.0,0.0,8842.021376244771,0.4519851290684624,DA36_ZPF00010,DA38,0.6645530261319297,0.6645529794231125,0.0,0.1866764956933344,DA38_DA36,0.8754641973849986,0.03647767489104161,DA38_ZPF00010,DA36_ZPF00010,0.0,0.0,26.41688443670151,0.0,0.0
ZPF00010,DA36,0.0,0.0050546191968317,-100.0,0.0,0.0,0.0,-100.0,0.0,8842.021376244771,0.4519851290684624,DA36_ZPF00010,DA42,0.061905943151276566,0.061905943151276566,0.0,0.1866764956933344,DA42_DA36,1.162766299832193,0.048448595826341374,DA42_ZPF00010,DA36_ZPF00010,0.0,0.0,26.41688443670151,0.0,0.0
ZPF00010,DA36,0.0,0.0050546191968317,-100.0,0.0,0.0,0.0,-100.0,0.0,8842.021376244771,0.4519851290684624,DA36_ZPF00010,DA45,0.329749203467549,0.3297491801131404,0.0,0.1866764956933344,DA45_DA36,1.122125669682195,0.046755236236758126,DA45_ZPF00010,DA36_ZPF00010,0.0,0.0,26.41688443670151,0.0,0.0
ZPF00010,DA36,0.0,0.0050546191968317,-100.0,0.0,0.0,0.0,-100.0,0.0,8842.021376244771,0.4519851290684624,DA36_ZPF00010,DA46,0.7984746562900659,0.7984744991471014,0.0,0.1866764956933344,DA46_DA36,1.155992641604193,0.04816636006684138,DA46_ZPF00010,DA36_ZPF00010,0.0,0.0,26.41688443670151,0.0,0.0
ZPF00010,DA44,0.0,0.0050546191968317,-100.0,0.0,0.0,0.0,-100.0,0.0,8842.021376244771,0.4519851290684624,DA44_ZPF00010,DA33,0.329749203467549,0.3297491801131404,0.0,0.1866764956933344,DA33_DA44,0.8393843194538297,0.034974346643909575,DA33_ZPF00010,DA44_ZPF00010,0.0,0.0,26.41688443670151,0.0,0.0
ZPF00010,DA44,0.0,0.0050546191968317,-100.0,0.0,0.0,0.0,-100.0,0.0,8842.021376244771,0.4519851290684624,DA44_ZPF00010,DA34,3.209061977288839,3.209061854178901,0.0,0.1866764956933344,DA34_DA44,0.7900523334733707,0.03291884722805711,DA34_ZPF00010,DA44_ZPF00010,0.0,0.0,26.41688443670151,0.0,0.0
ZPF00010,DA44,0.0,0.0050546191968317,-100.0,0.0,0.0,0.0,-100.0,0.0,8842.021376244771,0.4519851290684624,DA44_ZPF00010,DA38,0.6645530261319297,0.6645529794231125,0.0,0.1866764956933344,DA38_DA44,0.8574015485163325,0.035725064521513854,DA38_ZPF00010,DA44_ZPF00010,0.0,0.0,26.41688443670151,0.0,0.0
ZPF00010,DA44,0.0,0.0050546191968317,-100.0,0.0,0.0,0.0,-100.0,0.0,8842.021376244771,0.4519851290684624,DA44_ZPF00010,DA42,0.061905943151276566,0.061905943151276566,0.0,0.1866764956933344,DA42_DA44,1.144703650963527,0.04769598545681363,DA42_ZPF00010,DA44_ZPF00010,0.0,0.0,26.41688443670151,0.0,0.0
ZPF00010,DA44,0.0,0.0050546191968317,-100.0,0.0,0.0,0.0,-100.0,0.0,8842.021376244771,0.4519851290684624,DA44_ZPF00010,DA45,0.329749203467549,0.3297491801131404,0.0,0.1866764956933344,DA45_DA44,1.0,0.041666666666666664,DA45_ZPF00010,DA44_ZPF00010,0.0,0.0,26.41688443670151,0.0,0.0
ZPF00010,DA44,0.0,0.0050546191968317,-100.0,0.0,0.0,0.0,-100.0,0.0,8842.021376244771,0.4519851290684624,DA44_ZPF00010,DA46,0.7984746562900659,0.7984744991471014,0.0,0.1866764956933344,DA46_DA44,1.0,0.041666666666666664,DA46_ZPF00010,DA44_ZPF00010,0.0,0.0,26.41688443670151,0.0,0.0
ZPF00010,DA37,0.0,0.0050546191968317,-100.0,0.0,0.0,0.0,-100.0,0.0,8842.021376244771,0.4519851290684624,DA37_ZPF00010,DA33,0.329749203467549,0.3297491801131404,0.0,0.1866764956933344,DA33_DA37,0.868735695119561,0.036197320629981704,DA33_ZPF00010,DA37_ZPF00010,0.0,0.0,26.41688443670151,0.0,0.0
ZPF00010,DA37,0.0,0.0050546191968317,-100.0,0.0,0.0,0.0,-100.0,0.0,8842.021376244771,0.4519851290684624,DA37_ZPF00010,DA34,3.209061977288839,3.209061854178901,0.0,0.1866764956933344,DA34_DA37,0.8194037091391021,0.03414182121412925,DA34_ZPF00010,DA37_ZPF00010,0.0,0.0,26.41688443670151,0.0,0.0
ZPF00010,DA37,0.0,0.0050546191968317,-100.0,0.0,0.0,0.0,-100.0,0.0,8842.021376244771,0.4519851290684624,DA37_ZPF00010,DA38,0.6645530261319297,0.6645529794231125,0.0,0.1866764956933344,DA38_DA37,0.8867529241820639,0.036948038507586,DA38_ZPF00010,DA37_ZPF00010,0.0,0.0,26.41688443670151,0.0,0.0
ZPF00010,DA37,0.0,0.0050546191968317,-100.0,0.0,0.0,0.0,-100.0,0.0,8842.021376244771,0.4519851290684624,DA37_ZPF00010,DA42,0.061905943151276566,0.061905943151276566,0.0,0.1866764956933344,DA42_DA37,1.174055026629258,0.04891895944288575,DA42_ZPF00010,DA37_ZPF00010,0.0,0.0,26.41688443670151,0.0,0.0
ZPF00010,DA37,0.0,0.0050546191968317,-100.0,0.0,0.0,0.0,-100.0,0.0,8842.021376244771,0.4519851290684624,DA37_ZPF00010,DA45,0.329749203467549,0.3297491801131404,0.0,0.1866764956933344,DA45_DA37,1.0,0.041666666666666664,DA45_ZPF00010,DA37_ZPF00010,0.0,0.0,26.41688443670151,0.0,0.0
ZPF00010,DA37,0.0,0.0050546191968317,-100.0,0.0,0.0,0.0,-100.0,0.0,8842.021376244771,0.4519851290684624,DA37_ZPF00010,DA46,0.7984746562900659,0.7984744991471014,0.0,0.1866764956933344,DA46_DA37,1.0,0.041666666666666664,DA46_ZPF00010,DA37_ZPF00010,0.0,0.0,26.41688443670151,0.0,0.0
ZPF00010,DA40,0.0,0.0050546191968317,-100.0,0.0,0.0,0.0,-100.0,0.0,8842.021376244771,0.4519851290684624,DA40_ZPF00010,DA33,0.329749203467549,0.3297491801131404,0.0,0.1866764956933344,DA33_DA40,0.9578175718246816,0.039909065492695066,DA33_ZPF00010,DA40_ZPF00010,0.0,0.0,26.41688443670151,0.0,0.0
ZPF00010,DA40,0.0,0.0050546191968317,-100.0,0.0,0.0,0.0,-100.0,0.0,8842.021376244771,0.4519851290684624,DA40_ZPF00010,DA34,3.209061977288839,3.209061854178901,0.0,0.1866764956933344,DA34_DA40,0.9084855858442228,0.037853566076842614,DA34_ZPF00010,DA40_ZPF00010,0.0,0.0,26.41688443670151,0.0,0.0
ZPF00010,DA40,0.0,0.0050546191968317,-100.0,0.0,0.0,0.0,-100.0,0.0,8842.021376244771,0.4519851290684624,DA40_ZPF00010,DA38,0.6645530261319297,0.6645529794231125,0.0,0.1866764956933344,DA38_DA40,0.9758348008871847,0.04065978337029936,DA38_ZPF00010,DA40_ZPF00010,0.0,0.0,26.41688443670151,0.0,0.0
ZPF00010,DA40,0.0,0.0050546191968317,-100.0,0.0,0.0,0.0,-100.0,0.0,8842.021376244771,0.4519851290684624,DA40_ZPF00010,DA42,0.061905943151276566,0.061905943151276566,0.0,0.1866764956933344,DA42_DA40,1.263136903334379,0.05263070430559912,DA42_ZPF00010,DA40_ZPF00010,0.0,0.0,26.41688443670151,0.0,0.0
ZPF00010,DA40,0.0,0.0050546191968317,-100.0,0.0,0.0,0.0,-100.0,0.0,8842.021376244771,0.4519851290684624,DA40_ZPF00010,DA45,0.329749203467549,0.3297491801131404,0.0,0.1866764956933344,DA45_DA40,1.0,0.041666666666666664,DA45_ZPF00010,DA40_ZPF00010,0.0,0.0,26.41688443670151,0.0,0.0
ZPF00010,DA40,0.0,0.0050546191968317,-100.0,0.0,0.0,0.0,-100.0,0.0,8842.021376244771,0.4519851290684624,DA40_ZPF00010,DA46,0.7984746562900659,0.7984744991471014,0.0,0.1866764956933344,DA46_DA40,1.0,0.041666666666666664,DA46_ZPF00010,DA40_ZPF00010,0.0,0.0,26.41688443670151,0.0,0.0
ZPF00009,DA39,0.0,0.0050546191968317,-100.0,0.0,0.0,0.0,-100.0,0.0,15645.589605837586,0.7958795948710035,DA39_ZPF00009,DA33,2.2135480916524397,2.2135477576842075,0.0,0.08022208883553421,DA33_DA39,0.8393843194538297,0.034974346643909575,DA33_ZPF00009,DA39_ZPF00009,0.0,0.0,26.41688443670151,0.0,0.0
ZPF00009,DA39,0.0,0.0050546191968317,-100.0,0.0,0.0,0.0,-100.0,0.0,15645.589605837586,0.7958795948710035,DA39_ZPF00009,DA34,0.35959956986940733,0.35959956986940733,0.0,0.08022208883553421,DA34_DA39,0.7900523334733707,0.03291884722805711,DA34_ZPF00009,DA39_ZPF00009,0.0,0.0,26.41688443670151,0.0,0.0
ZPF00009,DA39,0.0,0.0050546191968317,-100.0,0.0,0.0,0.0,-100.0,0.0,15645.589605837586,0.7958795948710035,DA39_ZPF00009,DA36,1.3551324526900659,1.3551322720439107,0.0,0.08022208883553421,DA36_DA39,1.133414924166462,0.047225621840269245,DA36_ZPF00009,DA39_ZPF00009,0.0,0.0,26.41688443670151,0.0,0.0
ZPF00009,DA39,0.0,0.0050546191968317,-100.0,0.0,0.0,0.0,-100.0,0.0,15645.589605837586,0.7958795948710035,DA39_ZPF00009,DA37,1.6569981886384924,1.6569980058187563,0.0,0.08022208883553421,DA37_DA39,1.144703650963527,0.04769598545681363,DA37_ZPF00009,DA39_ZPF00009,0.0,0.0,26.41688443670151,0.0,0.0
ZPF00009,DA39,0.0,0.0050546191968317,-100.0,0.0,0.0,0.0,-100.0,0.0,15645.589605837586,0.7958795948710035,DA39_ZPF00009,DA38,4.494747634397826,4.4947475119352145,0.0,0.08022208883553421,DA38_DA39,0.8574015485163325,0.035725064521513854,DA38_ZPF00009,DA39_ZPF00009,0.0,0.0,26.41688443670151,0.0,0.0
ZPF00009,DA39,0.0,0.0050546191968317,-100.0,0.0,0.0,0.0,-100.0,0.0,15645.589605837586,0.7958795948710035,DA39_ZPF00009,DA40,21.316095877382395,21.31609555547937,0.0,0.08022208883553421,DA40_DA39,1.233785527668648,0.051407730319527,DA40_ZPF00009,DA39_ZPF00009,0.0,0.0,26.41688443670151,0.0,0.0
ZPF00009,DA39,0.0,0.0050546191968317,-100.0,0.0,0.0,0.0,-100.0,0.0,15645.589605837586,0.7958795948710035,DA39_ZPF00009,DA44,0.6427412602322148,0.6427412602322148,0.0,0.08022208883553421,DA44_DA39,1.115352275297796,0.0464730114707415,DA44_ZPF00009,DA39_ZPF00009,0.0,0.0,26.41688443670151,0.0,0.0
ZPF00009,DA42,0.0,0.0050546191968317,-100.0,0.0,0.0,0.0,-100.0,0.0,15645.589605837586,0.7958795948710035,DA42_ZPF00009,DA33,2.2135480916524397,2.2135477576842075,0.0,0.08022208883553421,DA33_DA42,0.868735695119561,0.036197320629981704,DA33_ZPF00009,DA42_ZPF00009,0.0,0.0,26.41688443670151,0.0,0.0
ZPF00009,DA42,0.0,0.0050546191968317,-100.0,0.0,0.0,0.0,-100.0,0.0,15645.589605837586,0.7958795948710035,DA42_ZPF00009,DA34,0.35959956986940733,0.35959956986940733,0.0,0.08022208883553421,DA34_DA42,0.8194037091391021,0.03414182121412925,DA34_ZPF00009,DA42_ZPF00009,0.0,0.0,26.41688443670151,0.0,0.0
ZPF00009,DA42,0.0,0.0050546191968317,-100.0,0.0,0.0,0.0,-100.0,0.0,15645.589605837586,0.7958795948710035,DA42_ZPF00009,DA36,1.3551324526900659,1.3551322720439107,0.0,0.08022208883553421,DA36_DA42,1.162766299832193,0.048448595826341374,DA36_ZPF00009,DA42_ZPF00009,0.0,0.0,26.41688443670151,0.0,0.0
ZPF00009,DA42,0.0,0.0050546191968317,-100.0,0.0,0.0,0.0,-100.0,0.0,15645.589605837586,0.7958795948710035,DA42_ZPF00009,DA37,1.6569981886384924,1.6569980058187563,0.0,0.08022208883553421,DA37_DA42,1.174055026629258,0.04891895944288575,DA37_ZPF00009,DA42_ZPF00009,0.0,0.0,26.41688443670151,0.0,0.0
ZPF00009,DA42,0.0,0.0050546191968317,-100.0,0.0,0.0,0.0,-100.0,0.0,15645.589605837586,0.7958795948710035,DA42_ZPF00009,DA38,4.494747634397826,4.4947475119352145,0.0,0.08022208883553421,DA38_DA42,0.8867529241820639,0.036948038507586,DA38_ZPF00009,DA42_ZPF00009,0.0,0.0,26.41688443670151,0.0,0.0
ZPF00009,DA42,0.0,0.0050546191968317,-100.0,0.0,0.0,0.0,-100.0,0.0,15645.589605837586,0.7958795948710035,DA42_ZPF00009,DA40,21.316095877382395,21.31609555547937,0.0,0.08022208883553421,DA40_DA42,1.263136903334379,0.05263070430559912,DA40_ZPF00009,DA42_ZPF00009,0.0,0.0,26.41688443670151,0.0,0.0
ZPF00009,DA42,0.0,0.0050546191968317,-100.0,0.0,0.0,0.0,-100.0,0.0,15645.589605837586,0.7958795948710035,DA42_ZPF00009,DA44,0.6427412602322148,0.6427412602322148,0.0,0.08022208883553421,DA44_DA42,1.144703650963527,0.04769598545681363,DA44_ZPF00009,DA42_ZPF00009,0.0,0.0,26.41688443670151,0.0,0.0
ZPF00009,DA45,0.0,0.0050546191968317,-100.0,0.0,0.0,0.0,-100.0,0.0,15645.589605837586,0.7958795948710035,DA45_ZPF00009,DA33,2.2135480916524397,2.2135477576842075,0.0,0.08022208883553421,DA33_DA45,1.0,0.041666666666666664,DA33_ZPF00009,DA45_ZPF00009,0.0,0.0,26.41688443670151,0.0,0.0
ZPF00009,DA45,0.0,0.0050546191968317,-100.0,0.0,0.0,0.0,-100.0,0.0,15645.589605837586,0.7958795948710035,DA45_ZPF00009,DA34,0.35959956986940733,0.35959956986940733,0.0,0.08022208883553421,DA34_DA45,1.0,0.041666666666666664,DA34_ZPF00009,DA45_ZPF00009,0.0,0.0,26.41688443670151,0.0,0.0
ZPF00009,DA45,0.0,0.0050546191968317,-100.0,0.0,0.0,0.0,-100.0,0.0,15645.589605837586,0.7958795948710035,DA45_ZPF00009,DA36,1.3551324526900659,1.3551322720439107,0.0,0.08022208883553421,DA36_DA45,1.122125669682195,0.046755236236758126,DA36_ZPF00009,DA45_ZPF00009,0.0,0.0,26.41688443670151,0.0,0.0
ZPF00009,DA45,0.0,0.0050546191968317,-100.0,0.0,0.0,0.0,-100.0,0.0,15645.589605837586,0.7958795948710035,DA45_ZPF00009,DA37,1.6569981886384924,1.6569980058187563,0.0,0.08022208883553421,DA37_DA45,1.0,0.041666666666666664,DA37_ZPF00009,DA45_ZPF00009,0.0,0.0,26.41688443670151,0.0,0.0
ZPF00009,DA45,0.0,0.0050546191968317,-100.0,0.0,0.0,0.0,-100.0,0.0,15645.589605837586,0.7958795948710035,DA45_ZPF00009,DA38,4.494747634397826,4.4947475119352145,0.0,0.08022208883553421,DA38_DA45,1.0,0.041666666666666664,DA38_ZPF00009,DA45_ZPF00009,0.0,0.0,26.41688443670151,0.0,0.0
ZPF00009,DA45,0.0,0.0050546191968317,-100.0,0.0,0.0,0.0,-100.0,0.0,15645.589605837586,0.7958795948710035,DA45_ZPF00009,DA40,21.316095877382395,21.31609555547937,0.0,0.08022208883553421,DA40_DA45,1.0,0.041666666666666664,DA40_ZPF00009,DA45_ZPF00009,0.0,0.0,26.41688443670151,0.0,0.0
ZPF00009,DA45,0.0,0.0050546191968317,-100.0,0.0,0.0,0.0,-100.0,0.0,15645.589605837586,0.7958795948710035,DA45_ZPF00009,DA44,0.6427412602322148,0.6427412602322148,0.0,0.08022208883553421,DA44_DA45,1.0,0.041666666666666664,DA44_ZPF00009,DA45_ZPF00009,0.0,0.0,26.41688443670151,0.0,0.0
ZPF00009,DA35,0.0,0.0050546191968317,-100.0,0.0,0.0,0.0,-100.0,0.0,15645.589605837586,0.7958795948710035,DA35_ZPF00009,DA33,2.2135480916524397,2.2135477576842075,0.0,0.08022208883553421,DA33_DA35,1.0,0.041666666666666664,DA33_ZPF00009,DA35_ZPF00009,0.0,0.0,26.41688443670151,0.0,0.0
ZPF00009,DA35,0.0,0.0050546191968317,-100.0,0.0,0.0,0.0,-100.0,0.0,15645.589605837586,0.7958795948710035,DA35_ZPF00009,DA34,0.35959956986940733,0.35959956986940733,0.0,0.08022208883553421,DA34_DA35,1.0,0.041666666666666664,DA34_ZPF00009,DA35_ZPF00009,0.0,0.0,26.41688443670151,0.0,0.0
ZPF00009,DA35,0.0,0.0050546191968317,-100.0,0.0,0.0,0.0,-100.0,0.0,15645.589605837586,0.7958795948710035,DA35_ZPF00009,DA36,1.3551324526900659,1.3551322720439107,0.0,0.08022208883553421,DA36_DA35,1.155992641604193,0.04816636006684138,DA36_ZPF00009,DA35_ZPF00009,0.0,0.0,26.41688443670151,0.0,0.0
ZPF00009,DA35,0.0,0.0050546191968317,-100.0,0.0,0.0,0.0,-100.0,0.0,15645.589605837586,0.7958795948710035,DA35_ZPF00009,DA37,1.6569981886384924,1.6569980058187563,0.0,0.08022208883553421,DA37_DA35,1.0,0.041666666666666664,DA37_ZPF00009,DA35_ZPF00009,0.0,0.0,26.41688443670151,0.0,0.0
ZPF00009,DA35,0.0,0.0050546191968317,-100.0,0.0,0.0,0.0,-100.0,0.0,15645.589605837586,0.7958795948710035,DA35_ZPF00009,DA38,4.494747634397826,4.4947475119352145,0.0,0.08022208883553421,DA38_DA35,1.0,0.041666666666666664,DA38_ZPF00009,DA35_ZPF00009,0.0,0.0,26.41688443670151,0.0,0.0
ZPF00009,DA35,0.0,0.0050546191968317,-100.0,0.0,0.0,0.0,-100.0,0.0,15645.589605837586,0.7958795948710035,DA35_ZPF00009,DA40,21.316095877382395,21.31609555547937,0.0,0.08022208883553421,DA40_DA35,1.0,0.041666666666666664,DA40_ZPF00009,DA35_ZPF00009,0.0,0.0,26.41688443670151,0.0,0.0
ZPF00009,DA35,0.0,0.0050546191968317,-100.0,0.0,0.0,0.0,-100.0,0.0,15645.589605837586,0.7958795948710035,DA35_ZPF00009,DA44,0.6427412602322148,0.6427412602322148,0.0,0.08022208883553421,DA44_DA35,1.0,0.041666666666666664,DA44_ZPF00009,DA35_ZPF00009,0.0,0.0,26.41688443670151,0.0,0.0
ZPF00009,DA46,0.0,0.0050546191968317,-100.0,0.0,0.0,0.0,-100.0,0.0,15645.589605837586,0.7958795948710035,DA46_ZPF00009,DA33,2.2135480916524397,2.2135477576842075,0.0,0.08022208883553421,DA33_DA46,1.0,0.041666666666666664,DA33_ZPF00009,DA46_ZPF00009,0.0,0.0,26.41688443670151,0.0,0.0
ZPF00009,DA46,0.0,0.0050546191968317,-100.0,0.0,0.0,0.0,-100.0,0.0,15645.589605837586,0.7958795948710035,DA46_ZPF00009,DA34,0.35959956986940733,0.35959956986940733,0.0,0.08022208883553421,DA34_DA46,1.0,0.041666666666666664,DA34_ZPF00009,DA46_ZPF00009,0.0,0.0,26.41688443670151,0.0,0.0
ZPF00009,DA46,0.0,0.0050546191968317,-100.0,0.0,0.0,0.0,-100.0,0.0,15645.589605837586,0.7958795948710035,DA46_ZPF00009,DA36,1.3551324526900659,1.3551322720439107,0.0,0.08022208883553421,DA36_DA46,1.155992641604193,0.04816636006684138,DA36_ZPF00009,DA46_ZPF00009,0.0,0.0,26.41688443670151,0.0,0.0
ZPF00009,DA46,0.0,0.0050546191968317,-100.0,0.0,0.0,0.0,-100.0,0.0,15645.589605837586,0.7958795948710035,DA46_ZPF00009,DA37,1.6569981886384924,1.6569980058187563,0.0,0.08022208883553421,DA37_DA46,1.0,0.041666666666666664,DA37_ZPF00009,DA46_ZPF00009,0.0,0.0,26.41688443670151,0.0,0.0
ZPF00009,DA46,0.0,0.0050546191968317,-100.0,0.0,0.0,0.0,-100.0,0.0,15645.589605837586,0.7958795948710035,DA46_ZPF00009,DA38,4.494747634397826,4.4947475119352145,0.0,0.08022208883553421,DA38_DA46,1.0,0.041666666666666664,DA38_ZPF00009,DA46_ZPF00009,0.0,0.0,26.41688443670151,0.0,0.0
ZPF00009,DA46,0.0,0.0050546191968317,-100.0,0.0,0.0,0.0,-100.0,0.0,15645.589605837586,0.7958795948710035,DA46_ZPF00009,DA40,21.316095877382395,21.31609555547937,0.0,0.08022208883553421,DA40_DA46,1.0,0.041666666666666664,DA40_ZPF00009,DA46_ZPF00009,0.0,0.0,26.41688443670151,0.0,0.0
ZPF00009,DA46,0.0,0.0050546191968317,-100.0,0.0,0.0,0.0,-100.0,0.0,15645.589605837586,0.7958795948710035,DA46_ZPF00009,DA44,0.6427412602322148,0.6427412602322148,0.0,0.08022208883553421,DA44_DA46,1.0,0.041666666666666664,DA44_ZPF00009,DA46_ZPF00009,0.0,0.0,26.41688443670151,0.0,0.0
ZPF00008,DA33,9.072037244876752,2.822108745314265,221.46306409842137,0.0,28.76451874908593,-19.692481504209177,-797.79,0.0,-60.656195826683145,22.514501359242676,DA33_ZPF00008,DA35,0.187371507214497,0.187371507214497,0.0,0.1910049734179386,DA35_DA33,1.0,0.041666666666666664,DA35_ZPF00008,DA33_ZPF00008,0.0,0.0,26.41688443670151,0.0,0.0
ZPF00008,DA33,9.072037244876752,2.822108745314265,221.46306409842137,0.0,28.76451874908593,-19.692481504209177,-797.79,0.0,-60.656195826683145,22.514501359242676,DA33_ZPF00008,DA36,0.42347152692894824,0.42347067241864084,0.0,0.1910049734179386,DA36_DA33,0.8574469683224957,0.03572695701343732,DA36_ZPF00008,DA33_ZPF00008,0.0,0.0,26.41688443670151,0.0,0.0
ZPF00008,DA33,9.072037244876752,2.822108745314265,221.46306409842137,0.0,28.76451874908593,-19.692481504209177,-797.79,0.0,-60.656195826683145,22.514501359242676,DA33_ZPF00008,DA37,8.605929424605788,8.605923532705281,0.0,0.1910049734179386,DA37_DA33,0.868735695119561,0.036197320629981704,DA37_ZPF00008,DA33_ZPF00008,0.0,0.0,26.41688443670151,0.0,0.0
ZPF00008,DA33,9.072037244876752,2.822108745314265,221.46306409842137,0.0,28.76451874908593,-19.692481504209177,-797.79,0.0,-60.656195826683145,22.514501359242676,DA33_ZPF00008,DA39,6.395892390148976,6.395892390148976,0.0,0.1910049734179386,DA39_DA33,0.8393843194538297,0.034974346643909575,DA39_ZPF00008,DA33_ZPF00008,0.0,0.0,26.41688443670151,0.0,0.0
ZPF00008,DA33,9.072037244876752,2.822108745314265,221.46306409842137,0.0,28.76451874908593,-19.692481504209177,-797.79,0.0,-60.656195826683145,22.514501359242676,DA33_ZPF00008,DA40,5.4311712502350495,5.431168577658772,0.0,0.1910049734179386,DA40_DA33,0.9578175718246816,0.039909065492695066,DA40_ZPF00008,DA33_ZPF00008,0.0,0.0,26.41688443670151,0.0,0.0
ZPF00008,DA33,9.072037244876752,2.822108745314265,221.46306409842137,0.0,28.76451874908593,-19.692481504209177,-797.79,0.0,-60.656195826683145,22.514501359242676,DA33_ZPF00008,DA42,0.5964210964755541,0.5964197027235846,0.0,0.1910049734179386,DA42_DA33,0.868735695119561,0.036197320629981704,DA42_ZPF00008,DA33_ZPF00008,0.0,0.0,26.41688443670151,0.0,0.0
ZPF00008,DA33,9.072037244876752,2.822108745314265,221.46306409842137,0.0,28.76451874908593,-19.692481504209177,-797.79,0.0,-60.656195826683145,22.514501359242676,DA33_ZPF00008,DA44,3.6868805957025033,3.6868805957025033,0.0,0.1910049734179386,DA44_DA33,0.8393843194538297,0.034974346643909575,DA44_ZPF00008,DA33_ZPF00008,0.0,0.0,26.41688443670151,0.0,0.0
ZPF00008,DA33,9.072037244876752,2.822108745314265,221.46306409842137,0.0,28.76451874908593,-19.692481504209177,-797.79,0.0,-60.656195826683145,22.514501359242676,DA33_ZPF00008,DA45,0.8525551728289292,0.8525551728289292,0.0,0.1910049734179386,DA45_DA33,1.0,0.041666666666666664,DA45_ZPF00008,DA33_ZPF00008,0.0,0.0,26.41688443670151,0.0,0.0
ZPF00008,DA33,9.072037244876752,2.822108745314265,221.46306409842137,0.0,28.76451874908593,-19.692481504209177,-797.79,0.0,-60.656195826683145,22.514501359242676,DA33_ZPF00008,DA46,0.03081288818864151,0.03081288818864151,0.0,0.1910049734179386,DA46_DA33,1.0,0.041666666666666664,DA46_ZPF00008,DA33_ZPF00008,0.0,0.0,26.41688443670151,0.0,0.0
ZPF00008,DA34,13.91276551523465,2.630033229649125,428.9958072921673,0.0,18.72751189006729,-4.814746374832641,-283.07,0.0,-60.656195826683145,7.444835063167778,DA34_ZPF00008,DA35,0.187371507214497,0.187371507214497,0.0,0.1910049734179386,DA35_DA34,1.0,0.041666666666666664,DA35_ZPF00008,DA34_ZPF00008,0.0,0.0,26.41688443670151,0.0,0.0
ZPF00008,DA34,13.91276551523465,2.630033229649125,428.9958072921673,0.0,18.72751189006729,-4.814746374832641,-283.07,0.0,-60.656195826683145,7.444835063167778,DA34_ZPF00008,DA36,0.42347152692894824,0.42347067241864084,0.0,0.1910049734179386,DA36_DA34,0.8081149823420368,0.033671457597584865,DA36_ZPF00008,DA34_ZPF00008,0.0,0.0,26.41688443670151,0.0,0.0
ZPF00008,DA34,13.91276551523465,2.630033229649125,428.9958072921673,0.0,18.72751189006729,-4.814746374832641,-283.07,0.0,-60.656195826683145,7.444835063167778,DA34_ZPF00008,DA37,8.605929424605788,8.605923532705281,0.0,0.1910049734179386,DA37_DA34,0.8194037091391021,0.03414182121412925,DA37_ZPF00008,DA34_ZPF00008,0.0,0.0,26.41688443670151,0.0,0.0
ZPF00008,DA34,13.91276551523465,2.630033229649125,428.9958072921673,0.0,18.72751189006729,-4.814746374832641,-283.07,0.0,-60.656195826683145,7.444835063167778,DA34_ZPF00008,DA39,6.395892390148976,6.395892390148976,0.0,0.1910049734179386,DA39_DA34,0.7900523334733707,0.03291884722805711,DA39_ZPF00008,DA34_ZPF00008,0.0,0.0,26.41688443670151,0.0,0.0
ZPF00008,DA34,13.91276551523465,2.630033229649125,428.9958072921673,0.0,18.72751189006729,-4.814746374832641,-283.07,0.0,-60.656195826683145,7.444835063167778,DA34_ZPF00008,DA40,5.4311712502350495,5.431168577658772,0.0,0.1910049734179386,DA40_DA34,0.9084855858442228,0.037853566076842614,DA40_ZPF00008,DA34_ZPF00008,0.0,0.0,26.41688443670151,0.0,0.0
ZPF00008,DA34,13.91276551523465,2.630033229649125,428.9958072921673,0.0,18.72751189006729,-4.814746374832641,-283.07,0.0,-60.656195826683145,7.444835063167778,DA34_ZPF00008,DA42,0.5964210964755541,0.5964197027235846,0.0,0.1910049734179386,DA42_DA34,0.8194037091391021,0.03414182121412925,DA42_ZPF00008,DA34_ZPF00008,0.0,0.0,26.41688443670151,0.0,0.0
ZPF00008,DA34,13.91276551523465,2.630033229649125,428.9958072921673,0.0,18.72751189006729,-4.814746374832641,-283.07,0.0,-60.656195826683145,7.444835063167778,DA34_ZPF00008,DA44,3.6868805957025033,3.6868805957025033,0.0,0.1910049734179386,DA44_DA34,0.7900523334733707,0.03291884722805711,DA44_ZPF00008,DA34_ZPF00008,0.0,0.0,26.41688443670151,0.0,0.0
ZPF00008,DA34,13.91276551523465,2.630033229649125,428.9958072921673,0.0,18.72751189006729,-4.814746374832641,-283.07,0.0,-60.656195826683145,7.444835063167778,DA34_ZPF00008,DA45,0.8525551728289292,0.8525551728289292,0.0,0.1910049734179386,DA45_DA34,1.0,0.041666666666666664,DA45_ZPF00008,DA34_ZPF00008,0.0,0.0,26.41688443670151,0.0,0.0
ZPF00008,DA34,13.91276551523465,2.630033229649125,428.9958072921673,0.0,18.72751189006729,-4.814746374832641,-283.07,0.0,-60.656195826683145,7.444835063167778,DA34_ZPF00008,DA46,0.03081288818864151,0.03081288818864151,0.0,0.1910049734179386,DA46_DA34,1.0,0.041666666666666664,DA46_ZPF00008,DA34_ZPF00008,0.0,0.0,26.41688443670151,0.0,0.0
ZPF00008,DA38,11.2811821922933,1.625240280280314,594.1239599567132,2.077565781269485,13.092452360382206,0.2662956131805796,-83.62,0.0,-60.656195826683145,1.3590259223703987,DA38_ZPF00008,DA35,0.187371507214497,0.187371507214497,0.0,0.1910049734179386,DA35_DA38,1.0,0.041666666666666664,DA35_ZPF00008,DA38_ZPF00008,0.0,0.0,26.41688443670151,0.0,0.0
ZPF00008,DA38,11.2811821922933,1.625240280280314,594.1239599567132,2.077565781269485,13.092452360382206,0.2662956131805796,-83.62,0.0,-60.656195826683145,1.3590259223703987,DA38_ZPF00008,DA36,0.42347152692894824,0.42347067241864084,0.0,0.1910049734179386,DA36_DA38,0.8754641973849986,0.03647767489104161,DA36_ZPF00008,DA38_ZPF00008,0.0,0.0,26.41688443670151,0.0,0.0
ZPF00008,DA38,11.2811821922933,1.625240280280314,594.1239599567132,2.077565781269485,13.092452360382206,0.2662956131805796,-83.62,0.0,-60.656195826683145,1.3590259223703987,DA38_ZPF00008,DA37,8.605929424605788,8.605923532705281,0.0,0.1910049734179386,DA37_DA38,0.8867529241820639,0.036948038507586,DA37_ZPF00008,DA38_ZPF00008,0.0,0.0,26.41688443670151,0.0,0.0
ZPF00008,DA38,11.2811821922933,1.625240280280314,594.1239599567132,2.077565781269485,13.092452360382206,0.2662956131805796,-83.62,0.0,-60.656195826683145,1.3590259223703987,DA38_ZPF00008,DA39,6.395892390148976,6.395892390148976,0.0,0.1910049734179386,DA39_DA38,0.8574015485163325,0.035725064521513854,DA39_ZPF00008,DA38_ZPF00008,0.0,0.0,26.41688443670151,0.0,0.0
ZPF00008,DA38,11.2811821922933,1.625240280280314,594.1239599567132,2.077565781269485,13.092452360382206,0.2662956131805796,-83.62,0.0,-60.656195826683145,1.3590259223703987,DA38_ZPF00008,DA40,5.4311712502350495,5.431168577658772,0.0,0.1910049734179386,DA40_DA38,0.9758348008871847,0.04065978337029936,DA40_ZPF00008,DA38_ZPF00008,0.0,0.0,26.41688443670151,0.0,0.0
ZPF00008,DA38,11.2811821922933,1.625240280280314,594.1239599567132,2.077565781269485,13.092452360382206,0.2662956131805796,-83.62,0.0,-60.656195826683145,1.3590259223703987,DA38_ZPF00008,DA42,0.5964210964755541,0.5964197027235846,0.0,0.1910049734179386,DA42_DA38,0.8867529241820639,0.036948038507586,DA42_ZPF00008,DA38_ZPF00008,0.0,0.0,26.41688443670151,0.0,0.0
ZPF00008,DA38,11.2811821922933,1.625240280280314,594.1239599567132,2.077565781269485,13.092452360382206,0.2662956131805796,-83.62,0.0,-60.656195826683145,1.3590259223703987,DA38_ZPF00008,DA44,3.6868805957025033,3.6868805957025033,0.0,0.1910049734179386,DA44_DA38,0.8574015485163325,0.035725064521513854,DA44_ZPF00008,DA38_ZPF00008,0.0,0.0,26.41688443670151,0.0,0.0
ZPF00008,DA38,11.2811821922933,1.625240280280314,594.1239599567132,2.077565781269485,13.092452360382206,0.2662956131805796,-83.62,0.0,-60.656195826683145,1.3590259223703987,DA38_ZPF00008,DA45,0.8525551728289292,0.8525551728289292,0.0,0.1910049734179386,DA45_DA38,1.0,0.041666666666666664,DA45_ZPF00008,DA38_ZPF00008,0.0,0.0,26.41688443670151,0.0,0.0
ZPF00008,DA38,11.2811821922933,1.625240280280314,594.1239599567132,2.077565781269485,13.092452360382206,0.2662956131805796,-83.62,0.0,-60.656195826683145,1.3590259223703987,DA38_ZPF00008,DA46,0.03081288818864151,0.03081288818864151,0.0,0.1910049734179386,DA46_DA38,1.0,0.041666666666666664,DA46_ZPF00008,DA38_ZPF00008,0.0,0.0,26.41688443670151,0.0,0.0
ZPF00003,DA45,0.0,0.0050546191968317,-100.0,0.0,0.0,0.0,-100.0,0.0,8708.287723216017,0.4452254021698467,DA45_ZPF00003,DA33,0.3634079126992512,0.3634077825989035,0.0,0.1596459479314113,DA33_DA45,1.0,0.041666666666666664,DA33_ZPF00003,DA45_ZPF00003,0.0,0.0,26.41688443670151,0.0,0.0
ZPF00003,DA45,0.0,0.0050546191968317,-100.0,0.0,0.0,0.0,-100.0,0.0,8708.287723216017,0.4452254021698467,DA45_ZPF00003,DA34,0.3634079126992512,0.3634077825989035,0.0,0.1596459479314113,DA34_DA45,1.0,0.041666666666666664,DA34_ZPF00003,DA45_ZPF00003,0.0,0.0,26.41688443670151,0.0,0.0
ZPF00003,DA45,0.0,0.0050546191968317,-100.0,0.0,0.0,0.0,-100.0,0.0,8708.287723216017,0.4452254021698467,DA45_ZPF00003,DA35,0.4248179977073186,0.4248179977073186,0.0,0.1596459479314113,DA35_DA45,1.230499979832588,0.0512708324930245,DA35_ZPF00003,DA45_ZPF00003,0.0,0.0,26.41688443670151,0.0,0.0
ZPF00003,DA45,0.0,0.0050546191968317,-100.0,0.0,0.0,0.0,-100.0,0.0,8708.287723216017,0.4452254021698467,DA45_ZPF00003,DA38,3.7409797738482258,3.7409797738482258,0.0,0.1596459479314113,DA38_DA45,1.0,0.041666666666666664,DA38_ZPF00003,DA45_ZPF00003,0.0,0.0,26.41688443670151,0.0,0.0
ZPF00003,DA45,0.0,0.0050546191968317,-100.0,0.0,0.0,0.0,-100.0,0.0,8708.287723216017,0.4452254021698467,DA45_ZPF00003,DA39,0.05635597127315536,0.0563557811024575,0.0,0.1596459479314113,DA39_DA45,1.0,0.041666666666666664,DA39_ZPF00003,DA45_ZPF00003,0.0,0.0,26.41688443670151,0.0,0.0
ZPF00003,DA45,0.0,0.0050546191968317,-100.0,0.0,0.0,0.0,-100.0,0.0,8708.287723216017,0.4452254021698467,DA45_ZPF00003,DA42,0.3634079126992512,0.3634077825989035,0.0,0.1596459479314113,DA42_DA45,1.0,0.041666666666666664,DA42_ZPF00003,DA45_ZPF00003,0.0,0.0,26.41688443670151,0.0,0.0
ZPF00003,DA46,0.0,0.0050546191968317,-100.0,0.0,0.0,0.0,-100.0,0.0,8708.287723216017,0.4452254021698467,DA46_ZPF00003,DA33,0.3634079126992512,0.3634077825989035,0.0,0.1596459479314113,DA33_DA46,1.0,0.041666666666666664,DA33_ZPF00003,DA46_ZPF00003,0.0,0.0,26.41688443670151,0.0,0.0
ZPF00003,DA46,0.0,0.0050546191968317,-100.0,0.0,0.0,0.0,-100.0,0.0,8708.287723216017,0.4452254021698467,DA46_ZPF00003,DA34,0.3634079126992512,0.3634077825989035,0.0,0.1596459479314113,DA34_DA46,1.0,0.041666666666666664,DA34_ZPF00003,DA46_ZPF00003,0.0,0.0,26.41688443670151,0.0,0.0
ZPF00003,DA46,0.0,0.0050546191968317,-100.0,0.0,0.0,0.0,-100.0,0.0,8708.287723216017,0.4452254021698467,DA46_ZPF00003,DA35,0.4248179977073186,0.4248179977073186,0.0,0.1596459479314113,DA35_DA46,1.264366951754586,0.052681956323107744,DA35_ZPF00003,DA46_ZPF00003,0.0,0.0,26.41688443670151,0.0,0.0
ZPF00003,DA46,0.0,0.0050546191968317,-100.0,0.0,0.0,0.0,-100.0,0.0,8708.287723216017,0.4452254021698467,DA46_ZPF00003,DA38,3.7409797738482258,3.7409797738482258,0.0,0.1596459479314113,DA38_DA46,1.0,0.041666666666666664,DA38_ZPF00003,DA46_ZPF00003,0.0,0.0,26.41688443670151,0.0,0.0
ZPF00003,DA46,0.0,0.0050546191968317,-100.0,0.0,0.0,0.0,-100.0,0.0,8708.287723216017,0.4452254021698467,DA46_ZPF00003,DA39,0.05635597127315536,0.0563557811024575,0.0,0.1596459479314113,DA39_DA46,1.0,0.041666666666666664,DA39_ZPF00003,DA46_ZPF00003,0.0,0.0,26.41688443670151,0.0,0.0
ZPF00003,DA46,0.0,0.0050546191968317,-100.0,0.0,0.0,0.0,-100.0,0.0,8708.287723216017,0.4452254021698467,DA46_ZPF00003,DA42,0.3634079126992512,0.3634077825989035,0.0,0.1596459479314113,DA42_DA46,1.0,0.041666666666666664,DA42_ZPF00003,DA46_ZPF00003,0.0,0.0,26.41688443670151,0.0,0.0
ZPF00003,DA36,0.0,0.0050546191968317,-100.0,0.0,0.0,0.0,-100.0,0.0,8708.287723216017,0.4452254021698467,DA36_ZPF00003,DA33,0.3634079126992512,0.3634077825989035,0.0,0.1596459479314113,DA33_DA36,0.8574469683224957,0.03572695701343732,DA33_ZPF00003,DA36_ZPF00003,0.0,0.0,26.41688443670151,0.0,0.0
ZPF00003,DA36,0.0,0.0050546191968317,-100.0,0.0,0.0,0.0,-100.0,0.0,8708.287723216017,0.4452254021698467,DA36_ZPF00003,DA34,0.3634079126992512,0.3634077825989035,0.0,0.1596459479314113,DA34_DA36,0.8081149823420368,0.033671457597584865,DA34_ZPF00003,DA36_ZPF00003,0.0,0.0,26.41688443670151,0.0,0.0
ZPF00003,DA36,0.0,0.0050546191968317,-100.0,0.0,0.0,0.0,-100.0,0.0,8708.287723216017,0.4452254021698467,DA36_ZPF00003,DA35,0.4248179977073186,0.4248179977073186,0.0,0.1596459479314113,DA35_DA36,1.155992641604193,0.04816636006684138,DA35_ZPF00003,DA36_ZPF00003,0.0,0.0,26.41688443670151,0.0,0.0
ZPF00003,DA36,0.0,0.0050546191968317,-100.0,0.0,0.0,0.0,-100.0,0.0,8708.287723216017,0.4452254021698467,DA36_ZPF00003,DA38,3.7409797738482258,3.7409797738482258,0.0,0.1596459479314113,DA38_DA36,0.8754641973849986,0.03647767489104161,DA38_ZPF00003,DA36_ZPF00003,0.0,0.0,26.41688443670151,0.0,0.0
ZPF00003,DA36,0.0,0.0050546191968317,-100.0,0.0,0.0,0.0,-100.0,0.0,8708.287723216017,0.4452254021698467,DA36_ZPF00003,DA39,0.05635597127315536,0.0563557811024575,0.0,0.1596459479314113,DA39_DA36,1.133414924166462,0.047225621840269245,DA39_ZPF00003,DA36_ZPF00003,0.0,0.0,26.41688443670151,0.0,0.0
ZPF00003,DA36,0.0,0.0050546191968317,-100.0,0.0,0.0,0.0,-100.0,0.0,8708.287723216017,0.4452254021698467,DA36_ZPF00003,DA42,0.3634079126992512,0.3634077825989035,0.0,0.1596459479314113,DA42_DA36,1.162766299832193,0.048448595826341374,DA42_ZPF00003,DA36_ZPF00003,0.0,0.0,26.41688443670151,0.0,0.0
ZPF00003,DA44,0.0,0.0050546191968317,-100.0,0.0,0.0,0.0,-100.0,0.0,8708.287723216017,0.4452254021698467,DA44_ZPF00003,DA33,0.3634079126992512,0.3634077825989035,0.0,0.1596459479314113,DA33_DA44,0.8393843194538297,0.034974346643909575,DA33_ZPF00003,DA44_ZPF00003,0.0,0.0,26.41688443670151,0.0,0.0
ZPF00003,DA44,0.0,0.0050546191968317,-100.0,0.0,0.0,0.0,-100.0,0.0,8708.287723216017,0.4452254021698467,DA44_ZPF00003,DA34,0.3634079126992512,0.3634077825989035,0.0,0.1596459479314113,DA34_DA44,0.7900523334733707,0.03291884722805711,DA34_ZPF00003,DA44_ZPF00003,0.0,0.0,26.41688443670151,0.0,0.0
ZPF00003,DA44,0.0,0.0050546191968317,-100.0,0.0,0.0,0.0,-100.0,0.0,8708.287723216017,0.4452254021698467,DA44_ZPF00003,DA35,0.4248179977073186,0.4248179977073186,0.0,0.1596459479314113,DA35_DA44,1.0,0.041666666666666664,DA35_ZPF00003,DA44_ZPF00003,0.0,0.0,26.41688443670151,0.0,0.0
ZPF00003,DA44,0.0,0.0050546191968317,-100.0,0.0,0.0,0.0,-100.0,0.0,8708.287723216017,0.4452254021698467,DA44_ZPF00003,DA38,3.7409797738482258,3.7409797738482258,0.0,0.1596459479314113,DA38_DA44,0.8574015485163325,0.035725064521513854,DA38_ZPF00003,DA44_ZPF00003,0.0,0.0,26.41688443670151,0.0,0.0
ZPF00003,DA44,0.0,0.0050546191968317,-100.0,0.0,0.0,0.0,-100.0,0.0,8708.287723216017,0.4452254021698467,DA44_ZPF00003,DA39,0.05635597127315536,0.0563557811024575,0.0,0.1596459479314113,DA39_DA44,1.115352275297796,0.0464730114707415,DA39_ZPF00003,DA44_ZPF00003,0.0,0.0,26.41688443670151,0.0,0.0
ZPF00003,DA44,0.0,0.0050546191968317,-100.0,0.0,0.0,0.0,-100.0,0.0,8708.287723216017,0.4452254021698467,DA44_ZPF00003,DA42,0.3634079126992512,0.3634077825989035,0.0,0.1596459479314113,DA42_DA44,1.144703650963527,0.04769598545681363,DA42_ZPF00003,DA44_ZPF00003,0.0,0.0,26.41688443670151,0.0,0.0
ZPF00003,DA37,0.0,0.0050546191968317,-100.0,0.0,0.0,0.0,-100.0,0.0,8708.287723216017,0.4452254021698467,DA37_ZPF00003,DA33,0.3634079126992512,0.3634077825989035,0.0,0.1596459479314113,DA33_DA37,0.868735695119561,0.036197320629981704,DA33_ZPF00003,DA37_ZPF00003,0.0,0.0,26.41688443670151,0.0,0.0
ZPF00003,DA37,0.0,0.0050546191968317,-100.0,0.0,0.0,0.0,-100.0,0.0,8708.287723216017,0.4452254021698467,DA37_ZPF00003,DA34,0.3634079126992512,0.3634077825989035,0.0,0.1596459479314113,DA34_DA37,0.8194037091391021,0.03414182121412925,DA34_ZPF00003,DA37_ZPF00003,0.0,0.0,26.41688443670151,0.0,0.0
ZPF00003,DA37,0.0,0.0050546191968317,-100.0,0.0,0.0,0.0,-100.0,0.0,8708.287723216017,0.4452254021698467,DA37_ZPF00003,DA35,0.4248179977073186,0.4248179977073186,0.0,0.1596459479314113,DA35_DA37,1.0,0.041666666666666664,DA35_ZPF00003,DA37_ZPF00003,0.0,0.0,26.41688443670151,0.0,0.0
ZPF00003,DA37,0.0,0.0050546191968317,-100.0,0.0,0.0,0.0,-100.0,0.0,8708.287723216017,0.4452254021698467,DA37_ZPF00003,DA38,3.7409797738482258,3.7409797738482258,0.0,0.1596459479314113,DA38_DA37,0.8867529241820639,0.036948038507586,DA38_ZPF00003,DA37_ZPF00003,0.0,0.0,26.41688443670151,0.0,0.0
ZPF00003,DA37,0.0,0.0050546191968317,-100.0,0.0,0.0,0.0,-100.0,0.0,8708.287723216017,0.4452254021698467,DA37_ZPF00003,DA39,0.05635597127315536,0.0563557811024575,0.0,0.1596459479314113,DA39_DA37,1.144703650963527,0.04769598545681363,DA39_ZPF00003,DA37_ZPF00003,0.0,0.0,26.41688443670151,0.0,0.0
ZPF00003,DA37,0.0,0.0050546191968317,-100.0,0.0,0.0,0.0,-100.0,0.0,8708.287723216017,0.4452254021698467,DA37_ZPF00003,DA42,0.3634079126992512,0.3634077825989035,0.0,0.1596459479314113,DA42_DA37,1.174055026629258,0.04891895944288575,DA42_ZPF00003,DA37_ZPF00003,0.0,0.0,26.41688443670151,0.0,0.0
ZPF00003,DA40,0.0,0.0050546191968317,-100.0,0.0,0.0,0.0,-100.0,0.0,8708.287723216017,0.4452254021698467,DA40_ZPF00003,DA33,0.3634079126992512,0.3634077825989035,0.0,0.1596459479314113,DA33_DA40,0.9578175718246816,0.039909065492695066,DA33_ZPF00003,DA40_ZPF00003,0.0,0.0,26.41688443670151,0.0,0.0
ZPF00003,DA40,0.0,0.0050546191968317,-100.0,0.0,0.0,0.0,-100.0,0.0,8708.287723216017,0.4452254021698467,DA40_ZPF00003,DA34,0.3634079126992512,0.3634077825989035,0.0,0.1596459479314113,DA34_DA40,0.9084855858442228,0.037853566076842614,DA34_ZPF00003,DA40_ZPF00003,0.0,0.0,26.41688443670151,0.0,0.0
ZPF00003,DA40,0.0,0.0050546191968317,-100.0,0.0,0.0,0.0,-100.0,0.0,8708.287723216017,0.4452254021698467,DA40_ZPF00003,DA35,0.4248179977073186,0.4248179977073186,0.0,0.1596459479314113,DA35_DA40,1.0,0.041666666666666664,DA35_ZPF00003,DA40_ZPF00003,0.0,0.0,26.41688443670151,0.0,0.0
ZPF00003,DA40,0.0,0.0050546191968317,-100.0,0.0,0.0,0.0,-100.0,0.0,8708.287723216017,0.4452254021698467,DA40_ZPF00003,DA38,3.7409797738482258,3.7409797738482258,0.0,0.1596459479314113,DA38_DA40,0.9758348008871847,0.04065978337029936,DA38_ZPF00003,DA40_ZPF00003,0.0,0.0,26.41688443670151,0.0,0.0
ZPF00003,DA40,0.0,0.0050546191968317,-100.0,0.0,0.0,0.0,-100.0,0.0,8708.287723216017,0.4452254021698467,DA40_ZPF00003,DA39,0.05635597127315536,0.0563557811024575,0.0,0.1596459479314113,DA39_DA40,1.233785527668648,0.051407730319527,DA39_ZPF00003,DA40_ZPF00003,0.0,0.0,26.41688443670151,0.0,0.0
ZPF00003,DA40,0.0,0.0050546191968317,-100.0,0.0,0.0,0.0,-100.0,0.0,8708.287723216017,0.4452254021698467,DA40_ZPF00003,DA42,0.3634079126992512,0.3634077825989035,0.0,0.1596459479314113,DA42_DA40,1.263136903334379,0.05263070430559912,DA42_ZPF00003,DA40_ZPF00003,0.0,0.0,26.41688443670151,0.0,0.0
ZPC00016,DA39,0.0,0.0050546191968317,-100.0,0.0,0.0,0.0,-100.0,0.0,1555.4703561493848,0.08367772241978493,DA39_ZPC00016,DA33,0.13334011303101687,0.13334004473993571,0.0,0.4819741661846925,DA33_DA39,0.8393843194538297,0.034974346643909575,DA33_ZPC00016,DA39_ZPC00016,0.0,0.0,26.41688443670151,0.0,0.0
ZPC00016,DA39,0.0,0.0050546191968317,-100.0,0.0,0.0,0.0,-100.0,0.0,1555.4703561493848,0.08367772241978493,DA39_ZPC00016,DA34,0.11433069166439648,0.11433069166439648,0.0,0.4819741661846925,DA34_DA39,0.7900523334733707,0.03291884722805711,DA34_ZPC00016,DA39_ZPC00016,0.0,0.0,26.41688443670151,0.0,0.0
ZPC00016,DA39,0.0,0.0050546191968317,-100.0,0.0,0.0,0.0,-100.0,0.0,1555.4703561493848,0.08367772241978493,DA39_ZPC00016,DA38,0.3022536497152694,0.30225354056675635,0.0,0.4819741661846925,DA38_DA39,0.8574015485163325,0.035725064521513854,DA38_ZPC00016,DA39_ZPC00016,0.0,0.0,26.41688443670151,0.0,0.0
ZPC00016,DA39,0.0,0.0050546191968317,-100.0,0.0,0.0,0.0,-100.0,0.0,1555.4703561493848,0.08367772241978493,DA39_ZPC00016,DA40,0.1779872918888877,0.1779872918888877,0.0,0.4819741661846925,DA40_DA39,1.233785527668648,0.051407730319527,DA40_ZPC00016,DA39_ZPC00016,0.0,0.0,26.41688443670151,0.0,0.0
ZPC00016,DA42,0.0,0.0050546191968317,-100.0,0.0,0.0,0.0,-100.0,0.0,1555.4703561493848,0.08367772241978493,DA42_ZPC00016,DA33,0.13334011303101687,0.13334004473993571,0.0,0.4819741661846925,DA33_DA42,0.868735695119561,0.036197320629981704,DA33_ZPC00016,DA42_ZPC00016,0.0,0.0,26.41688443670151,0.0,0.0
ZPC00016,DA42,0.0,0.0050546191968317,-100.0,0.0,0.0,0.0,-100.0,0.0,1555.4703561493848,0.08367772241978493,DA42_ZPC00016,DA34,0.11433069166439648,0.11433069166439648,0.0,0.4819741661846925,DA34_DA42,0.8194037091391021,0.03414182121412925,DA34_ZPC00016,DA42_ZPC00016,0.0,0.0,26.41688443670151,0.0,0.0
ZPC00016,DA42,0.0,0.0050546191968317,-100.0,0.0,0.0,0.0,-100.0,0.0,1555.4703561493848,0.08367772241978493,DA42_ZPC00016,DA38,0.3022536497152694,0.30225354056675635,0.0,0.4819741661846925,DA38_DA42,0.8867529241820639,0.036948038507586,DA38_ZPC00016,DA42_ZPC00016,0.0,0.0,26.41688443670151,0.0,0.0
ZPC00016,DA42,0.0,0.0050546191968317,-100.0,0.0,0.0,0.0,-100.0,0.0,1555.4703561493848,0.08367772241978493,DA42_ZPC00016,DA40,0.1779872918888877,0.1779872918888877,0.0,0.4819741661846925,DA40_DA42,1.263136903334379,0.05263070430559912,DA40_ZPC00016,DA42_ZPC00016,0.0,0.0,26.41688443670151,0.0,0.0
ZPC00016,DA45,0.0,0.0050546191968317,-100.0,0.0,0.0,0.0,-100.0,0.0,1555.4703561493848,0.08367772241978493,DA45_ZPC00016,DA33,0.13334011303101687,0.13334004473993571,0.0,0.4819741661846925,DA33_DA45,1.0,0.041666666666666664,DA33_ZPC00016,DA45_ZPC00016,0.0,0.0,26.41688443670151,0.0,0.0
ZPC00016,DA45,0.0,0.0050546191968317,-100.0,0.0,0.0,0.0,-100.0,0.0,1555.4703561493848,0.08367772241978493,DA45_ZPC00016,DA34,0.11433069166439648,0.11433069166439648,0.0,0.4819741661846925,DA34_DA45,1.0,0.041666666666666664,DA34_ZPC00016,DA45_ZPC00016,0.0,0.0,26.41688443670151,0.0,0.0
ZPC00016,DA45,0.0,0.0050546191968317,-100.0,0.0,0.0,0.0,-100.0,0.0,1555.4703561493848,0.08367772241978493,DA45_ZPC00016,DA38,0.3022536497152694,0.30225354056675635,0.0,0.4819741661846925,DA38_DA45,1.0,0.041666666666666664,DA38_ZPC00016,DA45_ZPC00016,0.0,0.0,26.41688443670151,0.0,0.0
ZPC00016,DA45,0.0,0.0050546191968317,-100.0,0.0,0.0,0.0,-100.0,0.0,1555.4703561493848,0.08367772241978493,DA45_ZPC00016,DA40,0.1779872918888877,0.1779872918888877,0.0,0.4819741661846925,DA40_DA45,1.0,0.041666666666666664,DA40_ZPC00016,DA45_ZPC00016,0.0,0.0,26.41688443670151,0.0,0.0
ZPC00016,DA35,0.0,0.0050546191968317,-100.0,0.0,0.0,0.0,-100.0,0.0,1555.4703561493848,0.08367772241978493,DA35_ZPC00016,DA33,0.13334011303101687,0.13334004473993571,0.0,0.4819741661846925,DA33_DA35,1.0,0.041666666666666664,DA33_ZPC00016,DA35_ZPC00016,0.0,0.0,26.41688443670151,0.0,0.0
ZPC00016,DA35,0.0,0.0050546191968317,-100.0,0.0,0.0,0.0,-100.0,0.0,1555.4703561493848,0.08367772241978493,DA35_ZPC00016,DA34,0.11433069166439648,0.11433069166439648,0.0,0.4819741661846925,DA34_DA35,1.0,0.041666666666666664,DA34_ZPC00016,DA35_ZPC00016,0.0,0.0,26.41688443670151,0.0,0.0
ZPC00016,DA35,0.0,0.0050546191968317,-100.0,0.0,0.0,0.0,-100.0,0.0,1555.4703561493848,0.08367772241978493,DA35_ZPC00016,DA38,0.3022536497152694,0.30225354056675635,0.0,0.4819741661846925,DA38_DA35,1.0,0.041666666666666664,DA38_ZPC00016,DA35_ZPC00016,0.0,0.0,26.41688443670151,0.0,0.0
ZPC00016,DA35,0.0,0.0050546191968317,-100.0,0.0,0.0,0.0,-100.0,0.0,1555.4703561493848,0.08367772241978493,DA35_ZPC00016,DA40,0.1779872918888877,0.1779872918888877,0.0,0.4819741661846925,DA40_DA35,1.0,0.041666666666666664,DA40_ZPC00016,DA35_ZPC00016,0.0,0.0,26.41688443670151,0.0,0.0
ZPC00016,DA46,0.0,0.0050546191968317,-100.0,0.0,0.0,0.0,-100.0,0.0,1555.4703561493848,0.08367772241978493,DA46_ZPC00016,DA33,0.13334011303101687,0.13334004473993571,0.0,0.4819741661846925,DA33_DA46,1.0,0.041666666666666664,DA33_ZPC00016,DA46_ZPC00016,0.0,0.0,26.41688443670151,0.0,0.0
ZPC00016,DA46,0.0,0.0050546191968317,-100.0,0.0,0.0,0.0,-100.0,0.0,1555.4703561493848,0.08367772241978493,DA46_ZPC00016,DA34,0.11433069166439648,0.11433069166439648,0.0,0.4819741661846925,DA34_DA46,1.0,0.041666666666666664,DA34_ZPC00016,DA46_ZPC00016,0.0,0.0,26.41688443670151,0.0,0.0
ZPC00016,DA46,0.0,0.0050546191968317,-100.0,0.0,0.0,0.0,-100.0,0.0,1555.4703561493848,0.08367772241978493,DA46_ZPC00016,DA38,0.3022536497152694,0.30225354056675635,0.0,0.4819741661846925,DA38_DA46,1.0,0.041666666666666664,DA38_ZPC00016,DA46_ZPC00016,0.0,0.0,26.41688443670151,0.0,0.0
ZPC00016,DA46,0.0,0.0050546191968317,-100.0,0.0,0.0,0.0,-100.0,0.0,1555.4703561493848,0.08367772241978493,DA46_ZPC00016,DA40,0.1779872918888877,0.1779872918888877,0.0,0.4819741661846925,DA40_DA46,1.0,0.041666666666666664,DA40_ZPC00016,DA46_ZPC00016,0.0,0.0,26.41688443670151,0.0,0.0
ZPC00016,DA36,0.0,0.0001237403839165632,-100.0,0.0,0.0,0.0,-100.0,0.0,1555.4703561493848,0.002048485374324145,DA36_ZPC00016,DA33,0.13334011303101687,0.13334004473993571,26.41688443670151,0.4819741661846925,DA33_DA36,0.8574469683224957,0.03572695701343732,DA33_ZPC00016,DA36_ZPC00016,0.015600000000000003,0.002048485374324145,26.41688443670151,1.0,26.41688443670151
ZPC00016,DA36,0.0,0.0001237403839165632,-100.0,0.0,0.0,0.0,-100.0,0.0,1555.4703561493848,0.002048485374324145,DA36_ZPC00016,DA34,0.11433069166439648,0.11433069166439648,26.41688443670151,0.4819741661846925,DA34_DA36,0.8081149823420368,0.033671457597584865,DA34_ZPC00016,DA36_ZPC00016,0.015600000000000003,0.002048485374324145,26.41688443670151,1.0,26.41688443670151
ZPC00016,DA36,0.0,0.0001237403839165632,-100.0,0.0,0.0,0.0,-100.0,0.0,1555.4703561493848,0.002048485374324145,DA36_ZPC00016,DA38,0.3022536497152694,0.30225354056675635,26.41688443670151,0.4819741661846925,DA38_DA36,0.8754641973849986,0.03647767489104161,DA38_ZPC00016,DA36_ZPC00016,0.015600000000000003,0.002048485374324145,26.41688443670151,1.0,26.41688443670151
ZPC00016,DA36,0.0,0.0001237403839165632,-100.0,0.0,0.0,0.0,-100.0,0.0,1555.4703561493848,0.002048485374324145,DA36_ZPC00016,DA40,0.1779872918888877,0.1779872918888877,26.41688443670151,0.4819741661846925,DA40_DA36,1.251848176537314,0.05216034068905475,DA40_ZPC00016,DA36_ZPC00016,0.015600000000000003,0.002048485374324145,26.41688443670151,1.0,26.41688443670151
ZPC00016,DA44,0.0,0.0050546191968317,-100.0,0.0,0.0,0.0,-100.0,0.0,1555.4703561493848,0.08367772241978493,DA44_ZPC00016,DA33,0.13334011303101687,0.13334004473993571,0.0,0.4819741661846925,DA33_DA44,0.8393843194538297,0.034974346643909575,DA33_ZPC00016,DA44_ZPC00016,0.0,0.0,26.41688443670151,0.0,0.0
ZPC00016,DA44,0.0,0.0050546191968317,-100.0,0.0,0.0,0.0,-100.0,0.0,1555.4703561493848,0.08367772241978493,DA44_ZPC00016,DA34,0.11433069166439648,0.11433069166439648,0.0,0.4819741661846925,DA34_DA44,0.7900523334733707,0.03291884722805711,DA34_ZPC00016,DA44_ZPC00016,0.0,0.0,26.41688443670151,0.0,0.0
ZPC00016,DA44,0.0,0.0050546191968317,-100.0,0.0,0.0,0.0,-100.0,0.0,1555.4703561493848,0.08367772241978493,DA44_ZPC00016,DA38,0.3022536497152694,0.30225354056675635,0.0,0.4819741661846925,DA38_DA44,0.8574015485163325,0.035725064521513854,DA38_ZPC00016,DA44_ZPC00016,0.0,0.0,26.41688443670151,0.0,0.0
ZPC00016,DA44,0.0,0.0050546191968317,-100.0,0.0,0.0,0.0,-100.0,0.0,1555.4703561493848,0.08367772241978493,DA44_ZPC00016,DA40,0.1779872918888877,0.1779872918888877,0.0,0.4819741661846925,DA40_DA44,1.233785527668648,0.051407730319527,DA40_ZPC00016,DA44_ZPC00016,0.0,0.0,26.41688443670151,0.0,0.0
ZPC00016,DA37,0.0,0.0050546191968317,-100.0,0.0,0.0,0.0,-100.0,0.0,1555.4703561493848,0.08367772241978493,DA37_ZPC00016,DA33,0.13334011303101687,0.13334004473993571,0.0,0.4819741661846925,DA33_DA37,0.868735695119561,0.036197320629981704,DA33_ZPC00016,DA37_ZPC00016,0.0,0.0,26.41688443670151,0.0,0.0
ZPC00016,DA37,0.0,0.0050546191968317,-100.0,0.0,0.0,0.0,-100.0,0.0,1555.4703561493848,0.08367772241978493,DA37_ZPC00016,DA34,0.11433069166439648,0.11433069166439648,0.0,0.4819741661846925,DA34_DA37,0.8194037091391021,0.03414182121412925,DA34_ZPC00016,DA37_ZPC00016,0.0,0.0,26.41688443670151,0.0,0.0
ZPC00016,DA37,0.0,0.0050546191968317,-100.0,0.0,0.0,0.0,-100.0,0.0,1555.4703561493848,0.08367772241978493,DA37_ZPC00016,DA38,0.3022536497152694,0.30225354056675635,0.0,0.4819741661846925,DA38_DA37,0.8867529241820639,0.036948038507586,DA38_ZPC00016,DA37_ZPC00016,0.0,0.0,26.41688443670151,0.0,0.0
ZPC00016,DA37,0.0,0.0050546191968317,-100.0,0.0,0.0,0.0,-100.0,0.0,1555.4703561493848,0.08367772241978493,DA37_ZPC00016,DA40,0.1779872918888877,0.1779872918888877,0.0,0.4819741661846925,DA40_DA37,1.263136903334379,0.05263070430559912,DA40_ZPC00016,DA37_ZPC00016,0.0,0.0,26.41688443670151,0.0,0.0
ZPC00012,DA39,0.0,0.0050546191968317,-100.0,0.0,0.0,0.0,-100.0,0.0,2390.832688957416,0.12590210725700077,DA39_ZPC00012,DA33,0.25194782287260165,0.25194782287260165,0.0,0.5668934240362812,DA33_DA39,0.8393843194538297,0.034974346643909575,DA33_ZPC00012,DA39_ZPC00012,0.0,0.0,26.41688443670151,0.0,0.0
ZPC00012,DA39,0.0,0.0050546191968317,-100.0,0.0,0.0,0.0,-100.0,0.0,2390.832688957416,0.12590210725700077,DA39_ZPC00012,DA34,0.2991795814461043,0.2991795814461043,0.0,0.5668934240362812,DA34_DA39,0.7900523334733707,0.03291884722805711,DA34_ZPC00012,DA39_ZPC00012,0.0,0.0,26.41688443670151,0.0,0.0
ZPC00012,DA39,0.0,0.0050546191968317,-100.0,0.0,0.0,0.0,-100.0,0.0,2390.832688957416,0.12590210725700077,DA39_ZPC00012,DA38,0.298264493417437,0.29826449057840776,0.0,0.5668934240362812,DA38_DA39,0.8574015485163325,0.035725064521513854,DA38_ZPC00012,DA39_ZPC00012,0.0,0.0,26.41688443670151,0.0,0.0
ZPC00012,DA39,0.0,0.0050546191968317,-100.0,0.0,0.0,0.0,-100.0,0.0,2390.832688957416,0.12590210725700077,DA39_ZPC00012,DA40,0.3696812224993609,0.3696812224993609,0.0,0.5668934240362812,DA40_DA39,1.233785527668648,0.051407730319527,DA40_ZPC00012,DA39_ZPC00012,0.0,0.0,26.41688443670151,0.0,0.0
ZPC00012,DA42,0.0,0.0050546191968317,-100.0,0.0,0.0,0.0,-100.0,0.0,2390.832688957416,0.12590210725700077,DA42_ZPC00012,DA33,0.25194782287260165,0.25194782287260165,0.0,0.5668934240362812,DA33_DA42,0.868735695119561,0.036197320629981704,DA33_ZPC00012,DA42_ZPC00012,0.0,0.0,26.41688443670151,0.0,0.0
ZPC00012,DA42,0.0,0.0050546191968317,-100.0,0.0,0.0,0.0,-100.0,0.0,2390.832688957416,0.12590210725700077,DA42_ZPC00012,DA34,0.2991795814461043,0.2991795814461043,0.0,0.5668934240362812,DA34_DA42,0.8194037091391021,0.03414182121412925,DA34_ZPC00012,DA42_ZPC00012,0.0,0.0,26.41688443670151,0.0,0.0
ZPC00012,DA42,0.0,0.0050546191968317,-100.0,0.0,0.0,0.0,-100.0,0.0,2390.832688957416,0.12590210725700077,DA42_ZPC00012,DA38,0.298264493417437,0.29826449057840776,0.0,0.5668934240362812,DA38_DA42,0.8867529241820639,0.036948038507586,DA38_ZPC00012,DA42_ZPC00012,0.0,0.0,26.41688443670151,0.0,0.0
ZPC00012,DA42,0.0,0.0050546191968317,-100.0,0.0,0.0,0.0,-100.0,0.0,2390.832688957416,0.12590210725700077,DA42_ZPC00012,DA40,0.3696812224993609,0.3696812224993609,0.0,0.5668934240362812,DA40_DA42,1.263136903334379,0.05263070430559912,DA40_ZPC00012,DA42_ZPC00012,0.0,0.0,26.41688443670151,0.0,0.0
ZPC00012,DA45,0.0,0.0050546191968317,-100.0,0.0,0.0,0.0,-100.0,0.0,2390.832688957416,0.12590210725700077,DA45_ZPC00012,DA33,0.25194782287260165,0.25194782287260165,0.0,0.5668934240362812,DA33_DA45,1.0,0.041666666666666664,DA33_ZPC00012,DA45_ZPC00012,0.0,0.0,26.41688443670151,0.0,0.0
ZPC00012,DA45,0.0,0.0050546191968317,-100.0,0.0,0.0,0.0,-100.0,0.0,2390.832688957416,0.12590210725700077,DA45_ZPC00012,DA34,0.2991795814461043,0.2991795814461043,0.0,0.5668934240362812,DA34_DA45,1.0,0.041666666666666664,DA34_ZPC00012,DA45_ZPC00012,0.0,0.0,26.41688443670151,0.0,0.0
ZPC00012,DA45,0.0,0.0050546191968317,-100.0,0.0,0.0,0.0,-100.0,0.0,2390.832688957416,0.12590210725700077,DA45_ZPC00012,DA38,0.298264493417437,0.29826449057840776,0.0,0.5668934240362812,DA38_DA45,1.0,0.041666666666666664,DA38_ZPC00012,DA45_ZPC00012,0.0,0.0,26.41688443670151,0.0,0.0
ZPC00012,DA45,0.0,0.0050546191968317,-100.0,0.0,0.0,0.0,-100.0,0.0,2390.832688957416,0.12590210725700077,DA45_ZPC00012,DA40,0.3696812224993609,0.3696812224993609,0.0,0.5668934240362812,DA40_DA45,1.0,0.041666666666666664,DA40_ZPC00012,DA45_ZPC00012,0.0,0.0,26.41688443670151,0.0,0.0
ZPC00012,DA35,0.0,0.0050546191968317,-100.0,0.0,0.0,0.0,-100.0,0.0,2390.832688957416,0.12590210725700077,DA35_ZPC00012,DA33,0.25194782287260165,0.25194782287260165,0.0,0.5668934240362812,DA33_DA35,1.0,0.041666666666666664,DA33_ZPC00012,DA35_ZPC00012,0.0,0.0,26.41688443670151,0.0,0.0
ZPC00012,DA35,0.0,0.0050546191968317,-100.0,0.0,0.0,0.0,-100.0,0.0,2390.832688957416,0.12590210725700077,DA35_ZPC00012,DA34,0.2991795814461043,0.2991795814461043,0.0,0.5668934240362812,DA34_DA35,1.0,0.041666666666666664,DA34_ZPC00012,DA35_ZPC00012,0.0,0.0,26.41688443670151,0.0,0.0
ZPC00012,DA35,0.0,0.0050546191968317,-100.0,0.0,0.0,0.0,-100.0,0.0,2390.832688957416,0.12590210725700077,DA35_ZPC00012,DA38,0.298264493417437,0.29826449057840776,0.0,0.5668934240362812,DA38_DA35,1.0,0.041666666666666664,DA38_ZPC00012,DA35_ZPC00012,0.0,0.0,26.41688443670151,0.0,0.0
ZPC00012,DA35,0.0,0.0050546191968317,-100.0,0.0,0.0,0.0,-100.0,0.0,2390.832688957416,0.12590210725700077,DA35_ZPC00012,DA40,0.3696812224993609,0.3696812224993609,0.0,0.5668934240362812,DA40_DA35,1.0,0.041666666666666664,DA40_ZPC00012,DA35_ZPC00012,0.0,0.0,26.41688443670151,0.0,0.0
ZPC00012,DA46,0.0,0.0050546191968317,-100.0,0.0,0.0,0.0,-100.0,0.0,2390.832688957416,0.12590210725700077,DA46_ZPC00012,DA33,0.25194782287260165,0.25194782287260165,0.0,0.5668934240362812,DA33_DA46,1.0,0.041666666666666664,DA33_ZPC00012,DA46_ZPC00012,0.0,0.0,26.41688443670151,0.0,0.0
ZPC00012,DA46,0.0,0.0050546191968317,-100.0,0.0,0.0,0.0,-100.0,0.0,2390.832688957416,0.12590210725700077,DA46_ZPC00012,DA34,0.2991795814461043,0.2991795814461043,0.0,0.5668934240362812,DA34_DA46,1.0,0.041666666666666664,DA34_ZPC00012,DA46_ZPC00012,0.0,0.0,26.41688443670151,0.0,0.0
ZPC00012,DA46,0.0,0.0050546191968317,-100.0,0.0,0.0,0.0,-100.0,0.0,2390.832688957416,0.12590210725700077,DA46_ZPC00012,DA38,0.298264493417437,0.29826449057840776,0.0,0.5668934240362812,DA38_DA46,1.0,0.041666666666666664,DA38_ZPC00012,DA46_ZPC00012,0.0,0.0,26.41688443670151,0.0,0.0
ZPC00012,DA46,0.0,0.0050546191968317,-100.0,0.0,0.0,0.0,-100.0,0.0,2390.832688957416,0.12590210725700077,DA46_ZPC00012,DA40,0.3696812224993609,0.3696812224993609,0.0,0.5668934240362812,DA40_DA46,1.0,0.041666666666666664,DA40_ZPC00012,DA46_ZPC00012,0.0,0.0,26.41688443670151,0.0,0.0
ZPC00012,DA36,0.0,0.000801493813767982,-100.0,0.0,0.0,0.0,-100.0,0.0,2390.832688957416,0.01996386991330437,DA36_ZPC00012,DA33,0.25194782287260165,0.25194782287260165,0.0,0.5668934240362812,DA33_DA36,0.8574469683224957,0.03572695701343732,DA33_ZPC00012,DA36_ZPC00012,0.0,0.0,26.41688443670151,0.0,0.0
ZPC00012,DA36,0.0,0.000801493813767982,-100.0,0.0,0.0,0.0,-100.0,0.0,2390.832688957416,0.01996386991330437,DA36_ZPC00012,DA34,0.2991795814461043,0.2991795814461043,0.0,0.5668934240362812,DA34_DA36,0.8081149823420368,0.033671457597584865,DA34_ZPC00012,DA36_ZPC00012,0.0,0.0,26.41688443670151,0.0,0.0
ZPC00012,DA36,0.0,0.000801493813767982,-100.0,0.0,0.0,0.0,-100.0,0.0,2390.832688957416,0.01996386991330437,DA36_ZPC00012,DA38,0.298264493417437,0.29826449057840776,0.0,0.5668934240362812,DA38_DA36,0.8754641973849986,0.03647767489104161,DA38_ZPC00012,DA36_ZPC00012,0.0,0.0,26.41688443670151,0.0,0.0
ZPC00012,DA36,0.0,0.000801493813767982,-100.0,0.0,0.0,0.0,-100.0,0.0,2390.832688957416,0.01996386991330437,DA36_ZPC00012,DA40,0.3696812224993609,0.3696812224993609,0.0,0.5668934240362812,DA40_DA36,1.251848176537314,0.05216034068905475,DA40_ZPC00012,DA36_ZPC00012,0.0,0.0,26.41688443670151,0.0,0.0
ZPC00012,DA44,0.0,0.0050546191968317,-100.0,0.0,0.0,0.0,-100.0,0.0,2390.832688957416,0.12590210725700077,DA44_ZPC00012,DA33,0.25194782287260165,0.25194782287260165,0.0,0.5668934240362812,DA33_DA44,0.8393843194538297,0.034974346643909575,DA33_ZPC00012,DA44_ZPC00012,0.0,0.0,26.41688443670151,0.0,0.0
ZPC00012,DA44,0.0,0.0050546191968317,-100.0,0.0,0.0,0.0,-100.0,0.0,2390.832688957416,0.12590210725700077,DA44_ZPC00012,DA34,0.2991795814461043,0.2991795814461043,0.0,0.5668934240362812,DA34_DA44,0.7900523334733707,0.03291884722805711,DA34_ZPC00012,DA44_ZPC00012,0.0,0.0,26.41688443670151,0.0,0.0
ZPC00012,DA44,0.0,0.0050546191968317,-100.0,0.0,0.0,0.0,-100.0,0.0,2390.832688957416,0.12590210725700077,DA44_ZPC00012,DA38,0.298264493417437,0.29826449057840776,0.0,0.5668934240362812,DA38_DA44,0.8574015485163325,0.035725064521513854,DA38_ZPC00012,DA44_ZPC00012,0.0,0.0,26.41688443670151,0.0,0.0
ZPC00012,DA44,0.0,0.0050546191968317,-100.0,0.0,0.0,0.0,-100.0,0.0,2390.832688957416,0.12590210725700077,DA44_ZPC00012,DA40,0.3696812224993609,0.3696812224993609,0.0,0.5668934240362812,DA40_DA44,1.233785527668648,0.051407730319527,DA40_ZPC00012,DA44_ZPC00012,0.0,0.0,26.41688443670151,0.0,0.0
ZPC00012,DA37,0.0,0.0050546191968317,-100.0,0.0,0.0,0.0,-100.0,0.0,2390.832688957416,0.12590210725700077,DA37_ZPC00012,DA33,0.25194782287260165,0.25194782287260165,0.0,0.5668934240362812,DA33_DA37,0.868735695119561,0.036197320629981704,DA33_ZPC00012,DA37_ZPC00012,0.0,0.0,26.41688443670151,0.0,0.0
ZPC00012,DA37,0.0,0.0050546191968317,-100.0,0.0,0.0,0.0,-100.0,0.0,2390.832688957416,0.12590210725700077,DA37_ZPC00012,DA34,0.2991795814461043,0.2991795814461043,0.0,0.5668934240362812,DA34_DA37,0.8194037091391021,0.03414182121412925,DA34_ZPC00012,DA37_ZPC00012,0.0,0.0,26.41688443670151,0.0,0.0
ZPC00012,DA37,0.0,0.0050546191968317,-100.0,0.0,0.0,0.0,-100.0,0.0,2390.832688957416,0.12590210725700077,DA37_ZPC00012,DA38,0.298264493417437,0.29826449057840776,0.0,0.5668934240362812,DA38_DA37,0.8867529241820639,0.036948038507586,DA38_ZPC00012,DA37_ZPC00012,0.0,0.0,26.41688443670151,0.0,0.0
ZPC00012,DA37,0.0,0.0050546191968317,-100.0,0.0,0.0,0.0,-100.0,0.0,2390.832688957416,0.12590210725700077,DA37_ZPC00012,DA40,0.3696812224993609,0.3696812224993609,0.0,0.5668934240362812,DA40_DA37,1.263136903334379,0.05263070430559912,DA40_ZPC00012,DA37_ZPC00012,0.0,0.0,26.41688443670151,0.0,0.0
ZPC00011,DA39,0.0,0.0050546191968317,-100.0,0.0,0.0,0.0,-100.0,0.0,1587.2405357555474,0.08528358401702593,DA39_ZPC00011,DA33,0.2124226641905769,0.2124226641905769,0.0,0.5668934240362812,DA33_DA39,0.8393843194538297,0.034974346643909575,DA33_ZPC00011,DA39_ZPC00011,0.0,0.0,26.41688443670151,0.0,0.0
ZPC00011,DA39,0.0,0.0050546191968317,-100.0,0.0,0.0,0.0,-100.0,0.0,1587.2405357555474,0.08528358401702593,DA39_ZPC00011,DA34,0.18393295297728904,0.18393295297728904,0.0,0.5668934240362812,DA34_DA39,0.7900523334733707,0.03291884722805711,DA34_ZPC00011,DA39_ZPC00011,0.0,0.0,26.41688443670151,0.0,0.0
ZPC00011,DA39,0.0,0.0050546191968317,-100.0,0.0,0.0,0.0,-100.0,0.0,1587.2405357555474,0.08528358401702593,DA39_ZPC00011,DA38,0.25777306208886747,0.2577728383903131,0.0,0.5668934240362812,DA38_DA39,0.8574015485163325,0.035725064521513854,DA38_ZPC00011,DA39_ZPC00011,0.0,0.0,26.41688443670151,0.0,0.0
ZPC00011,DA39,0.0,0.0050546191968317,-100.0,0.0,0.0,0.0,-100.0,0.0,1587.2405357555474,0.08528358401702593,DA39_ZPC00011,DA40,0.33593662400383906,0.335936484770163,0.0,0.5668934240362812,DA40_DA39,1.233785527668648,0.051407730319527,DA40_ZPC00011,DA39_ZPC00011,0.0,0.0,26.41688443670151,0.0,0.0
ZPC00011,DA42,0.0,0.0050546191968317,-100.0,0.0,0.0,0.0,-100.0,0.0,1587.2405357555474,0.08528358401702593,DA42_ZPC00011,DA33,0.2124226641905769,0.2124226641905769,0.0,0.5668934240362812,DA33_DA42,0.868735695119561,0.036197320629981704,DA33_ZPC00011,DA42_ZPC00011,0.0,0.0,26.41688443670151,0.0,0.0
ZPC00011,DA42,0.0,0.0050546191968317,-100.0,0.0,0.0,0.0,-100.0,0.0,1587.2405357555474,0.08528358401702593,DA42_ZPC00011,DA34,0.18393295297728904,0.18393295297728904,0.0,0.5668934240362812,DA34_DA42,0.8194037091391021,0.03414182121412925,DA34_ZPC00011,DA42_ZPC00011,0.0,0.0,26.41688443670151,0.0,0.0
ZPC00011,DA42,0.0,0.0050546191968317,-100.0,0.0,0.0,0.0,-100.0,0.0,1587.2405357555474,0.08528358401702593,DA42_ZPC00011,DA38,0.25777306208886747,0.2577728383903131,0.0,0.5668934240362812,DA38_DA42,0.8867529241820639,0.036948038507586,DA38_ZPC00011,DA42_ZPC00011,0.0,0.0,26.41688443670151,0.0,0.0
ZPC00011,DA42,0.0,0.0050546191968317,-100.0,0.0,0.0,0.0,-100.0,0.0,1587.2405357555474,0.08528358401702593,DA42_ZPC00011,DA40,0.33593662400383906,0.335936484770163,0.0,0.5668934240362812,DA40_DA42,1.263136903334379,0.05263070430559912,DA40_ZPC00011,DA42_ZPC00011,0.0,0.0,26.41688443670151,0.0,0.0
ZPC00011,DA45,0.0,0.0050546191968317,-100.0,0.0,0.0,0.0,-100.0,0.0,1587.2405357555474,0.08528358401702593,DA45_ZPC00011,DA33,0.2124226641905769,0.2124226641905769,0.0,0.5668934240362812,DA33_DA45,1.0,0.041666666666666664,DA33_ZPC00011,DA45_ZPC00011,0.0,0.0,26.41688443670151,0.0,0.0
ZPC00011,DA45,0.0,0.0050546191968317,-100.0,0.0,0.0,0.0,-100.0,0.0,1587.2405357555474,0.08528358401702593,DA45_ZPC00011,DA34,0.18393295297728904,0.18393295297728904,0.0,0.5668934240362812,DA34_DA45,1.0,0.041666666666666664,DA34_ZPC00011,DA45_ZPC00011,0.0,0.0,26.41688443670151,0.0,0.0
ZPC00011,DA45,0.0,0.0050546191968317,-100.0,0.0,0.0,0.0,-100.0,0.0,1587.2405357555474,0.08528358401702593,DA45_ZPC00011,DA38,0.25777306208886747,0.2577728383903131,0.0,0.5668934240362812,DA38_DA45,1.0,0.041666666666666664,DA38_ZPC00011,DA45_ZPC00011,0.0,0.0,26.41688443670151,0.0,0.0
ZPC00011,DA45,0.0,0.0050546191968317,-100.0,0.0,0.0,0.0,-100.0,0.0,1587.2405357555474,0.08528358401702593,DA45_ZPC00011,DA40,0.33593662400383906,0.335936484770163,0.0,0.5668934240362812,DA40_DA45,1.0,0.041666666666666664,DA40_ZPC00011,DA45_ZPC00011,0.0,0.0,26.41688443670151,0.0,0.0
ZPC00011,DA35,0.0,0.0050546191968317,-100.0,0.0,0.0,0.0,-100.0,0.0,1587.2405357555474,0.08528358401702593,DA35_ZPC00011,DA33,0.2124226641905769,0.2124226641905769,0.0,0.5668934240362812,DA33_DA35,1.0,0.041666666666666664,DA33_ZPC00011,DA35_ZPC00011,0.0,0.0,26.41688443670151,0.0,0.0
ZPC00011,DA35,0.0,0.0050546191968317,-100.0,0.0,0.0,0.0,-100.0,0.0,1587.2405357555474,0.08528358401702593,DA35_ZPC00011,DA34,0.18393295297728904,0.18393295297728904,0.0,0.5668934240362812,DA34_DA35,1.0,0.041666666666666664,DA34_ZPC00011,DA35_ZPC00011,0.0,0.0,26.41688443670151,0.0,0.0
ZPC00011,DA35,0.0,0.0050546191968317,-100.0,0.0,0.0,0.0,-100.0,0.0,1587.2405357555474,0.08528358401702593,DA35_ZPC00011,DA38,0.25777306208886747,0.2577728383903131,0.0,0.5668934240362812,DA38_DA35,1.0,0.041666666666666664,DA38_ZPC00011,DA35_ZPC00011,0.0,0.0,26.41688443670151,0.0,0.0
ZPC00011,DA35,0.0,0.0050546191968317,-100.0,0.0,0.0,0.0,-100.0,0.0,1587.2405357555474,0.08528358401702593,DA35_ZPC00011,DA40,0.33593662400383906,0.335936484770163,0.0,0.5668934240362812,DA40_DA35,1.0,0.041666666666666664,DA40_ZPC00011,DA35_ZPC00011,0.0,0.0,26.41688443670151,0.0,0.0
ZPC00011,DA46,0.0,0.0050546191968317,-100.0,0.0,0.0,0.0,-100.0,0.0,1587.2405357555474,0.08528358401702593,DA46_ZPC00011,DA33,0.2124226641905769,0.2124226641905769,0.0,0.5668934240362812,DA33_DA46,1.0,0.041666666666666664,DA33_ZPC00011,DA46_ZPC00011,0.0,0.0,26.41688443670151,0.0,0.0
ZPC00011,DA46,0.0,0.0050546191968317,-100.0,0.0,0.0,0.0,-100.0,0.0,1587.2405357555474,0.08528358401702593,DA46_ZPC00011,DA34,0.18393295297728904,0.18393295297728904,0.0,0.5668934240362812,DA34_DA46,1.0,0.041666666666666664,DA34_ZPC00011,DA46_ZPC00011,0.0,0.0,26.41688443670151,0.0,0.0
ZPC00011,DA46,0.0,0.0050546191968317,-100.0,0.0,0.0,0.0,-100.0,0.0,1587.2405357555474,0.08528358401702593,DA46_ZPC00011,DA38,0.25777306208886747,0.2577728383903131,0.0,0.5668934240362812,DA38_DA46,1.0,0.041666666666666664,DA38_ZPC00011,DA46_ZPC00011,0.0,0.0,26.41688443670151,0.0,0.0
ZPC00011,DA46,0.0,0.0050546191968317,-100.0,0.0,0.0,0.0,-100.0,0.0,1587.2405357555474,0.08528358401702593,DA46_ZPC00011,DA40,0.33593662400383906,0.335936484770163,0.0,0.5668934240362812,DA40_DA46,1.0,0.041666666666666664,DA40_ZPC00011,DA46_ZPC00011,0.0,0.0,26.41688443670151,0.0,0.0
ZPC00011,DA36,0.0,0.0008979429797561792,-100.0,0.0,0.0,0.0,-100.0,0.0,1587.2405357555474,0.015150457942417485,DA36_ZPC00011,DA33,0.2124226641905769,0.2124226641905769,0.0,0.5668934240362812,DA33_DA36,0.8574469683224957,0.03572695701343732,DA33_ZPC00011,DA36_ZPC00011,0.0,0.0,26.41688443670151,0.0,0.0
ZPC00011,DA36,0.0,0.0008979429797561792,-100.0,0.0,0.0,0.0,-100.0,0.0,1587.2405357555474,0.015150457942417485,DA36_ZPC00011,DA34,0.18393295297728904,0.18393295297728904,0.0,0.5668934240362812,DA34_DA36,0.8081149823420368,0.033671457597584865,DA34_ZPC00011,DA36_ZPC00011,0.0,0.0,26.41688443670151,0.0,0.0
ZPC00011,DA36,0.0,0.0008979429797561792,-100.0,0.0,0.0,0.0,-100.0,0.0,1587.2405357555474,0.015150457942417485,DA36_ZPC00011,DA38,0.25777306208886747,0.2577728383903131,0.0,0.5668934240362812,DA38_DA36,0.8754641973849986,0.03647767489104161,DA38_ZPC00011,DA36_ZPC00011,0.0,0.0,26.41688443670151,0.0,0.0
ZPC00011,DA36,0.0,0.0008979429797561792,-100.0,0.0,0.0,0.0,-100.0,0.0,1587.2405357555474,0.015150457942417485,DA36_ZPC00011,DA40,0.33593662400383906,0.335936484770163,0.0,0.5668934240362812,DA40_DA36,1.251848176537314,0.05216034068905475,DA40_ZPC00011,DA36_ZPC00011,0.0,0.0,26.41688443670151,0.0,0.0
ZPC00011,DA44,0.0,0.0050546191968317,-100.0,0.0,0.0,0.0,-100.0,0.0,1587.2405357555474,0.08528358401702593,DA44_ZPC00011,DA33,0.2124226641905769,0.2124226641905769,0.0,0.5668934240362812,DA33_DA44,0.8393843194538297,0.034974346643909575,DA33_ZPC00011,DA44_ZPC00011,0.0,0.0,26.41688443670151,0.0,0.0
ZPC00011,DA44,0.0,0.0050546191968317,-100.0,0.0,0.0,0.0,-100.0,0.0,1587.2405357555474,0.08528358401702593,DA44_ZPC00011,DA34,0.18393295297728904,0.18393295297728904,0.0,0.5668934240362812,DA34_DA44,0.7900523334733707,0.03291884722805711,DA34_ZPC00011,DA44_ZPC00011,0.0,0.0,26.41688443670151,0.0,0.0
ZPC00011,DA44,0.0,0.0050546191968317,-100.0,0.0,0.0,0.0,-100.0,0.0,1587.2405357555474,0.08528358401702593,DA44_ZPC00011,DA38,0.25777306208886747,0.2577728383903131,0.0,0.5668934240362812,DA38_DA44,0.8574015485163325,0.035725064521513854,DA38_ZPC00011,DA44_ZPC00011,0.0,0.0,26.41688443670151,0.0,0.0
ZPC00011,DA44,0.0,0.0050546191968317,-100.0,0.0,0.0,0.0,-100.0,0.0,1587.2405357555474,0.08528358401702593,DA44_ZPC00011,DA40,0.33593662400383906,0.335936484770163,0.0,0.5668934240362812,DA40_DA44,1.233785527668648,0.051407730319527,DA40_ZPC00011,DA44_ZPC00011,0.0,0.0,26.41688443670151,0.0,0.0
ZPC00011,DA37,0.0,0.0050546191968317,-100.0,0.0,0.0,0.0,-100.0,0.0,1587.2405357555474,0.08528358401702593,DA37_ZPC00011,DA33,0.2124226641905769,0.2124226641905769,0.0,0.5668934240362812,DA33_DA37,0.868735695119561,0.036197320629981704,DA33_ZPC00011,DA37_ZPC00011,0.0,0.0,26.41688443670151,0.0,0.0
ZPC00011,DA37,0.0,0.0050546191968317,-100.0,0.0,0.0,0.0,-100.0,0.0,1587.2405357555474,0.08528358401702593,DA37_ZPC00011,DA34,0.18393295297728904,0.18393295297728904,0.0,0.5668934240362812,DA34_DA37,0.8194037091391021,0.03414182121412925,DA34_ZPC00011,DA37_ZPC00011,0.0,0.0,26.41688443670151,0.0,0.0
ZPC00011,DA37,0.0,0.0050546191968317,-100.0,0.0,0.0,0.0,-100.0,0.0,1587.2405357555474,0.08528358401702593,DA37_ZPC00011,DA38,0.25777306208886747,0.2577728383903131,0.0,0.5668934240362812,DA38_DA37,0.8867529241820639,0.036948038507586,DA38_ZPC00011,DA37_ZPC00011,0.0,0.0,26.41688443670151,0.0,0.0
ZPC00011,DA37,0.0,0.0050546191968317,-100.0,0.0,0.0,0.0,-100.0,0.0,1587.2405357555474,0.08528358401702593,DA37_ZPC00011,DA40,0.33593662400383906,0.335936484770163,0.0,0.5668934240362812,DA40_DA37,1.263136903334379,0.05263070430559912,DA40_ZPC00011,DA37_ZPC00011,0.0,0.0,26.41688443670151,0.0,0.0
ZPC00010,DA34,0.8967649748513945,0.3630553828525975,147.0050072816263,0.5377229080932784,2.9464786971467447,-1.511990814202072,-516.46,0.0,-322.6155899267459,1.875035830280525,DA34_ZPC00010,DA33,0.3834655104800208,0.3834640826228666,0.0,0.3099489795918368,DA33_DA34,0.5140843776294046,0.02142018240122519,DA33_ZPC00010,DA34_ZPC00010,0.0,0.0,26.41688443670151,0.0,0.0
ZPC00010,DA34,0.8967649748513945,0.3630553828525975,147.0050072816263,0.5377229080932784,2.9464786971467447,-1.511990814202072,-516.46,0.0,-322.6155899267459,1.875035830280525,DA34_ZPC00010,DA42,0.40870286936026734,0.40870270526800767,0.0,0.3099489795918368,DA42_DA34,0.8194037091391021,0.03414182121412925,DA42_ZPC00010,DA34_ZPC00010,0.0,0.0,26.41688443670151,0.0,0.0
ZPC00010,DA34,0.8967649748513945,0.3630553828525975,147.0050072816263,0.5377229080932784,2.9464786971467447,-1.511990814202072,-516.46,0.0,-322.6155899267459,1.875035830280525,DA34_ZPC00010,DA44,0.22352586844304884,0.22352138259040635,0.0,0.3099489795918368,DA44_DA34,0.7900523334733707,0.03291884722805711,DA44_ZPC00010,DA34_ZPC00010,0.0,0.0,26.41688443670151,0.0,0.0
ZPC00010,DA34,0.8967649748513945,0.3630553828525975,147.0050072816263,0.5377229080932784,2.9464786971467447,-1.511990814202072,-516.46,0.0,-322.6155899267459,1.875035830280525,DA34_ZPC00010,DA46,0.30016945101395665,0.3001689805032801,0.0,0.3099489795918368,DA46_DA34,1.0,0.041666666666666664,DA46_ZPC00010,DA34_ZPC00010,0.0,0.0,26.41688443670151,0.0,0.0
ZPC00010,DA35,0.6329446730681298,0.1641597277860941,285.5663515066734,0.0,1.2973475255588063,-0.6644028524906764,-504.73,0.0,-322.6155899267459,0.8285633940547528,DA35_ZPC00010,DA33,0.3834655104800208,0.3834640826228666,0.0,0.3099489795918368,DA33_DA35,1.0,0.041666666666666664,DA33_ZPC00010,DA35_ZPC00010,0.0,0.0,26.41688443670151,0.0,0.0
ZPC00010,DA35,0.6329446730681298,0.1641597277860941,285.5663515066734,0.0,1.2973475255588063,-0.6644028524906764,-504.73,0.0,-322.6155899267459,0.8285633940547528,DA35_ZPC00010,DA42,0.40870286936026734,0.40870270526800767,0.0,0.3099489795918368,DA42_DA35,1.0,0.041666666666666664,DA42_ZPC00010,DA35_ZPC00010,0.0,0.0,26.41688443670151,0.0,0.0
ZPC00010,DA35,0.6329446730681298,0.1641597277860941,285.5663515066734,0.0,1.2973475255588063,-0.6644028524906764,-504.73,0.0,-322.6155899267459,0.8285633940547528,DA35_ZPC00010,DA44,0.22352586844304884,0.22352138259040635,0.0,0.3099489795918368,DA44_DA35,1.0,0.041666666666666664,DA44_ZPC00010,DA35_ZPC00010,0.0,0.0,26.41688443670151,0.0,0.0
ZPC00010,DA35,0.6329446730681298,0.1641597277860941,285.5663515066734,0.0,1.2973475255588063,-0.6644028524906764,-504.73,0.0,-322.6155899267459,0.8285633940547528,DA35_ZPC00010,DA46,0.30016945101395665,0.3001689805032801,0.0,0.3099489795918368,DA46_DA35,1.264366951754586,0.052681956323107744,DA46_ZPC00010,DA35_ZPC00010,0.0,0.0,26.41688443670151,0.0,0.0
ZPC00010,DA36,0.7494513031550067,0.1304122496587003,474.6786096523779,0.0,1.0505342592701894,-0.30108295611518265,-330.87,0.0,-322.6155899267459,0.4314950104457417,DA36_ZPC00010,DA33,0.3834655104800208,0.3834640826228666,0.0,0.3099489795918368,DA33_DA36,0.8574469683224957,0.03572695701343732,DA33_ZPC00010,DA36_ZPC00010,0.0,0.0,26.41688443670151,0.0,0.0
ZPC00010,DA36,0.7494513031550067,0.1304122496587003,474.6786096523779,0.0,1.0505342592701894,-0.30108295611518265,-330.87,0.0,-322.6155899267459,0.4314950104457417,DA36_ZPC00010,DA42,0.40870286936026734,0.40870270526800767,0.0,0.3099489795918368,DA42_DA36,1.162766299832193,0.048448595826341374,DA42_ZPC00010,DA36_ZPC00010,0.0,0.0,26.41688443670151,0.0,0.0
ZPC00010,DA36,0.7494513031550067,0.1304122496587003,474.6786096523779,0.0,1.0505342592701894,-0.30108295611518265,-330.87,0.0,-322.6155899267459,0.4314950104457417,DA36_ZPC00010,DA44,0.22352586844304884,0.22352138259040635,0.0,0.3099489795918368,DA44_DA36,1.133414924166462,0.047225621840269245,DA44_ZPC00010,DA36_ZPC00010,0.0,0.0,26.41688443670151,0.0,0.0
ZPC00010,DA36,0.7494513031550067,0.1304122496587003,474.6786096523779,0.0,1.0505342592701894,-0.30108295611518265,-330.87,0.0,-322.6155899267459,0.4314950104457417,DA36_ZPC00010,DA46,0.30016945101395665,0.3001689805032801,0.0,0.3099489795918368,DA46_DA36,1.155992641604193,0.04816636006684138,DA46_ZPC00010,DA36_ZPC00010,0.0,0.0,26.41688443670151,0.0,0.0
ZPC00010,DA37,0.466026520347508,0.1471848023524762,216.62679359481282,0.0,1.2147996161742554,-0.7487730958267473,-608.73,0.0,-322.6155899267459,0.8959580473602283,DA37_ZPC00010,DA33,0.3834655104800208,0.3834640826228666,0.0,0.3099489795918368,DA33_DA37,0.868735695119561,0.036197320629981704,DA33_ZPC00010,DA37_ZPC00010,0.0,0.0,26.41688443670151,0.0,0.0
ZPC00010,DA37,0.466026520347508,0.1471848023524762,216.62679359481282,0.0,1.2147996161742554,-0.7487730958267473,-608.73,0.0,-322.6155899267459,0.8959580473602283,DA37_ZPC00010,DA42,0.40870286936026734,0.40870270526800767,0.0,0.3099489795918368,DA42_DA37,1.174055026629258,0.04891895944288575,DA42_ZPC00010,DA37_ZPC00010,0.0,0.0,26.41688443670151,0.0,0.0
ZPC00010,DA37,0.466026520347508,0.1471848023524762,216.62679359481282,0.0,1.2147996161742554,-0.7487730958267473,-608.73,0.0,-322.6155899267459,0.8959580473602283,DA37_ZPC00010,DA44,0.22352586844304884,0.22352138259040635,0.0,0.3099489795918368,DA44_DA37,1.144703650963527,0.04769598545681363,DA44_ZPC00010,DA37_ZPC00010,0.0,0.0,26.41688443670151,0.0,0.0
ZPC00010,DA37,0.466026520347508,0.1471848023524762,216.62679359481282,0.0,1.2147996161742554,-0.7487730958267473,-608.73,0.0,-322.6155899267459,0.8959580473602283,DA37_ZPC00010,DA46,0.30016945101395665,0.3001689805032801,0.0,0.3099489795918368,DA46_DA37,1.0,0.041666666666666664,DA46_ZPC00010,DA37_ZPC00010,0.0,0.0,26.41688443670151,0.0,0.0
ZPC00010,DA38,0.7018404206675811,0.2056174464680382,241.3331080233395,0.2688614540466392,1.6904881724667173,-0.719786297752497,-450.06,0.0,-322.6155899267459,0.9254018795740528,DA38_ZPC00010,DA33,0.3834655104800208,0.3834640826228666,0.0,0.3099489795918368,DA33_DA38,0.5814335926723664,0.024226399694681933,DA33_ZPC00010,DA38_ZPC00010,0.0,0.0,26.41688443670151,0.0,0.0
ZPC00010,DA38,0.7018404206675811,0.2056174464680382,241.3331080233395,0.2688614540466392,1.6904881724667173,-0.719786297752497,-450.06,0.0,-322.6155899267459,0.9254018795740528,DA38_ZPC00010,DA42,0.40870286936026734,0.40870270526800767,0.0,0.3099489795918368,DA42_DA38,0.8867529241820639,0.036948038507586,DA42_ZPC00010,DA38_ZPC00010,0.0,0.0,26.41688443670151,0.0,0.0
ZPC00010,DA38,0.7018404206675811,0.2056174464680382,241.3331080233395,0.2688614540466392,1.6904881724667173,-0.719786297752497,-450.06,0.0,-322.6155899267459,0.9254018795740528,DA38_ZPC00010,DA44,0.22352586844304884,0.22352138259040635,0.0,0.3099489795918368,DA44_DA38,0.8574015485163325,0.035725064521513854,DA44_ZPC00010,DA38_ZPC00010,0.0,0.0,26.41688443670151,0.0,0.0
ZPC00010,DA38,0.7018404206675811,0.2056174464680382,241.3331080233395,0.2688614540466392,1.6904881724667173,-0.719786297752497,-450.06,0.0,-322.6155899267459,0.9254018795740528,DA38_ZPC00010,DA46,0.30016945101395665,0.3001689805032801,0.0,0.3099489795918368,DA46_DA38,1.0,0.041666666666666664,DA46_ZPC00010,DA38_ZPC00010,0.0,0.0,26.41688443670151,0.0,0.0
ZPC00010,DA40,2.055109739368998,0.3329704175537903,517.2049020051463,0.0,2.774905275830364,-0.719795536461366,-316.17,0.0,-322.6155899267459,1.052752569179819,DA40_ZPC00010,DA33,0.3834655104800208,0.3834640826228666,0.0,0.3099489795918368,DA33_DA40,0.9578175718246816,0.039909065492695066,DA33_ZPC00010,DA40_ZPC00010,0.0,0.0,26.41688443670151,0.0,0.0
ZPC00010,DA40,2.055109739368998,0.3329704175537903,517.2049020051463,0.0,2.774905275830364,-0.719795536461366,-316.17,0.0,-322.6155899267459,1.052752569179819,DA40_ZPC00010,DA42,0.40870286936026734,0.40870270526800767,0.0,0.3099489795918368,DA42_DA40,1.263136903334379,0.05263070430559912,DA42_ZPC00010,DA40_ZPC00010,0.0,0.0,26.41688443670151,0.0,0.0
ZPC00010,DA40,2.055109739368998,0.3329704175537903,517.2049020051463,0.0,2.774905275830364,-0.719795536461366,-316.17,0.0,-322.6155899267459,1.052752569179819,DA40_ZPC00010,DA44,0.22352586844304884,0.22352138259040635,0.0,0.3099489795918368,DA44_DA40,1.233785527668648,0.051407730319527,DA44_ZPC00010,DA40_ZPC00010,0.0,0.0,26.41688443670151,0.0,0.0
ZPC00010,DA40,2.055109739368998,0.3329704175537903,517.2049020051463,0.0,2.774905275830364,-0.719795536461366,-316.17,0.0,-322.6155899267459,1.052752569179819,DA40_ZPC00010,DA46,0.30016945101395665,0.3001689805032801,0.0,0.3099489795918368,DA46_DA40,1.0,0.041666666666666664,DA46_ZPC00010,DA40_ZPC00010,0.0,0.0,26.41688443670151,0.0,0.0
ZPC00010,DA45,0.209487882944673,0.1503945018239009,39.29224832299081,0.0,1.2566548941720557,-1.0471670112273828,-796.28,0.0,-322.6155899267459,1.1975613391233582,DA45_ZPC00010,DA33,0.3834655104800208,0.3834640826228666,0.0,0.3099489795918368,DA33_DA45,1.0,0.041666666666666664,DA33_ZPC00010,DA45_ZPC00010,0.0,0.0,26.41688443670151,0.0,0.0
ZPC00010,DA45,0.209487882944673,0.1503945018239009,39.29224832299081,0.0,1.2566548941720557,-1.0471670112273828,-796.28,0.0,-322.6155899267459,1.1975613391233582,DA45_ZPC00010,DA42,0.40870286936026734,0.40870270526800767,0.0,0.3099489795918368,DA42_DA45,1.0,0.041666666666666664,DA42_ZPC00010,DA45_ZPC00010,0.0,0.0,26.41688443670151,0.0,0.0
ZPC00010,DA45,0.209487882944673,0.1503945018239009,39.29224832299081,0.0,1.2566548941720557,-1.0471670112273828,-796.28,0.0,-322.6155899267459,1.1975613391233582,DA45_ZPC00010,DA44,0.22352586844304884,0.22352138259040635,0.0,0.3099489795918368,DA44_DA45,1.0,0.041666666666666664,DA44_ZPC00010,DA45_ZPC00010,0.0,0.0,26.41688443670151,0.0,0.0
ZPC00010,DA45,0.209487882944673,0.1503945018239009,39.29224832299081,0.0,1.2566548941720557,-1.0471670112273828,-796.28,0.0,-322.6155899267459,1.1975613391233582,DA45_ZPC00010,DA46,0.30016945101395665,0.3001689805032801,0.0,0.3099489795918368,DA46_DA45,1.230499979832588,0.0512708324930245,DA46_ZPC00010,DA45_ZPC00010,0.0,0.0,26.41688443670151,0.0,0.0
ZPC00010,DA39,0.0,0.008269527821864318,-100.0,0.0,0.0,0.0,-100.0,0.0,-322.6155899267459,0.008269527821864318,DA39_ZPC00010,DA33,0.3834655104800208,0.3834640826228666,0.0,0.3099489795918368,DA33_DA39,0.8393843194538297,0.034974346643909575,DA33_ZPC00010,DA39_ZPC00010,0.0,0.0,26.41688443670151,0.0,0.0
ZPC00010,DA39,0.0,0.008269527821864318,-100.0,0.0,0.0,0.0,-100.0,0.0,-322.6155899267459,0.008269527821864318,DA39_ZPC00010,DA42,0.40870286936026734,0.40870270526800767,0.0,0.3099489795918368,DA42_DA39,1.144703650963527,0.04769598545681363,DA42_ZPC00010,DA39_ZPC00010,0.0,0.0,26.41688443670151,0.0,0.0
ZPC00010,DA39,0.0,0.008269527821864318,-100.0,0.0,0.0,0.0,-100.0,0.0,-322.6155899267459,0.008269527821864318,DA39_ZPC00010,DA44,0.22352586844304884,0.22352138259040635,0.0,0.3099489795918368,DA44_DA39,1.115352275297796,0.0464730114707415,DA44_ZPC00010,DA39_ZPC00010,0.0,0.0,26.41688443670151,0.0,0.0
ZPC00010,DA39,0.0,0.008269527821864318,-100.0,0.0,0.0,0.0,-100.0,0.0,-322.6155899267459,0.008269527821864318,DA39_ZPC00010,DA46,0.30016945101395665,0.3001689805032801,0.0,0.3099489795918368,DA46_DA39,1.0,0.041666666666666664,DA46_ZPC00010,DA39_ZPC00010,0.0,0.0,26.41688443670151,0.0,0.0
ZPC00009,DA39,0.0,0.0050546191968317,-100.0,0.0,0.0,0.0,-100.0,0.0,1114.8109607956856,0.06140406802959434,DA39_ZPC00009,DA33,0.5846775442615753,0.5846769525879848,0.0,0.3757816257816258,DA33_DA39,0.8393843194538297,0.034974346643909575,DA33_ZPC00009,DA39_ZPC00009,0.0,0.0,26.41688443670151,0.0,0.0
ZPC00009,DA39,0.0,0.0050546191968317,-100.0,0.0,0.0,0.0,-100.0,0.0,1114.8109607956856,0.06140406802959434,DA39_ZPC00009,DA34,0.20164956540873955,0.20164841404621708,0.0,0.3757816257816258,DA34_DA39,0.7900523334733707,0.03291884722805711,DA34_ZPC00009,DA39_ZPC00009,0.0,0.0,26.41688443670151,0.0,0.0
ZPC00009,DA39,0.0,0.0050546191968317,-100.0,0.0,0.0,0.0,-100.0,0.0,1114.8109607956856,0.06140406802959434,DA39_ZPC00009,DA36,0.2095356550691268,0.20953535914174237,0.0,0.3757816257816258,DA36_DA39,1.133414924166462,0.047225621840269245,DA36_ZPC00009,DA39_ZPC00009,0.0,0.0,26.41688443670151,0.0,0.0
ZPC00009,DA39,0.0,0.0050546191968317,-100.0,0.0,0.0,0.0,-100.0,0.0,1114.8109607956856,0.06140406802959434,DA39_ZPC00009,DA38,0.21275220453890437,0.21275220453890437,0.0,0.3757816257816258,DA38_DA39,0.8574015485163325,0.035725064521513854,DA38_ZPC00009,DA39_ZPC00009,0.0,0.0,26.41688443670151,0.0,0.0
ZPC00009,DA39,0.0,0.0050546191968317,-100.0,0.0,0.0,0.0,-100.0,0.0,1114.8109607956856,0.06140406802959434,DA39_ZPC00009,DA40,0.2436742664429522,0.24367408120973658,0.0,0.3757816257816258,DA40_DA39,1.233785527668648,0.051407730319527,DA40_ZPC00009,DA39_ZPC00009,0.0,0.0,26.41688443670151,0.0,0.0
ZPC00009,DA42,0.0,0.0050546191968317,-100.0,0.0,0.0,0.0,-100.0,0.0,1114.8109607956856,0.06140406802959434,DA42_ZPC00009,DA33,0.5846775442615753,0.5846769525879848,0.0,0.3757816257816258,DA33_DA42,0.868735695119561,0.036197320629981704,DA33_ZPC00009,DA42_ZPC00009,0.0,0.0,26.41688443670151,0.0,0.0
ZPC00009,DA42,0.0,0.0050546191968317,-100.0,0.0,0.0,0.0,-100.0,0.0,1114.8109607956856,0.06140406802959434,DA42_ZPC00009,DA34,0.20164956540873955,0.20164841404621708,0.0,0.3757816257816258,DA34_DA42,0.8194037091391021,0.03414182121412925,DA34_ZPC00009,DA42_ZPC00009,0.0,0.0,26.41688443670151,0.0,0.0
ZPC00009,DA42,0.0,0.0050546191968317,-100.0,0.0,0.0,0.0,-100.0,0.0,1114.8109607956856,0.06140406802959434,DA42_ZPC00009,DA36,0.2095356550691268,0.20953535914174237,0.0,0.3757816257816258,DA36_DA42,1.162766299832193,0.048448595826341374,DA36_ZPC00009,DA42_ZPC00009,0.0,0.0,26.41688443670151,0.0,0.0
ZPC00009,DA42,0.0,0.0050546191968317,-100.0,0.0,0.0,0.0,-100.0,0.0,1114.8109607956856,0.06140406802959434,DA42_ZPC00009,DA38,0.21275220453890437,0.21275220453890437,0.0,0.3757816257816258,DA38_DA42,0.8867529241820639,0.036948038507586,DA38_ZPC00009,DA42_ZPC00009,0.0,0.0,26.41688443670151,0.0,0.0
ZPC00009,DA42,0.0,0.0050546191968317,-100.0,0.0,0.0,0.0,-100.0,0.0,1114.8109607956856,0.06140406802959434,DA42_ZPC00009,DA40,0.2436742664429522,0.24367408120973658,0.0,0.3757816257816258,DA40_DA42,1.263136903334379,0.05263070430559912,DA40_ZPC00009,DA42_ZPC00009,0.0,0.0,26.41688443670151,0.0,0.0
ZPC00009,DA45,0.0,0.0050546191968317,-100.0,0.0,0.0,0.0,-100.0,0.0,1114.8109607956856,0.06140406802959434,DA45_ZPC00009,DA33,0.5846775442615753,0.5846769525879848,0.0,0.3757816257816258,DA33_DA45,1.0,0.041666666666666664,DA33_ZPC00009,DA45_ZPC00009,0.0,0.0,26.41688443670151,0.0,0.0
ZPC00009,DA45,0.0,0.0050546191968317,-100.0,0.0,0.0,0.0,-100.0,0.0,1114.8109607956856,0.06140406802959434,DA45_ZPC00009,DA34,0.20164956540873955,0.20164841404621708,0.0,0.3757816257816258,DA34_DA45,1.0,0.041666666666666664,DA34_ZPC00009,DA45_ZPC00009,0.0,0.0,26.41688443670151,0.0,0.0
ZPC00009,DA45,0.0,0.0050546191968317,-100.0,0.0,0.0,0.0,-100.0,0.0,1114.8109607956856,0.06140406802959434,DA45_ZPC00009,DA36,0.2095356550691268,0.20953535914174237,0.0,0.3757816257816258,DA36_DA45,1.122125669682195,0.046755236236758126,DA36_ZPC00009,DA45_ZPC00009,0.0,0.0,26.41688443670151,0.0,0.0
ZPC00009,DA45,0.0,0.0050546191968317,-100.0,0.0,0.0,0.0,-100.0,0.0,1114.8109607956856,0.06140406802959434,DA45_ZPC00009,DA38,0.21275220453890437,0.21275220453890437,0.0,0.3757816257816258,DA38_DA45,1.0,0.041666666666666664,DA38_ZPC00009,DA45_ZPC00009,0.0,0.0,26.41688443670151,0.0,0.0
ZPC00009,DA45,0.0,0.0050546191968317,-100.0,0.0,0.0,0.0,-100.0,0.0,1114.8109607956856,0.06140406802959434,DA45_ZPC00009,DA40,0.2436742664429522,0.24367408120973658,0.0,0.3757816257816258,DA40_DA45,1.0,0.041666666666666664,DA40_ZPC00009,DA45_ZPC00009,0.0,0.0,26.41688443670151,0.0,0.0
ZPC00009,DA35,0.0,0.0050546191968317,-100.0,0.0,0.0,0.0,-100.0,0.0,1114.8109607956856,0.06140406802959434,DA35_ZPC00009,DA33,0.5846775442615753,0.5846769525879848,0.0,0.3757816257816258,DA33_DA35,1.0,0.041666666666666664,DA33_ZPC00009,DA35_ZPC00009,0.0,0.0,26.41688443670151,0.0,0.0
ZPC00009,DA35,0.0,0.0050546191968317,-100.0,0.0,0.0,0.0,-100.0,0.0,1114.8109607956856,0.06140406802959434,DA35_ZPC00009,DA34,0.20164956540873955,0.20164841404621708,0.0,0.3757816257816258,DA34_DA35,1.0,0.041666666666666664,DA34_ZPC00009,DA35_ZPC00009,0.0,0.0,26.41688443670151,0.0,0.0
ZPC00009,DA35,0.0,0.0050546191968317,-100.0,0.0,0.0,0.0,-100.0,0.0,1114.8109607956856,0.06140406802959434,DA35_ZPC00009,DA36,0.2095356550691268,0.20953535914174237,0.0,0.3757816257816258,DA36_DA35,1.155992641604193,0.04816636006684138,DA36_ZPC00009,DA35_ZPC00009,0.0,0.0,26.41688443670151,0.0,0.0
ZPC00009,DA35,0.0,0.0050546191968317,-100.0,0.0,0.0,0.0,-100.0,0.0,1114.8109607956856,0.06140406802959434,DA35_ZPC00009,DA38,0.21275220453890437,0.21275220453890437,0.0,0.3757816257816258,DA38_DA35,1.0,0.041666666666666664,DA38_ZPC00009,DA35_ZPC00009,0.0,0.0,26.41688443670151,0.0,0.0
ZPC00009,DA35,0.0,0.0050546191968317,-100.0,0.0,0.0,0.0,-100.0,0.0,1114.8109607956856,0.06140406802959434,DA35_ZPC00009,DA40,0.2436742664429522,0.24367408120973658,0.0,0.3757816257816258,DA40_DA35,1.0,0.041666666666666664,DA40_ZPC00009,DA35_ZPC00009,0.0,0.0,26.41688443670151,0.0,0.0
ZPC00009,DA46,0.0,0.0050546191968317,-100.0,0.0,0.0,0.0,-100.0,0.0,1114.8109607956856,0.06140406802959434,DA46_ZPC00009,DA33,0.5846775442615753,0.5846769525879848,0.0,0.3757816257816258,DA33_DA46,1.0,0.041666666666666664,DA33_ZPC00009,DA46_ZPC00009,0.0,0.0,26.41688443670151,0.0,0.0
ZPC00009,DA46,0.0,0.0050546191968317,-100.0,0.0,0.0,0.0,-100.0,0.0,1114.8109607956856,0.06140406802959434,DA46_ZPC00009,DA34,0.20164956540873955,0.20164841404621708,0.0,0.3757816257816258,DA34_DA46,1.0,0.041666666666666664,DA34_ZPC00009,DA46_ZPC00009,0.0,0.0,26.41688443670151,0.0,0.0
ZPC00009,DA46,0.0,0.0050546191968317,-100.0,0.0,0.0,0.0,-100.0,0.0,1114.8109607956856,0.06140406802959434,DA46_ZPC00009,DA36,0.2095356550691268,0.20953535914174237,0.0,0.3757816257816258,DA36_DA46,1.155992641604193,0.04816636006684138,DA36_ZPC00009,DA46_ZPC00009,0.0,0.0,26.41688443670151,0.0,0.0
ZPC00009,DA46,0.0,0.0050546191968317,-100.0,0.0,0.0,0.0,-100.0,0.0,1114.8109607956856,0.06140406802959434,DA46_ZPC00009,DA38,0.21275220453890437,0.21275220453890437,0.0,0.3757816257816258,DA38_DA46,1.0,0.041666666666666664,DA38_ZPC00009,DA46_ZPC00009,0.0,0.0,26.41688443670151,0.0,0.0
ZPC00009,DA46,0.0,0.0050546191968317,-100.0,0.0,0.0,0.0,-100.0,0.0,1114.8109607956856,0.06140406802959434,DA46_ZPC00009,DA40,0.2436742664429522,0.24367408120973658,0.0,0.3757816257816258,DA40_DA46,1.0,0.041666666666666664,DA40_ZPC00009,DA46_ZPC00009,0.0,0.0,26.41688443670151,0.0,0.0
ZPC00009,DA44,0.0,0.0050546191968317,-100.0,0.0,0.0,0.0,-100.0,0.0,1114.8109607956856,0.06140406802959434,DA44_ZPC00009,DA33,0.5846775442615753,0.5846769525879848,0.0,0.3757816257816258,DA33_DA44,0.8393843194538297,0.034974346643909575,DA33_ZPC00009,DA44_ZPC00009,0.0,0.0,26.41688443670151,0.0,0.0
ZPC00009,DA44,0.0,0.0050546191968317,-100.0,0.0,0.0,0.0,-100.0,0.0,1114.8109607956856,0.06140406802959434,DA44_ZPC00009,DA34,0.20164956540873955,0.20164841404621708,0.0,0.3757816257816258,DA34_DA44,0.7900523334733707,0.03291884722805711,DA34_ZPC00009,DA44_ZPC00009,0.0,0.0,26.41688443670151,0.0,0.0
ZPC00009,DA44,0.0,0.0050546191968317,-100.0,0.0,0.0,0.0,-100.0,0.0,1114.8109607956856,0.06140406802959434,DA44_ZPC00009,DA36,0.2095356550691268,0.20953535914174237,0.0,0.3757816257816258,DA36_DA44,1.133414924166462,0.047225621840269245,DA36_ZPC00009,DA44_ZPC00009,0.0,0.0,26.41688443670151,0.0,0.0
ZPC00009,DA44,0.0,0.0050546191968317,-100.0,0.0,0.0,0.0,-100.0,0.0,1114.8109607956856,0.06140406802959434,DA44_ZPC00009,DA38,0.21275220453890437,0.21275220453890437,0.0,0.3757816257816258,DA38_DA44,0.8574015485163325,0.035725064521513854,DA38_ZPC00009,DA44_ZPC00009,0.0,0.0,26.41688443670151,0.0,0.0
ZPC00009,DA44,0.0,0.0050546191968317,-100.0,0.0,0.0,0.0,-100.0,0.0,1114.8109607956856,0.06140406802959434,DA44_ZPC00009,DA40,0.2436742664429522,0.24367408120973658,0.0,0.3757816257816258,DA40_DA44,1.233785527668648,0.051407730319527,DA40_ZPC00009,DA44_ZPC00009,0.0,0.0,26.41688443670151,0.0,0.0
ZPC00009,DA37,0.0,0.0050546191968317,-100.0,0.0,0.0,0.0,-100.0,0.0,1114.8109607956856,0.06140406802959434,DA37_ZPC00009,DA33,0.5846775442615753,0.5846769525879848,0.0,0.3757816257816258,DA33_DA37,0.868735695119561,0.036197320629981704,DA33_ZPC00009,DA37_ZPC00009,0.0,0.0,26.41688443670151,0.0,0.0
ZPC00009,DA37,0.0,0.0050546191968317,-100.0,0.0,0.0,0.0,-100.0,0.0,1114.8109607956856,0.06140406802959434,DA37_ZPC00009,DA34,0.20164956540873955,0.20164841404621708,0.0,0.3757816257816258,DA34_DA37,0.8194037091391021,0.03414182121412925,DA34_ZPC00009,DA37_ZPC00009,0.0,0.0,26.41688443670151,0.0,0.0
ZPC00009,DA37,0.0,0.0050546191968317,-100.0,0.0,0.0,0.0,-100.0,0.0,1114.8109607956856,0.06140406802959434,DA37_ZPC00009,DA36,0.2095356550691268,0.20953535914174237,0.0,0.3757816257816258,DA36_DA37,1.162766299832193,0.048448595826341374,DA36_ZPC00009,DA37_ZPC00009,0.0,0.0,26.41688443670151,0.0,0.0
ZPC00009,DA37,0.0,0.0050546191968317,-100.0,0.0,0.0,0.0,-100.0,0.0,1114.8109607956856,0.06140406802959434,DA37_ZPC00009,DA38,0.21275220453890437,0.21275220453890437,0.0,0.3757816257816258,DA38_DA37,0.8867529241820639,0.036948038507586,DA38_ZPC00009,DA37_ZPC00009,0.0,0.0,26.41688443670151,0.0,0.0
ZPC00009,DA37,0.0,0.0050546191968317,-100.0,0.0,0.0,0.0,-100.0,0.0,1114.8109607956856,0.06140406802959434,DA37_ZPC00009,DA40,0.2436742664429522,0.24367408120973658,0.0,0.3757816257816258,DA40_DA37,1.263136903334379,0.05263070430559912,DA40_ZPC00009,DA37_ZPC00009,0.0,0.0,26.41688443670151,0.0,0.0
ZPC00005,DA39,0.0,0.0050546191968317,-100.0,0.0,0.0,0.0,-100.0,0.0,9441.925005719126,0.48230797308636325,DA39_ZPC00005,DA33,1.0751242423118261,1.0751241931326136,0.0,0.1864354764462176,DA33_DA39,0.8393843194538297,0.034974346643909575,DA33_ZPC00005,DA39_ZPC00005,0.0,0.0,26.41688443670151,0.0,0.0
ZPC00005,DA39,0.0,0.0050546191968317,-100.0,0.0,0.0,0.0,-100.0,0.0,9441.925005719126,0.48230797308636325,DA39_ZPC00005,DA34,0.18310554016232056,0.18310554016232056,0.0,0.1864354764462176,DA34_DA39,0.7900523334733707,0.03291884722805711,DA34_ZPC00005,DA39_ZPC00005,0.0,0.0,26.41688443670151,0.0,0.0
ZPC00005,DA39,0.0,0.0050546191968317,-100.0,0.0,0.0,0.0,-100.0,0.0,9441.925005719126,0.48230797308636325,DA39_ZPC00005,DA36,0.8737921124296998,0.8737919700954865,0.0,0.1864354764462176,DA36_DA39,1.133414924166462,0.047225621840269245,DA36_ZPC00005,DA39_ZPC00005,0.0,0.0,26.41688443670151,0.0,0.0
ZPC00005,DA39,0.0,0.0050546191968317,-100.0,0.0,0.0,0.0,-100.0,0.0,9441.925005719126,0.48230797308636325,DA39_ZPC00005,DA38,2.7706785631478206,2.770678213441572,0.0,0.1864354764462176,DA38_DA39,0.8574015485163325,0.035725064521513854,DA38_ZPC00005,DA39_ZPC00005,0.0,0.0,26.41688443670151,0.0,0.0
ZPC00005,DA39,0.0,0.0050546191968317,-100.0,0.0,0.0,0.0,-100.0,0.0,9441.925005719126,0.48230797308636325,DA39_ZPC00005,DA40,2.3442659765682556,2.3442659765682556,0.0,0.1864354764462176,DA40_DA39,1.233785527668648,0.051407730319527,DA40_ZPC00005,DA39_ZPC00005,0.0,0.0,26.41688443670151,0.0,0.0
ZPC00005,DA42,0.0,0.0050546191968317,-100.0,0.0,0.0,0.0,-100.0,0.0,9441.925005719126,0.48230797308636325,DA42_ZPC00005,DA33,1.0751242423118261,1.0751241931326136,0.0,0.1864354764462176,DA33_DA42,0.868735695119561,0.036197320629981704,DA33_ZPC00005,DA42_ZPC00005,0.0,0.0,26.41688443670151,0.0,0.0
ZPC00005,DA42,0.0,0.0050546191968317,-100.0,0.0,0.0,0.0,-100.0,0.0,9441.925005719126,0.48230797308636325,DA42_ZPC00005,DA34,0.18310554016232056,0.18310554016232056,0.0,0.1864354764462176,DA34_DA42,0.8194037091391021,0.03414182121412925,DA34_ZPC00005,DA42_ZPC00005,0.0,0.0,26.41688443670151,0.0,0.0
ZPC00005,DA42,0.0,0.0050546191968317,-100.0,0.0,0.0,0.0,-100.0,0.0,9441.925005719126,0.48230797308636325,DA42_ZPC00005,DA36,0.8737921124296998,0.8737919700954865,0.0,0.1864354764462176,DA36_DA42,1.162766299832193,0.048448595826341374,DA36_ZPC00005,DA42_ZPC00005,0.0,0.0,26.41688443670151,0.0,0.0
ZPC00005,DA42,0.0,0.0050546191968317,-100.0,0.0,0.0,0.0,-100.0,0.0,9441.925005719126,0.48230797308636325,DA42_ZPC00005,DA38,2.7706785631478206,2.770678213441572,0.0,0.1864354764462176,DA38_DA42,0.8867529241820639,0.036948038507586,DA38_ZPC00005,DA42_ZPC00005,0.0,0.0,26.41688443670151,0.0,0.0
ZPC00005,DA42,0.0,0.0050546191968317,-100.0,0.0,0.0,0.0,-100.0,0.0,9441.925005719126,0.48230797308636325,DA42_ZPC00005,DA40,2.3442659765682556,2.3442659765682556,0.0,0.1864354764462176,DA40_DA42,1.263136903334379,0.05263070430559912,DA40_ZPC00005,DA42_ZPC00005,0.0,0.0,26.41688443670151,0.0,0.0
ZPC00005,DA45,0.0,0.0050546191968317,-100.0,0.0,0.0,0.0,-100.0,0.0,9441.925005719126,0.48230797308636325,DA45_ZPC00005,DA33,1.0751242423118261,1.0751241931326136,0.0,0.1864354764462176,DA33_DA45,1.0,0.041666666666666664,DA33_ZPC00005,DA45_ZPC00005,0.0,0.0,26.41688443670151,0.0,0.0
ZPC00005,DA45,0.0,0.0050546191968317,-100.0,0.0,0.0,0.0,-100.0,0.0,9441.925005719126,0.48230797308636325,DA45_ZPC00005,DA34,0.18310554016232056,0.18310554016232056,0.0,0.1864354764462176,DA34_DA45,1.0,0.041666666666666664,DA34_ZPC00005,DA45_ZPC00005,0.0,0.0,26.41688443670151,0.0,0.0
ZPC00005,DA45,0.0,0.0050546191968317,-100.0,0.0,0.0,0.0,-100.0,0.0,9441.925005719126,0.48230797308636325,DA45_ZPC00005,DA36,0.8737921124296998,0.8737919700954865,0.0,0.1864354764462176,DA36_DA45,1.122125669682195,0.046755236236758126,DA36_ZPC00005,DA45_ZPC00005,0.0,0.0,26.41688443670151,0.0,0.0
ZPC00005,DA45,0.0,0.0050546191968317,-100.0,0.0,0.0,0.0,-100.0,0.0,9441.925005719126,0.48230797308636325,DA45_ZPC00005,DA38,2.7706785631478206,2.770678213441572,0.0,0.1864354764462176,DA38_DA45,1.0,0.041666666666666664,DA38_ZPC00005,DA45_ZPC00005,0.0,0.0,26.41688443670151,0.0,0.0
ZPC00005,DA45,0.0,0.0050546191968317,-100.0,0.0,0.0,0.0,-100.0,0.0,9441.925005719126,0.48230797308636325,DA45_ZPC00005,DA40,2.3442659765682556,2.3442659765682556,0.0,0.1864354764462176,DA40_DA45,1.0,0.041666666666666664,DA40_ZPC00005,DA45_ZPC00005,0.0,0.0,26.41688443670151,0.0,0.0
ZPC00005,DA35,0.0,0.0050546191968317,-100.0,0.0,0.0,0.0,-100.0,0.0,9441.925005719126,0.48230797308636325,DA35_ZPC00005,DA33,1.0751242423118261,1.0751241931326136,0.0,0.1864354764462176,DA33_DA35,1.0,0.041666666666666664,DA33_ZPC00005,DA35_ZPC00005,0.0,0.0,26.41688443670151,0.0,0.0
ZPC00005,DA35,0.0,0.0050546191968317,-100.0,0.0,0.0,0.0,-100.0,0.0,9441.925005719126,0.48230797308636325,DA35_ZPC00005,DA34,0.18310554016232056,0.18310554016232056,0.0,0.1864354764462176,DA34_DA35,1.0,0.041666666666666664,DA34_ZPC00005,DA35_ZPC00005,0.0,0.0,26.41688443670151,0.0,0.0
ZPC00005,DA35,0.0,0.0050546191968317,-100.0,0.0,0.0,0.0,-100.0,0.0,9441.925005719126,0.48230797308636325,DA35_ZPC00005,DA36,0.8737921124296998,0.8737919700954865,0.0,0.1864354764462176,DA36_DA35,1.155992641604193,0.04816636006684138,DA36_ZPC00005,DA35_ZPC00005,0.0,0.0,26.41688443670151,0.0,0.0
ZPC00005,DA35,0.0,0.0050546191968317,-100.0,0.0,0.0,0.0,-100.0,0.0,9441.925005719126,0.48230797308636325,DA35_ZPC00005,DA38,2.7706785631478206,2.770678213441572,0.0,0.1864354764462176,DA38_DA35,1.0,0.041666666666666664,DA38_ZPC00005,DA35_ZPC00005,0.0,0.0,26.41688443670151,0.0,0.0
ZPC00005,DA35,0.0,0.0050546191968317,-100.0,0.0,0.0,0.0,-100.0,0.0,9441.925005719126,0.48230797308636325,DA35_ZPC00005,DA40,2.3442659765682556,2.3442659765682556,0.0,0.1864354764462176,DA40_DA35,1.0,0.041666666666666664,DA40_ZPC00005,DA35_ZPC00005,0.0,0.0,26.41688443670151,0.0,0.0
ZPC00005,DA46,0.0,0.0050546191968317,-100.0,0.0,0.0,0.0,-100.0,0.0,9441.925005719126,0.48230797308636325,DA46_ZPC00005,DA33,1.0751242423118261,1.0751241931326136,0.0,0.1864354764462176,DA33_DA46,1.0,0.041666666666666664,DA33_ZPC00005,DA46_ZPC00005,0.0,0.0,26.41688443670151,0.0,0.0
ZPC00005,DA46,0.0,0.0050546191968317,-100.0,0.0,0.0,0.0,-100.0,0.0,9441.925005719126,0.48230797308636325,DA46_ZPC00005,DA34,0.18310554016232056,0.18310554016232056,0.0,0.1864354764462176,DA34_DA46,1.0,0.041666666666666664,DA34_ZPC00005,DA46_ZPC00005,0.0,0.0,26.41688443670151,0.0,0.0
ZPC00005,DA46,0.0,0.0050546191968317,-100.0,0.0,0.0,0.0,-100.0,0.0,9441.925005719126,0.48230797308636325,DA46_ZPC00005,DA36,0.8737921124296998,0.8737919700954865,0.0,0.1864354764462176,DA36_DA46,1.155992641604193,0.04816636006684138,DA36_ZPC00005,DA46_ZPC00005,0.0,0.0,26.41688443670151,0.0,0.0
ZPC00005,DA46,0.0,0.0050546191968317,-100.0,0.0,0.0,0.0,-100.0,0.0,9441.925005719126,0.48230797308636325,DA46_ZPC00005,DA38,2.7706785631478206,2.770678213441572,0.0,0.1864354764462176,DA38_DA46,1.0,0.041666666666666664,DA38_ZPC00005,DA46_ZPC00005,0.0,0.0,26.41688443670151,0.0,0.0
ZPC00005,DA46,0.0,0.0050546191968317,-100.0,0.0,0.0,0.0,-100.0,0.0,9441.925005719126,0.48230797308636325,DA46_ZPC00005,DA40,2.3442659765682556,2.3442659765682556,0.0,0.1864354764462176,DA40_DA46,1.0,0.041666666666666664,DA40_ZPC00005,DA46_ZPC00005,0.0,0.0,26.41688443670151,0.0,0.0
ZPC00005,DA44,0.0,0.0050546191968317,-100.0,0.0,0.0,0.0,-100.0,0.0,9441.925005719126,0.48230797308636325,DA44_ZPC00005,DA33,1.0751242423118261,1.0751241931326136,0.0,0.1864354764462176,DA33_DA44,0.8393843194538297,0.034974346643909575,DA33_ZPC00005,DA44_ZPC00005,0.0,0.0,26.41688443670151,0.0,0.0
ZPC00005,DA44,0.0,0.0050546191968317,-100.0,0.0,0.0,0.0,-100.0,0.0,9441.925005719126,0.48230797308636325,DA44_ZPC00005,DA34,0.18310554016232056,0.18310554016232056,0.0,0.1864354764462176,DA34_DA44,0.7900523334733707,0.03291884722805711,DA34_ZPC00005,DA44_ZPC00005,0.0,0.0,26.41688443670151,0.0,0.0
ZPC00005,DA44,0.0,0.0050546191968317,-100.0,0.0,0.0,0.0,-100.0,0.0,9441.925005719126,0.48230797308636325,DA44_ZPC00005,DA36,0.8737921124296998,0.8737919700954865,0.0,0.1864354764462176,DA36_DA44,1.133414924166462,0.047225621840269245,DA36_ZPC00005,DA44_ZPC00005,0.0,0.0,26.41688443670151,0.0,0.0
ZPC00005,DA44,0.0,0.0050546191968317,-100.0,0.0,0.0,0.0,-100.0,0.0,9441.925005719126,0.48230797308636325,DA44_ZPC00005,DA38,2.7706785631478206,2.770678213441572,0.0,0.1864354764462176,DA38_DA44,0.8574015485163325,0.035725064521513854,DA38_ZPC00005,DA44_ZPC00005,0.0,0.0,26.41688443670151,0.0,0.0
ZPC00005,DA44,0.0,0.0050546191968317,-100.0,0.0,0.0,0.0,-100.0,0.0,9441.925005719126,0.48230797308636325,DA44_ZPC00005,DA40,2.3442659765682556,2.3442659765682556,0.0,0.1864354764462176,DA40_DA44,1.233785527668648,0.051407730319527,DA40_ZPC00005,DA44_ZPC00005,0.0,0.0,26.41688443670151,0.0,0.0
ZPC00005,DA37,0.0,0.0050546191968317,-100.0,0.0,0.0,0.0,-100.0,0.0,9441.925005719126,0.48230797308636325,DA37_ZPC00005,DA33,1.0751242423118261,1.0751241931326136,0.0,0.1864354764462176,DA33_DA37,0.868735695119561,0.036197320629981704,DA33_ZPC00005,DA37_ZPC00005,0.0,0.0,26.41688443670151,0.0,0.0
ZPC00005,DA37,0.0,0.0050546191968317,-100.0,0.0,0.0,0.0,-100.0,0.0,9441.925005719126,0.48230797308636325,DA37_ZPC00005,DA34,0.18310554016232056,0.18310554016232056,0.0,0.1864354764462176,DA34_DA37,0.8194037091391021,0.03414182121412925,DA34_ZPC00005,DA37_ZPC00005,0.0,0.0,26.41688443670151,0.0,0.0
ZPC00005,DA37,0.0,0.0050546191968317,-100.0,0.0,0.0,0.0,-100.0,0.0,9441.925005719126,0.48230797308636325,DA37_ZPC00005,DA36,0.8737921124296998,0.8737919700954865,0.0,0.1864354764462176,DA36_DA37,1.162766299832193,0.048448595826341374,DA36_ZPC00005,DA37_ZPC00005,0.0,0.0,26.41688443670151,0.0,0.0
ZPC00005,DA37,0.0,0.0050546191968317,-100.0,0.0,0.0,0.0,-100.0,0.0,9441.925005719126,0.48230797308636325,DA37_ZPC00005,DA38,2.7706785631478206,2.770678213441572,0.0,0.1864354764462176,DA38_DA37,0.8867529241820639,0.036948038507586,DA38_ZPC00005,DA37_ZPC00005,0.0,0.0,26.41688443670151,0.0,0.0
ZPC00005,DA37,0.0,0.0050546191968317,-100.0,0.0,0.0,0.0,-100.0,0.0,9441.925005719126,0.48230797308636325,DA37_ZPC00005,DA40,2.3442659765682556,2.3442659765682556,0.0,0.1864354764462176,DA40_DA37,1.263136903334379,0.05263070430559912,DA40_ZPC00005,DA37_ZPC00005,0.0,0.0,26.41688443670151,0.0,0.0
ZPC00002,DA33,0.0024,0.01549138182221008,-84.50751503291265,0.0,0.0,0.0024,-84.51,0.0,-59.462861011131075,0.013091766777949739,DA33_ZPC00002,DA42,0.07654513126914053,0.07654513126914053,0.0,0.2712673611111111,DA42_DA33,0.868735695119561,0.036197320629981704,DA42_ZPC00002,DA33_ZPC00002,0.0,0.0,26.41688443670151,0.0,0.0
ZPC00002,DA40,0.0024,0.004350382196375361,-44.83243329747844,0.0,0.0,0.0024,-44.83,0.0,-59.462861011131075,0.0019502763386350743,DA40_ZPC00002,DA42,0.07654513126914053,0.07654513126914053,0.0,0.2712673611111111,DA42_DA40,1.263136903334379,0.05263070430559912,DA42_ZPC00002,DA40_ZPC00002,0.0,0.0,26.41688443670151,0.0,0.0
ZPC00002,DA39,0.0,0.0050546191968317,-100.0,0.0,0.0,0.0,-100.0,0.0,-59.462861011131075,0.0050546191968317,DA39_ZPC00002,DA42,0.07654513126914053,0.07654513126914053,0.0,0.2712673611111111,DA42_DA39,1.144703650963527,0.04769598545681363,DA42_ZPC00002,DA39_ZPC00002,0.0,0.0,26.41688443670151,0.0,0.0
ZPC00002,DA34,0.0,0.1173113413593042,-100.0,0.0,0.0,0.0,-100.0,0.0,-59.462861011131075,0.1173113413593042,DA34_ZPC00002,DA42,0.07654513126914053,0.07654513126914053,0.5404466602585241,0.2712673611111111,DA42_DA34,0.8194037091391021,0.03414182121412925,DA42_ZPC00002,DA34_ZPC00002,0.0024,0.0024,26.41688443670151,0.020458380001377854,0.5404466602585241
ZPC00002,DA45,0.0,0.0050546191968317,-100.0,0.0,0.0,0.0,-100.0,0.0,-59.462861011131075,0.0050546191968317,DA45_ZPC00002,DA42,0.07654513126914053,0.07654513126914053,0.0,0.2712673611111111,DA42_DA45,1.0,0.041666666666666664,DA42_ZPC00002,DA45_ZPC00002,0.0,0.0,26.41688443670151,0.0,0.0
ZPC00002,DA38,0.0,0.03554782436903142,-100.0,0.0,0.0,0.0,-100.0,0.0,-59.462861011131075,0.03554782436903142,DA38_ZPC00002,DA42,0.07654513126914053,0.07654513126914053,0.0,0.2712673611111111,DA42_DA38,0.8867529241820639,0.036948038507586,DA42_ZPC00002,DA38_ZPC00002,0.0,0.0,26.41688443670151,0.0,0.0
ZPC00002,DA35,0.0,0.0050546191968317,-100.0,0.0,0.0,0.0,-100.0,0.0,-59.462861011131075,0.0050546191968317,DA35_ZPC00002,DA42,0.07654513126914053,0.07654513126914053,0.0,0.2712673611111111,DA42_DA35,1.0,0.041666666666666664,DA42_ZPC00002,DA35_ZPC00002,0.0,0.0,26.41688443670151,0.0,0.0
ZPC00002,DA46,0.0,0.0050546191968317,-100.0,0.0,0.0,0.0,-100.0,0.0,-59.462861011131075,0.0050546191968317,DA46_ZPC00002,DA42,0.07654513126914053,0.07654513126914053,0.0,0.2712673611111111,DA42_DA46,1.0,0.041666666666666664,DA42_ZPC00002,DA46_ZPC00002,0.0,0.0,26.41688443670151,0.0,0.0
ZPC00002,DA36,0.0,0.0050546191968317,-100.0,0.0,0.0,0.0,-100.0,0.0,-59.462861011131075,0.0050546191968317,DA36_ZPC00002,DA42,0.07654513126914053,0.07654513126914053,0.0,0.2712673611111111,DA42_DA36,1.162766299832193,0.048448595826341374,DA42_ZPC00002,DA36_ZPC00002,0.0,0.0,26.41688443670151,0.0,0.0
ZPC00002,DA44,0.0,0.0050546191968317,-100.0,0.0,0.0,0.0,-100.0,0.0,-59.462861011131075,0.0050546191968317,DA44_ZPC00002,DA42,0.07654513126914053,0.07654513126914053,0.0,0.2712673611111111,DA42_DA44,1.144703650963527,0.04769598545681363,DA42_ZPC00002,DA44_ZPC00002,0.0,0.0,26.41688443670151,0.0,0.0
ZPC00002,DA37,0.0,0.0050546191968317,-100.0,0.0,0.0,0.0,-100.0,0.0,-59.462861011131075,0.0050546191968317,DA37_ZPC00002,DA42,0.07654513126914053,0.07654513126914053,0.0,0.2712673611111111,DA42_DA37,1.174055026629258,0.04891895944288575,DA42_ZPC00002,DA37_ZPC00002,0.0,0.0,26.41688443670151,0.0,0.0
ZM00009,DA39,0.0,0.0050546191968317,-100.0,0.0,0.0,0.0,-100.0,0.0,287.95024846594487,0.019609407733115928,DA39_ZM00009,DA33,0.21438634034692503,0.21438634034692503,0.0,0.3367003367003366,DA33_DA39,0.8393843194538297,0.034974346643909575,DA33_ZM00009,DA39_ZM00009,0.0,0.0,1.982578397212543,0.0,0.0
ZM00009,DA39,0.0,0.0050546191968317,-100.0,0.0,0.0,0.0,-100.0,0.0,287.95024846594487,0.019609407733115928,DA39_ZM00009,DA38,8.9414615293895,8.941447488173013,0.0,0.3367003367003366,DA38_DA39,0.8574015485163325,0.035725064521513854,DA38_ZM00009,DA39_ZM00009,0.0,0.0,1.982578397212543,0.0,0.0
ZM00009,DA39,0.0,0.0050546191968317,-100.0,0.0,0.0,0.0,-100.0,0.0,287.95024846594487,0.019609407733115928,DA39_ZM00009,DA42,0.6483453896772888,0.6483453808031684,0.0,0.3367003367003366,DA42_DA39,1.144703650963527,0.04769598545681363,DA42_ZM00009,DA39_ZM00009,0.0,0.0,1.982578397212543,0.0,0.0
ZM00009,DA34,0.0,2.004123811669295,-100.0,0.0,0.0,0.0,-100.0,0.0,287.95024846594487,7.7750033069361955,DA34_ZM00009,DA33,0.21438634034692503,0.21438634034692503,0.0,0.3367003367003366,DA33_DA34,0.5140843776294046,0.02142018240122519,DA33_ZM00009,DA34_ZM00009,0.0,0.0,1.982578397212543,0.0,0.0
ZM00009,DA34,0.0,2.004123811669295,-100.0,0.0,0.0,0.0,-100.0,0.0,287.95024846594487,7.7750033069361955,DA34_ZM00009,DA38,8.9414615293895,8.941447488173013,0.0,0.3367003367003366,DA38_DA34,0.5321016066919075,0.02217090027882948,DA38_ZM00009,DA34_ZM00009,0.0,0.0,1.982578397212543,0.0,0.0
ZM00009,DA34,0.0,2.004123811669295,-100.0,0.0,0.0,0.0,-100.0,0.0,287.95024846594487,7.7750033069361955,DA34_ZM00009,DA42,0.6483453896772888,0.6483453808031684,0.0,0.3367003367003366,DA42_DA34,0.8194037091391021,0.03414182121412925,DA42_ZM00009,DA34_ZM00009,0.0,0.0,1.982578397212543,0.0,0.0
ZM00009,DA45,0.0,0.0050546191968317,-100.0,0.0,0.0,0.0,-100.0,0.0,287.95024846594487,0.019609407733115928,DA45_ZM00009,DA33,0.21438634034692503,0.21438634034692503,0.0,0.3367003367003366,DA33_DA45,1.0,0.041666666666666664,DA33_ZM00009,DA45_ZM00009,0.0,0.0,1.982578397212543,0.0,0.0
ZM00009,DA45,0.0,0.0050546191968317,-100.0,0.0,0.0,0.0,-100.0,0.0,287.95024846594487,0.019609407733115928,DA45_ZM00009,DA38,8.9414615293895,8.941447488173013,0.0,0.3367003367003366,DA38_DA45,1.0,0.041666666666666664,DA38_ZM00009,DA45_ZM00009,0.0,0.0,1.982578397212543,0.0,0.0
ZM00009,DA45,0.0,0.0050546191968317,-100.0,0.0,0.0,0.0,-100.0,0.0,287.95024846594487,0.019609407733115928,DA45_ZM00009,DA42,0.6483453896772888,0.6483453808031684,0.0,0.3367003367003366,DA42_DA45,1.0,0.041666666666666664,DA42_ZM00009,DA45_ZM00009,0.0,0.0,1.982578397212543,0.0,0.0
ZM00009,DA35,0.0,0.0050546191968317,-100.0,0.0,0.0,0.0,-100.0,0.0,287.95024846594487,0.019609407733115928,DA35_ZM00009,DA33,0.21438634034692503,0.21438634034692503,0.0,0.3367003367003366,DA33_DA35,1.0,0.041666666666666664,DA33_ZM00009,DA35_ZM00009,0.0,0.0,1.982578397212543,0.0,0.0
ZM00009,DA35,0.0,0.0050546191968317,-100.0,0.0,0.0,0.0,-100.0,0.0,287.95024846594487,0.019609407733115928,DA35_ZM00009,DA38,8.9414615293895,8.941447488173013,0.0,0.3367003367003366,DA38_DA35,1.0,0.041666666666666664,DA38_ZM00009,DA35_ZM00009,0.0,0.0,1.982578397212543,0.0,0.0
ZM00009,DA35,0.0,0.0050546191968317,-100.0,0.0,0.0,0.0,-100.0,0.0,287.95024846594487,0.019609407733115928,DA35_ZM00009,DA42,0.6483453896772888,0.6483453808031684,0.0,0.3367003367003366,DA42_DA35,1.0,0.041666666666666664,DA42_ZM00009,DA35_ZM00009,0.0,0.0,1.982578397212543,0.0,0.0
ZM00009,DA46,0.0,0.0050546191968317,-100.0,0.0,0.0,0.0,-100.0,0.0,287.95024846594487,0.019609407733115928,DA46_ZM00009,DA33,0.21438634034692503,0.21438634034692503,0.0,0.3367003367003366,DA33_DA46,1.0,0.041666666666666664,DA33_ZM00009,DA46_ZM00009,0.0,0.0,1.982578397212543,0.0,0.0
ZM00009,DA46,0.0,0.0050546191968317,-100.0,0.0,0.0,0.0,-100.0,0.0,287.95024846594487,0.019609407733115928,DA46_ZM00009,DA38,8.9414615293895,8.941447488173013,0.0,0.3367003367003366,DA38_DA46,1.0,0.041666666666666664,DA38_ZM00009,DA46_ZM00009,0.0,0.0,1.982578397212543,0.0,0.0
ZM00009,DA46,0.0,0.0050546191968317,-100.0,0.0,0.0,0.0,-100.0,0.0,287.95024846594487,0.019609407733115928,DA46_ZM00009,DA42,0.6483453896772888,0.6483453808031684,0.0,0.3367003367003366,DA42_DA46,1.0,0.041666666666666664,DA42_ZM00009,DA46_ZM00009,0.0,0.0,1.982578397212543,0.0,0.0
ZM00009,DA36,0.0,0.0050546191968317,-100.0,0.0,0.0,0.0,-100.0,0.0,287.95024846594487,0.019609407733115928,DA36_ZM00009,DA33,0.21438634034692503,0.21438634034692503,0.0,0.3367003367003366,DA33_DA36,0.8574469683224957,0.03572695701343732,DA33_ZM00009,DA36_ZM00009,0.0,0.0,1.982578397212543,0.0,0.0
ZM00009,DA36,0.0,0.0050546191968317,-100.0,0.0,0.0,0.0,-100.0,0.0,287.95024846594487,0.019609407733115928,DA36_ZM00009,DA38,8.9414615293895,8.941447488173013,0.0,0.3367003367003366,DA38_DA36,0.8754641973849986,0.03647767489104161,DA38_ZM00009,DA36_ZM00009,0.0,0.0,1.982578397212543,0.0,0.0
ZM00009,DA36,0.0,0.0050546191968317,-100.0,0.0,0.0,0.0,-100.0,0.0,287.95024846594487,0.019609407733115928,DA36_ZM00009,DA42,0.6483453896772888,0.6483453808031684,0.0,0.3367003367003366,DA42_DA36,1.162766299832193,0.048448595826341374,DA42_ZM00009,DA36_ZM00009,0.0,0.0,1.982578397212543,0.0,0.0
ZM00009,DA44,0.0,0.0050546191968317,-100.0,0.0,0.0,0.0,-100.0,0.0,287.95024846594487,0.019609407733115928,DA44_ZM00009,DA33,0.21438634034692503,0.21438634034692503,0.0,0.3367003367003366,DA33_DA44,0.8393843194538297,0.034974346643909575,DA33_ZM00009,DA44_ZM00009,0.0,0.0,1.982578397212543,0.0,0.0
ZM00009,DA44,0.0,0.0050546191968317,-100.0,0.0,0.0,0.0,-100.0,0.0,287.95024846594487,0.019609407733115928,DA44_ZM00009,DA38,8.9414615293895,8.941447488173013,0.0,0.3367003367003366,DA38_DA44,0.8574015485163325,0.035725064521513854,DA38_ZM00009,DA44_ZM00009,0.0,0.0,1.982578397212543,0.0,0.0
ZM00009,DA44,0.0,0.0050546191968317,-100.0,0.0,0.0,0.0,-100.0,0.0,287.95024846594487,0.019609407733115928,DA44_ZM00009,DA42,0.6483453896772888,0.6483453808031684,0.0,0.3367003367003366,DA42_DA44,1.144703650963527,0.04769598545681363,DA42_ZM00009,DA44_ZM00009,0.0,0.0,1.982578397212543,0.0,0.0
ZM00009,DA37,0.0,0.0050546191968317,-100.0,0.0,0.0,0.0,-100.0,0.0,287.95024846594487,0.019609407733115928,DA37_ZM00009,DA33,0.21438634034692503,0.21438634034692503,0.0,0.3367003367003366,DA33_DA37,0.868735695119561,0.036197320629981704,DA33_ZM00009,DA37_ZM00009,0.0,0.0,1.982578397212543,0.0,0.0
ZM00009,DA37,0.0,0.0050546191968317,-100.0,0.0,0.0,0.0,-100.0,0.0,287.95024846594487,0.019609407733115928,DA37_ZM00009,DA38,8.9414615293895,8.941447488173013,0.0,0.3367003367003366,DA38_DA37,0.8867529241820639,0.036948038507586,DA38_ZM00009,DA37_ZM00009,0.0,0.0,1.982578397212543,0.0,0.0
ZM00009,DA37,0.0,0.0050546191968317,-100.0,0.0,0.0,0.0,-100.0,0.0,287.95024846594487,0.019609407733115928,DA37_ZM00009,DA42,0.6483453896772888,0.6483453808031684,0.0,0.3367003367003366,DA42_DA37,1.174055026629258,0.04891895944288575,DA42_ZM00009,DA37_ZM00009,0.0,0.0,1.982578397212543,0.0,0.0
ZM00009,DA40,0.0,0.0050546191968317,-100.0,0.0,0.0,0.0,-100.0,0.0,287.95024846594487,0.019609407733115928,DA40_ZM00009,DA33,0.21438634034692503,0.21438634034692503,0.0,0.3367003367003366,DA33_DA40,0.9578175718246816,0.039909065492695066,DA33_ZM00009,DA40_ZM00009,0.0,0.0,1.982578397212543,0.0,0.0
ZM00009,DA40,0.0,0.0050546191968317,-100.0,0.0,0.0,0.0,-100.0,0.0,287.95024846594487,0.019609407733115928,DA40_ZM00009,DA38,8.9414615293895,8.941447488173013,0.0,0.3367003367003366,DA38_DA40,0.9758348008871847,0.04065978337029936,DA38_ZM00009,DA40_ZM00009,0.0,0.0,1.982578397212543,0.0,0.0
ZM00009,DA40,0.0,0.0050546191968317,-100.0,0.0,0.0,0.0,-100.0,0.0,287.95024846594487,0.019609407733115928,DA40_ZM00009,DA42,0.6483453896772888,0.6483453808031684,0.0,0.3367003367003366,DA42_DA40,1.263136903334379,0.05263070430559912,DA42_ZM00009,DA40_ZM00009,0.0,0.0,1.982578397212543,0.0,0.0
ZM000008,DA39,0.0,0.0050546191968317,-100.0,0.0,0.0,0.0,-100.0,0.0,7022.198250377647,0.36000000000000004,DA39_ZM000008,DA33,1.6749456250206827,1.6749453808031682,0.0,0.1111111111111111,DA33_DA39,0.8393843194538297,0.034974346643909575,DA33_ZM000008,DA39_ZM000008,0.0,0.0,26.41688443670151,0.0,0.0
ZM000008,DA39,0.0,0.0050546191968317,-100.0,0.0,0.0,0.0,-100.0,0.0,7022.198250377647,0.36000000000000004,DA39_ZM000008,DA34,1.434945229088238,1.434945229088238,0.0,0.1111111111111111,DA34_DA39,0.7900523334733707,0.03291884722805711,DA34_ZM000008,DA39_ZM000008,0.0,0.0,26.41688443670151,0.0,0.0
ZM000008,DA39,0.0,0.0050546191968317,-100.0,0.0,0.0,0.0,-100.0,0.0,7022.198250377647,0.36000000000000004,DA39_ZM000008,DA42,1.194945338617713,1.194945338617713,0.0,0.1111111111111111,DA42_DA39,1.144703650963527,0.04769598545681363,DA42_ZM000008,DA39_ZM000008,0.0,0.0,26.41688443670151,0.0,0.0
ZM000008,DA45,0.0,0.0050546191968317,-100.0,0.0,0.0,0.0,-100.0,0.0,7022.198250377647,0.36000000000000004,DA45_ZM000008,DA33,1.6749456250206827,1.6749453808031682,0.0,0.1111111111111111,DA33_DA45,1.0,0.041666666666666664,DA33_ZM000008,DA45_ZM000008,0.0,0.0,26.41688443670151,0.0,0.0
ZM000008,DA45,0.0,0.0050546191968317,-100.0,0.0,0.0,0.0,-100.0,0.0,7022.198250377647,0.36000000000000004,DA45_ZM000008,DA34,1.434945229088238,1.434945229088238,0.0,0.1111111111111111,DA34_DA45,1.0,0.041666666666666664,DA34_ZM000008,DA45_ZM000008,0.0,0.0,26.41688443670151,0.0,0.0
ZM000008,DA45,0.0,0.0050546191968317,-100.0,0.0,0.0,0.0,-100.0,0.0,7022.198250377647,0.36000000000000004,DA45_ZM000008,DA42,1.194945338617713,1.194945338617713,0.0,0.1111111111111111,DA42_DA45,1.0,0.041666666666666664,DA42_ZM000008,DA45_ZM000008,0.0,0.0,26.41688443670151,0.0,0.0
ZM000008,DA38,0.0,0.0050546191968317,-100.0,0.0,0.0,0.0,-100.0,0.0,7022.198250377647,0.36000000000000004,DA38_ZM000008,DA33,1.6749456250206827,1.6749453808031682,0.0,0.1111111111111111,DA33_DA38,0.5814335926723664,0.024226399694681933,DA33_ZM000008,DA38_ZM000008,0.0,0.0,26.41688443670151,0.0,0.0
ZM000008,DA38,0.0,0.0050546191968317,-100.0,0.0,0.0,0.0,-100.0,0.0,7022.198250377647,0.36000000000000004,DA38_ZM000008,DA34,1.434945229088238,1.434945229088238,0.0,0.1111111111111111,DA34_DA38,0.5321016066919075,0.02217090027882948,DA34_ZM000008,DA38_ZM000008,0.0,0.0,26.41688443670151,0.0,0.0
ZM000008,DA38,0.0,0.0050546191968317,-100.0,0.0,0.0,0.0,-100.0,0.0,7022.198250377647,0.36000000000000004,DA38_ZM000008,DA42,1.194945338617713,1.194945338617713,0.0,0.1111111111111111,DA42_DA38,0.8867529241820639,0.036948038507586,DA42_ZM000008,DA38_ZM000008,0.0,0.0,26.41688443670151,0.0,0.0
ZM000008,DA35,0.0,0.0050546191968317,-100.0,0.0,0.0,0.0,-100.0,0.0,7022.198250377647,0.36000000000000004,DA35_ZM000008,DA33,1.6749456250206827,1.6749453808031682,0.0,0.1111111111111111,DA33_DA35,1.0,0.041666666666666664,DA33_ZM000008,DA35_ZM000008,0.0,0.0,26.41688443670151,0.0,0.0
ZM000008,DA35,0.0,0.0050546191968317,-100.0,0.0,0.0,0.0,-100.0,0.0,7022.198250377647,0.36000000000000004,DA35_ZM000008,DA34,1.434945229088238,1.434945229088238,0.0,0.1111111111111111,DA34_DA35,1.0,0.041666666666666664,DA34_ZM000008,DA35_ZM000008,0.0,0.0,26.41688443670151,0.0,0.0
ZM000008,DA35,0.0,0.0050546191968317,-100.0,0.0,0.0,0.0,-100.0,0.0,7022.198250377647,0.36000000000000004,DA35_ZM000008,DA42,1.194945338617713,1.194945338617713,0.0,0.1111111111111111,DA42_DA35,1.0,0.041666666666666664,DA42_ZM000008,DA35_ZM000008,0.0,0.0,26.41688443670151,0.0,0.0
ZM000008,DA46,0.0,0.0050546191968317,-100.0,0.0,0.0,0.0,-100.0,0.0,7022.198250377647,0.36000000000000004,DA46_ZM000008,DA33,1.6749456250206827,1.6749453808031682,0.0,0.1111111111111111,DA33_DA46,1.0,0.041666666666666664,DA33_ZM000008,DA46_ZM000008,0.0,0.0,26.41688443670151,0.0,0.0
ZM000008,DA46,0.0,0.0050546191968317,-100.0,0.0,0.0,0.0,-100.0,0.0,7022.198250377647,0.36000000000000004,DA46_ZM000008,DA34,1.434945229088238,1.434945229088238,0.0,0.1111111111111111,DA34_DA46,1.0,0.041666666666666664,DA34_ZM000008,DA46_ZM000008,0.0,0.0,26.41688443670151,0.0,0.0
ZM000008,DA46,0.0,0.0050546191968317,-100.0,0.0,0.0,0.0,-100.0,0.0,7022.198250377647,0.36000000000000004,DA46_ZM000008,DA42,1.194945338617713,1.194945338617713,0.0,0.1111111111111111,DA42_DA46,1.0,0.041666666666666664,DA42_ZM000008,DA46_ZM000008,0.0,0.0,26.41688443670151,0.0,0.0
ZM000008,DA36,0.0,0.0050546191968317,-100.0,0.0,0.0,0.0,-100.0,0.0,7022.198250377647,0.36000000000000004,DA36_ZM000008,DA33,1.6749456250206827,1.6749453808031682,0.0,0.1111111111111111,DA33_DA36,0.8574469683224957,0.03572695701343732,DA33_ZM000008,DA36_ZM000008,0.0,0.0,26.41688443670151,0.0,0.0
ZM000008,DA36,0.0,0.0050546191968317,-100.0,0.0,0.0,0.0,-100.0,0.0,7022.198250377647,0.36000000000000004,DA36_ZM000008,DA34,1.434945229088238,1.434945229088238,0.0,0.1111111111111111,DA34_DA36,0.8081149823420368,0.033671457597584865,DA34_ZM000008,DA36_ZM000008,0.0,0.0,26.41688443670151,0.0,0.0
ZM000008,DA36,0.0,0.0050546191968317,-100.0,0.0,0.0,0.0,-100.0,0.0,7022.198250377647,0.36000000000000004,DA36_ZM000008,DA42,1.194945338617713,1.194945338617713,0.0,0.1111111111111111,DA42_DA36,1.162766299832193,0.048448595826341374,DA42_ZM000008,DA36_ZM000008,0.0,0.0,26.41688443670151,0.0,0.0
ZM000008,DA44,0.0,0.0050546191968317,-100.0,0.0,0.0,0.0,-100.0,0.0,7022.198250377647,0.36000000000000004,DA44_ZM000008,DA33,1.6749456250206827,1.6749453808031682,0.0,0.1111111111111111,DA33_DA44,0.8393843194538297,0.034974346643909575,DA33_ZM000008,DA44_ZM000008,0.0,0.0,26.41688443670151,0.0,0.0
ZM000008,DA44,0.0,0.0050546191968317,-100.0,0.0,0.0,0.0,-100.0,0.0,7022.198250377647,0.36000000000000004,DA44_ZM000008,DA34,1.434945229088238,1.434945229088238,0.0,0.1111111111111111,DA34_DA44,0.7900523334733707,0.03291884722805711,DA34_ZM000008,DA44_ZM000008,0.0,0.0,26.41688443670151,0.0,0.0
ZM000008,DA44,0.0,0.0050546191968317,-100.0,0.0,0.0,0.0,-100.0,0.0,7022.198250377647,0.36000000000000004,DA44_ZM000008,DA42,1.194945338617713,1.194945338617713,0.0,0.1111111111111111,DA42_DA44,1.144703650963527,0.04769598545681363,DA42_ZM000008,DA44_ZM000008,0.0,0.0,26.41688443670151,0.0,0.0
ZM000008,DA37,0.0,0.0050546191968317,-100.0,0.0,0.0,0.0,-100.0,0.0,7022.198250377647,0.36000000000000004,DA37_ZM000008,DA33,1.6749456250206827,1.6749453808031682,0.0,0.1111111111111111,DA33_DA37,0.868735695119561,0.036197320629981704,DA33_ZM000008,DA37_ZM000008,0.0,0.0,26.41688443670151,0.0,0.0
ZM000008,DA37,0.0,0.0050546191968317,-100.0,0.0,0.0,0.0,-100.0,0.0,7022.198250377647,0.36000000000000004,DA37_ZM000008,DA34,1.434945229088238,1.434945229088238,0.0,0.1111111111111111,DA34_DA37,0.8194037091391021,0.03414182121412925,DA34_ZM000008,DA37_ZM000008,0.0,0.0,26.41688443670151,0.0,0.0
ZM000008,DA37,0.0,0.0050546191968317,-100.0,0.0,0.0,0.0,-100.0,0.0,7022.198250377647,0.36000000000000004,DA37_ZM000008,DA42,1.194945338617713,1.194945338617713,0.0,0.1111111111111111,DA42_DA37,1.174055026629258,0.04891895944288575,DA42_ZM000008,DA37_ZM000008,0.0,0.0,26.41688443670151,0.0,0.0
ZM000008,DA40,0.0,0.0050546191968317,-100.0,0.0,0.0,0.0,-100.0,0.0,7022.198250377647,0.36000000000000004,DA40_ZM000008,DA33,1.6749456250206827,1.6749453808031682,0.0,0.1111111111111111,DA33_DA40,0.9578175718246816,0.039909065492695066,DA33_ZM000008,DA40_ZM000008,0.0,0.0,26.41688443670151,0.0,0.0
ZM000008,DA40,0.0,0.0050546191968317,-100.0,0.0,0.0,0.0,-100.0,0.0,7022.198250377647,0.36000000000000004,DA40_ZM000008,DA34,1.434945229088238,1.434945229088238,0.0,0.1111111111111111,DA34_DA40,0.9084855858442228,0.037853566076842614,DA34_ZM000008,DA40_ZM000008,0.0,0.0,26.41688443670151,0.0,0.0
ZM000008,DA40,0.0,0.0050546191968317,-100.0,0.0,0.0,0.0,-100.0,0.0,7022.198250377647,0.36000000000000004,DA40_ZM000008,DA42,1.194945338617713,1.194945338617713,0.0,0.1111111111111111,DA42_DA40,1.263136903334379,0.05263070430559912,DA42_ZM000008,DA40_ZM000008,0.0,0.0,26.41688443670151,0.0,0.0
ZM000004,DA35,7.106400000000002,1.252253753634314,467.48881601477945,4.536000000000001,15.459096936568622,-3.8166969365686203,-404.79,0.0,508.60008349094386,11.437961605838938,DA35_ZM000004,DA33,7.483874733576725,7.483874733576725,0.0,0.1102292768959436,DA33_DA35,1.0,0.041666666666666664,DA33_ZM000004,DA35_ZM000004,0.0,0.0,26.41688443670151,0.0,0.0
ZM000004,DA35,7.106400000000002,1.252253753634314,467.48881601477945,4.536000000000001,15.459096936568622,-3.8166969365686203,-404.79,0.0,508.60008349094386,11.437961605838938,DA35_ZM000004,DA34,29.27972005960784,29.27972005960784,0.0,0.1102292768959436,DA34_DA35,1.0,0.041666666666666664,DA34_ZM000004,DA35_ZM000004,0.0,0.0,26.41688443670151,0.0,0.0
ZM000004,DA35,7.106400000000002,1.252253753634314,467.48881601477945,4.536000000000001,15.459096936568622,-3.8166969365686203,-404.79,0.0,508.60008349094386,11.437961605838938,DA35_ZM000004,DA36,17.424417995102598,17.424338946390712,0.0,0.1102292768959436,DA36_DA35,1.155992641604193,0.04816636006684138,DA36_ZM000004,DA35_ZM000004,0.0,0.0,26.41688443670151,0.0,0.0
ZM000004,DA35,7.106400000000002,1.252253753634314,467.48881601477945,4.536000000000001,15.459096936568622,-3.8166969365686203,-404.79,0.0,508.60008349094386,11.437961605838938,DA35_ZM000004,DA38,28.708456535961222,28.70834610690934,0.0,0.1102292768959436,DA38_DA35,1.0,0.041666666666666664,DA38_ZM000004,DA35_ZM000004,0.0,0.0,26.41688443670151,0.0,0.0
ZM000004,DA35,7.106400000000002,1.252253753634314,467.48881601477945,4.536000000000001,15.459096936568622,-3.8166969365686203,-404.79,0.0,508.60008349094386,11.437961605838938,DA35_ZM000004,DA40,83.274976563407,83.274976563407,0.0,0.1102292768959436,DA40_DA35,1.0,0.041666666666666664,DA40_ZM000004,DA35_ZM000004,0.0,0.0,26.41688443670151,0.0,0.0
ZM000004,DA35,7.106400000000002,1.252253753634314,467.48881601477945,4.536000000000001,15.459096936568622,-3.8166969365686203,-404.79,0.0,508.60008349094386,11.437961605838938,DA35_ZM000004,DA46,2.3803355736923417,2.38033532805251,0.0,0.1102292768959436,DA46_DA35,1.264366951754586,0.052681956323107744,DA46_ZM000004,DA35_ZM000004,0.0,0.0,26.41688443670151,0.0,0.0
ZM000004,DA37,1.512,1.215295574164455,24.414178093221174,0.0,13.07242933934399,-11.56042933934399,-1051.24,0.0,508.60008349094386,18.956667498708583,DA37_ZM000004,DA33,7.483874733576725,7.483874733576725,0.0,0.1102292768959436,DA33_DA37,0.868735695119561,0.036197320629981704,DA33_ZM000004,DA37_ZM000004,0.0,0.0,26.41688443670151,0.0,0.0
ZM000004,DA37,1.512,1.215295574164455,24.414178093221174,0.0,13.07242933934399,-11.56042933934399,-1051.24,0.0,508.60008349094386,18.956667498708583,DA37_ZM000004,DA34,29.27972005960784,29.27972005960784,0.0,0.1102292768959436,DA34_DA37,0.8194037091391021,0.03414182121412925,DA34_ZM000004,DA37_ZM000004,0.0,0.0,26.41688443670151,0.0,0.0
ZM000004,DA37,1.512,1.215295574164455,24.414178093221174,0.0,13.07242933934399,-11.56042933934399,-1051.24,0.0,508.60008349094386,18.956667498708583,DA37_ZM000004,DA36,17.424417995102598,17.424338946390712,0.0,0.1102292768959436,DA36_DA37,1.162766299832193,0.048448595826341374,DA36_ZM000004,DA37_ZM000004,0.0,0.0,26.41688443670151,0.0,0.0
ZM000004,DA37,1.512,1.215295574164455,24.414178093221174,0.0,13.07242933934399,-11.56042933934399,-1051.24,0.0,508.60008349094386,18.956667498708583,DA37_ZM000004,DA38,28.708456535961222,28.70834610690934,0.0,0.1102292768959436,DA38_DA37,0.8867529241820639,0.036948038507586,DA38_ZM000004,DA37_ZM000004,0.0,0.0,26.41688443670151,0.0,0.0
ZM000004,DA37,1.512,1.215295574164455,24.414178093221174,0.0,13.07242933934399,-11.56042933934399,-1051.24,0.0,508.60008349094386,18.956667498708583,DA37_ZM000004,DA40,83.274976563407,83.274976563407,0.0,0.1102292768959436,DA40_DA37,1.263136903334379,0.05263070430559912,DA40_ZM000004,DA37_ZM000004,0.0,0.0,26.41688443670151,0.0,0.0
ZM000004,DA37,1.512,1.215295574164455,24.414178093221174,0.0,13.07242933934399,-11.56042933934399,-1051.24,0.0,508.60008349094386,18.956667498708583,DA37_ZM000004,DA46,2.3803355736923417,2.38033532805251,0.0,0.1102292768959436,DA46_DA37,1.0,0.041666666666666664,DA46_ZM000004,DA37_ZM000004,0.0,0.0,26.41688443670151,0.0,0.0
ZM000004,DA42,5.594400000000001,0.4906842825819564,1040.1221108127909,0.0,5.297678833233456,0.29672116676654525,-39.53,0.0,508.60008349094386,2.6895881677934166,DA42_ZM000004,DA33,7.483874733576725,7.483874733576725,0.0,0.1102292768959436,DA33_DA42,0.868735695119561,0.036197320629981704,DA33_ZM000004,DA42_ZM000004,0.0,0.0,26.41688443670151,0.0,0.0
ZM000004,DA42,5.594400000000001,0.4906842825819564,1040.1221108127909,0.0,5.297678833233456,0.29672116676654525,-39.53,0.0,508.60008349094386,2.6895881677934166,DA42_ZM000004,DA34,29.27972005960784,29.27972005960784,0.0,0.1102292768959436,DA34_DA42,0.8194037091391021,0.03414182121412925,DA34_ZM000004,DA42_ZM000004,0.0,0.0,26.41688443670151,0.0,0.0
ZM000004,DA42,5.594400000000001,0.4906842825819564,1040.1221108127909,0.0,5.297678833233456,0.29672116676654525,-39.53,0.0,508.60008349094386,2.6895881677934166,DA42_ZM000004,DA36,17.424417995102598,17.424338946390712,0.0,0.1102292768959436,DA36_DA42,1.162766299832193,0.048448595826341374,DA36_ZM000004,DA42_ZM000004,0.0,0.0,26.41688443670151,0.0,0.0
ZM000004,DA42,5.594400000000001,0.4906842825819564,1040.1221108127909,0.0,5.297678833233456,0.29672116676654525,-39.53,0.0,508.60008349094386,2.6895881677934166,DA42_ZM000004,DA38,28.708456535961222,28.70834610690934,0.0,0.1102292768959436,DA38_DA42,0.8867529241820639,0.036948038507586,DA38_ZM000004,DA42_ZM000004,0.0,0.0,26.41688443670151,0.0,0.0
ZM000004,DA42,5.594400000000001,0.4906842825819564,1040.1221108127909,0.0,5.297678833233456,0.29672116676654525,-39.53,0.0,508.60008349094386,2.6895881677934166,DA42_ZM000004,DA40,83.274976563407,83.274976563407,0.0,0.1102292768959436,DA40_DA42,1.263136903334379,0.05263070430559912,DA40_ZM000004,DA42_ZM000004,0.0,0.0,26.41688443670151,0.0,0.0
ZM000004,DA42,5.594400000000001,0.4906842825819564,1040.1221108127909,0.0,5.297678833233456,0.29672116676654525,-39.53,0.0,508.60008349094386,2.6895881677934166,DA42_ZM000004,DA46,2.3803355736923417,2.38033532805251,0.0,0.1102292768959436,DA46_DA42,1.0,0.041666666666666664,DA46_ZM000004,DA42_ZM000004,0.0,0.0,26.41688443670151,0.0,0.0
ZM000004,DA44,1.8144,1.387259860221399,30.790203913953928,0.0,17.502229046313943,-15.687829046313944,-1230.85,0.0,508.60008349094386,24.130692796857474,DA44_ZM000004,DA33,7.483874733576725,7.483874733576725,0.0,0.1102292768959436,DA33_DA44,0.8393843194538297,0.034974346643909575,DA33_ZM000004,DA44_ZM000004,0.0,0.0,26.41688443670151,0.0,0.0
ZM000004,DA44,1.8144,1.387259860221399,30.790203913953928,0.0,17.502229046313943,-15.687829046313944,-1230.85,0.0,508.60008349094386,24.130692796857474,DA44_ZM000004,DA34,29.27972005960784,29.27972005960784,0.0,0.1102292768959436,DA34_DA44,0.7900523334733707,0.03291884722805711,DA34_ZM000004,DA44_ZM000004,0.0,0.0,26.41688443670151,0.0,0.0
ZM000004,DA44,1.8144,1.387259860221399,30.790203913953928,0.0,17.502229046313943,-15.687829046313944,-1230.85,0.0,508.60008349094386,24.130692796857474,DA44_ZM000004,DA36,17.424417995102598,17.424338946390712,0.0,0.1102292768959436,DA36_DA44,1.133414924166462,0.047225621840269245,DA36_ZM000004,DA44_ZM000004,0.0,0.0,26.41688443670151,0.0,0.0
ZM000004,DA44,1.8144,1.387259860221399,30.790203913953928,0.0,17.502229046313943,-15.687829046313944,-1230.85,0.0,508.60008349094386,24.130692796857474,DA44_ZM000004,DA38,28.708456535961222,28.70834610690934,0.0,0.1102292768959436,DA38_DA44,0.8574015485163325,0.035725064521513854,DA38_ZM000004,DA44_ZM000004,0.0,0.0,26.41688443670151,0.0,0.0
ZM000004,DA44,1.8144,1.387259860221399,30.790203913953928,0.0,17.502229046313943,-15.687829046313944,-1230.85,0.0,508.60008349094386,24.130692796857474,DA44_ZM000004,DA40,83.274976563407,83.274976563407,0.0,0.1102292768959436,DA40_DA44,1.233785527668648,0.051407730319527,DA40_ZM000004,DA44_ZM000004,0.0,0.0,26.41688443670151,0.0,0.0
ZM000004,DA44,1.8144,1.387259860221399,30.790203913953928,0.0,17.502229046313943,-15.687829046313944,-1230.85,0.0,508.60008349094386,24.130692796857474,DA44_ZM000004,DA46,2.3803355736923417,2.38033532805251,0.0,0.1102292768959436,DA46_DA44,1.0,0.041666666666666664,DA46_ZM000004,DA44_ZM000004,0.0,0.0,26.41688443670151,0.0,0.0
ZM000004,DA45,12.852,1.653422303087356,677.296881504627,4.536000000000001,20.06970479484347,-2.681704794843469,-262.19,0.0,508.60008349094386,12.744415150424919,DA45_ZM000004,DA33,7.483874733576725,7.483874733576725,0.0,0.1102292768959436,DA33_DA45,1.0,0.041666666666666664,DA33_ZM000004,DA45_ZM000004,0.0,0.0,26.41688443670151,0.0,0.0
ZM000004,DA45,12.852,1.653422303087356,677.296881504627,4.536000000000001,20.06970479484347,-2.681704794843469,-262.19,0.0,508.60008349094386,12.744415150424919,DA45_ZM000004,DA34,29.27972005960784,29.27972005960784,0.0,0.1102292768959436,DA34_DA45,1.0,0.041666666666666664,DA34_ZM000004,DA45_ZM000004,0.0,0.0,26.41688443670151,0.0,0.0
ZM000004,DA45,12.852,1.653422303087356,677.296881504627,4.536000000000001,20.06970479484347,-2.681704794843469,-262.19,0.0,508.60008349094386,12.744415150424919,DA45_ZM000004,DA36,17.424417995102598,17.424338946390712,0.0,0.1102292768959436,DA36_DA45,1.122125669682195,0.046755236236758126,DA36_ZM000004,DA45_ZM000004,0.0,0.0,26.41688443670151,0.0,0.0
ZM000004,DA45,12.852,1.653422303087356,677.296881504627,4.536000000000001,20.06970479484347,-2.681704794843469,-262.19,0.0,508.60008349094386,12.744415150424919,DA45_ZM000004,DA38,28.708456535961222,28.70834610690934,0.0,0.1102292768959436,DA38_DA45,1.0,0.041666666666666664,DA38_ZM000004,DA45_ZM000004,0.0,0.0,26.41688443670151,0.0,0.0
ZM000004,DA45,12.852,1.653422303087356,677.296881504627,4.536000000000001,20.06970479484347,-2.681704794843469,-262.19,0.0,508.60008349094386,12.744415150424919,DA45_ZM000004,DA40,83.274976563407,83.274976563407,0.0,0.1102292768959436,DA40_DA45,1.0,0.041666666666666664,DA40_ZM000004,DA45_ZM000004,0.0,0.0,26.41688443670151,0.0,0.0
ZM000004,DA45,12.852,1.653422303087356,677.296881504627,4.536000000000001,20.06970479484347,-2.681704794843469,-262.19,0.0,508.60008349094386,12.744415150424919,DA45_ZM000004,DA46,2.3803355736923417,2.38033532805251,0.0,0.1102292768959436,DA46_DA45,1.230499979832588,0.0512708324930245,DA46_ZM000004,DA45_ZM000004,0.0,0.0,26.41688443670151,0.0,0.0
ZM000004,DA39,0.0,0.0050546191968317,-100.0,0.0,0.0,0.0,-100.0,0.0,508.60008349094386,0.030762416652067002,DA39_ZM000004,DA33,7.483874733576725,7.483874733576725,0.0,0.1102292768959436,DA33_DA39,0.8393843194538297,0.034974346643909575,DA33_ZM000004,DA39_ZM000004,0.0,0.0,26.41688443670151,0.0,0.0
ZM000004,DA39,0.0,0.0050546191968317,-100.0,0.0,0.0,0.0,-100.0,0.0,508.60008349094386,0.030762416652067002,DA39_ZM000004,DA34,29.27972005960784,29.27972005960784,0.0,0.1102292768959436,DA34_DA39,0.7900523334733707,0.03291884722805711,DA34_ZM000004,DA39_ZM000004,0.0,0.0,26.41688443670151,0.0,0.0
ZM000004,DA39,0.0,0.0050546191968317,-100.0,0.0,0.0,0.0,-100.0,0.0,508.60008349094386,0.030762416652067002,DA39_ZM000004,DA36,17.424417995102598,17.424338946390712,0.0,0.1102292768959436,DA36_DA39,1.133414924166462,0.047225621840269245,DA36_ZM000004,DA39_ZM000004,0.0,0.0,26.41688443670151,0.0,0.0
ZM000004,DA39,0.0,0.0050546191968317,-100.0,0.0,0.0,0.0,-100.0,0.0,508.60008349094386,0.030762416652067002,DA39_ZM000004,DA38,28.708456535961222,28.70834610690934,0.0,0.1102292768959436,DA38_DA39,0.8574015485163325,0.035725064521513854,DA38_ZM000004,DA39_ZM000004,0.0,0.0,26.41688443670151,0.0,0.0
ZM000004,DA39,0.0,0.0050546191968317,-100.0,0.0,0.0,0.0,-100.0,0.0,508.60008349094386,0.030762416652067002,DA39_ZM000004,DA40,83.274976563407,83.274976563407,0.0,0.1102292768959436,DA40_DA39,1.233785527668648,0.051407730319527,DA40_ZM000004,DA39_ZM000004,0.0,0.0,26.41688443670151,0.0,0.0
ZM000004,DA39,0.0,0.0050546191968317,-100.0,0.0,0.0,0.0,-100.0,0.0,508.60008349094386,0.030762416652067002,DA39_ZM000004,DA46,2.3803355736923417,2.38033532805251,0.0,0.1102292768959436,DA46_DA39,1.0,0.041666666666666664,DA46_ZM000004,DA39_ZM000004,0.0,0.0,26.41688443670151,0.0,0.0
ZM000003,DA39,0.0,0.0050546191968317,-100.0,0.0,0.0,0.0,-100.0,0.0,9324.236909463936,0.4763592879806626,DA39_ZM000003,DA33,42.884251818974775,42.884251818974775,0.0,0.1302083333333333,DA33_DA39,0.8393843194538297,0.034974346643909575,DA33_ZM000003,DA39_ZM000003,0.0,0.0,26.41688443670151,0.0,0.0
ZM000003,DA39,0.0,0.0050546191968317,-100.0,0.0,0.0,0.0,-100.0,0.0,9324.236909463936,0.4763592879806626,DA39_ZM000003,DA34,152.71620124028647,152.71620124028647,0.0,0.1302083333333333,DA34_DA39,0.7900523334733707,0.03291884722805711,DA34_ZM000003,DA39_ZM000003,0.0,0.0,26.41688443670151,0.0,0.0
ZM000003,DA39,0.0,0.0050546191968317,-100.0,0.0,0.0,0.0,-100.0,0.0,9324.236909463936,0.4763592879806626,DA39_ZM000003,DA35,12.995692107644425,12.995672061078688,0.0,0.1302083333333333,DA35_DA39,1.0,0.041666666666666664,DA35_ZM000003,DA39_ZM000003,0.0,0.0,26.41688443670151,0.0,0.0
ZM000003,DA39,0.0,0.0050546191968317,-100.0,0.0,0.0,0.0,-100.0,0.0,9324.236909463936,0.4763592879806626,DA39_ZM000003,DA36,50.46527928303608,50.46527928303608,0.0,0.1302083333333333,DA36_DA39,1.133414924166462,0.047225621840269245,DA36_ZM000003,DA39_ZM000003,0.0,0.0,26.41688443670151,0.0,0.0
ZM000003,DA39,0.0,0.0050546191968317,-100.0,0.0,0.0,0.0,-100.0,0.0,9324.236909463936,0.4763592879806626,DA39_ZM000003,DA37,17.53976212343224,17.539746921491155,0.0,0.1302083333333333,DA37_DA39,1.144703650963527,0.04769598545681363,DA37_ZM000003,DA39_ZM000003,0.0,0.0,26.41688443670151,0.0,0.0
ZM000003,DA39,0.0,0.0050546191968317,-100.0,0.0,0.0,0.0,-100.0,0.0,9324.236909463936,0.4763592879806626,DA39_ZM000003,DA38,115.91767771085526,115.91767771085526,0.0,0.1302083333333333,DA38_DA39,0.8574015485163325,0.035725064521513854,DA38_ZM000003,DA39_ZM000003,0.0,0.0,26.41688443670151,0.0,0.0
ZM000003,DA39,0.0,0.0050546191968317,-100.0,0.0,0.0,0.0,-100.0,0.0,9324.236909463936,0.4763592879806626,DA39_ZM000003,DA40,331.641913970737,331.641913970737,0.0,0.1302083333333333,DA40_DA39,1.233785527668648,0.051407730319527,DA40_ZM000003,DA39_ZM000003,0.0,0.0,26.41688443670151,0.0,0.0
ZM000003,DA39,0.0,0.0050546191968317,-100.0,0.0,0.0,0.0,-100.0,0.0,9324.236909463936,0.4763592879806626,DA39_ZM000003,DA42,29.475745723637907,29.475745723637907,0.0,0.1302083333333333,DA42_DA39,1.144703650963527,0.04769598545681363,DA42_ZM000003,DA39_ZM000003,0.0,0.0,26.41688443670151,0.0,0.0
ZM000003,DA39,0.0,0.0050546191968317,-100.0,0.0,0.0,0.0,-100.0,0.0,9324.236909463936,0.4763592879806626,DA39_ZM000003,DA44,18.218116607632698,18.21810300322854,0.0,0.1302083333333333,DA44_DA39,1.115352275297796,0.0464730114707415,DA44_ZM000003,DA39_ZM000003,0.0,0.0,26.41688443670151,0.0,0.0
ZM000003,DA39,0.0,0.0050546191968317,-100.0,0.0,0.0,0.0,-100.0,0.0,9324.236909463936,0.4763592879806626,DA39_ZM000003,DA45,8.519744755752972,8.519744755752972,0.0,0.1302083333333333,DA45_DA39,1.0,0.041666666666666664,DA45_ZM000003,DA39_ZM000003,0.0,0.0,26.41688443670151,0.0,0.0
ZM000003,DA39,0.0,0.0050546191968317,-100.0,0.0,0.0,0.0,-100.0,0.0,9324.236909463936,0.4763592879806626,DA39_ZM000003,DA46,23.135831163043633,23.135819176810415,0.0,0.1302083333333333,DA46_DA39,1.0,0.041666666666666664,DA46_ZM000003,DA39_ZM000003,0.0,0.0,26.41688443670151,0.0,0.0
ZL000110,DA39,0.0,0.0050546191968317,-100.0,0.0,0.0,0.0,-100.0,0.0,11452.139615832446,0.5839166666666666,DA39_ZL000110,DA33,0.9959454863003686,0.9959453808031682,0.0,0.1587301587301587,DA33_DA39,0.8393843194538297,0.034974346643909575,DA33_ZL000110,DA39_ZL000110,0.0,0.0,10.21893147502904,0.0,0.0
ZL000110,DA39,0.0,0.0050546191968317,-100.0,0.0,0.0,0.0,-100.0,0.0,11452.139615832446,0.5839166666666666,DA39_ZL000110,DA34,1.6259451356027568,1.6259451356027568,0.0,0.1587301587301587,DA34_DA39,0.7900523334733707,0.03291884722805711,DA34_ZL000110,DA39_ZL000110,0.0,0.0,10.21893147502904,0.0,0.0
ZL000110,DA39,0.0,0.0050546191968317,-100.0,0.0,0.0,0.0,-100.0,0.0,11452.139615832446,0.5839166666666666,DA39_ZL000110,DA37,0.9119452971778209,0.9119452971778209,0.0,0.1587301587301587,DA37_DA39,1.144703650963527,0.04769598545681363,DA37_ZL000110,DA39_ZL000110,0.0,0.0,10.21893147502904,0.0,0.0
ZL000110,DA39,0.0,0.0050546191968317,-100.0,0.0,0.0,0.0,-100.0,0.0,11452.139615832446,0.5839166666666666,DA39_ZL000110,DA38,0.8629453132218148,0.8629453132218148,0.0,0.1587301587301587,DA38_DA39,0.8574015485163325,0.035725064521513854,DA38_ZL000110,DA39_ZL000110,0.0,0.0,10.21893147502904,0.0,0.0
ZL000110,DA39,0.0,0.0050546191968317,-100.0,0.0,0.0,0.0,-100.0,0.0,11452.139615832446,0.5839166666666666,DA39_ZL000110,DA40,2.5849453992696434,2.584945380803168,0.0,0.1587301587301587,DA40_DA39,1.233785527668648,0.051407730319527,DA40_ZL000110,DA39_ZL000110,0.0,0.0,10.21893147502904,0.0,0.0
ZL000110,DA42,0.0,0.0050546191968317,-100.0,0.0,0.0,0.0,-100.0,0.0,11452.139615832446,0.5839166666666666,DA42_ZL000110,DA33,0.9959454863003686,0.9959453808031682,0.0,0.1587301587301587,DA33_DA42,0.868735695119561,0.036197320629981704,DA33_ZL000110,DA42_ZL000110,0.0,0.0,10.21893147502904,0.0,0.0
ZL000110,DA42,0.0,0.0050546191968317,-100.0,0.0,0.0,0.0,-100.0,0.0,11452.139615832446,0.5839166666666666,DA42_ZL000110,DA34,1.6259451356027568,1.6259451356027568,0.0,0.1587301587301587,DA34_DA42,0.8194037091391021,0.03414182121412925,DA34_ZL000110,DA42_ZL000110,0.0,0.0,10.21893147502904,0.0,0.0
ZL000110,DA42,0.0,0.0050546191968317,-100.0,0.0,0.0,0.0,-100.0,0.0,11452.139615832446,0.5839166666666666,DA42_ZL000110,DA37,0.9119452971778209,0.9119452971778209,0.0,0.1587301587301587,DA37_DA42,1.174055026629258,0.04891895944288575,DA37_ZL000110,DA42_ZL000110,0.0,0.0,10.21893147502904,0.0,0.0
ZL000110,DA42,0.0,0.0050546191968317,-100.0,0.0,0.0,0.0,-100.0,0.0,11452.139615832446,0.5839166666666666,DA42_ZL000110,DA38,0.8629453132218148,0.8629453132218148,0.0,0.1587301587301587,DA38_DA42,0.8867529241820639,0.036948038507586,DA38_ZL000110,DA42_ZL000110,0.0,0.0,10.21893147502904,0.0,0.0
ZL000110,DA42,0.0,0.0050546191968317,-100.0,0.0,0.0,0.0,-100.0,0.0,11452.139615832446,0.5839166666666666,DA42_ZL000110,DA40,2.5849453992696434,2.584945380803168,0.0,0.1587301587301587,DA40_DA42,1.263136903334379,0.05263070430559912,DA40_ZL000110,DA42_ZL000110,0.0,0.0,10.21893147502904,0.0,0.0
ZL000110,DA45,0.0,0.0050546191968317,-100.0,0.0,0.0,0.0,-100.0,0.0,11452.139615832446,0.5839166666666666,DA45_ZL000110,DA33,0.9959454863003686,0.9959453808031682,0.0,0.1587301587301587,DA33_DA45,1.0,0.041666666666666664,DA33_ZL000110,DA45_ZL000110,0.0,0.0,10.21893147502904,0.0,0.0
ZL000110,DA45,0.0,0.0050546191968317,-100.0,0.0,0.0,0.0,-100.0,0.0,11452.139615832446,0.5839166666666666,DA45_ZL000110,DA34,1.6259451356027568,1.6259451356027568,0.0,0.1587301587301587,DA34_DA45,1.0,0.041666666666666664,DA34_ZL000110,DA45_ZL000110,0.0,0.0,10.21893147502904,0.0,0.0
ZL000110,DA45,0.0,0.0050546191968317,-100.0,0.0,0.0,0.0,-100.0,0.0,11452.139615832446,0.5839166666666666,DA45_ZL000110,DA37,0.9119452971778209,0.9119452971778209,0.0,0.1587301587301587,DA37_DA45,1.0,0.041666666666666664,DA37_ZL000110,DA45_ZL000110,0.0,0.0,10.21893147502904,0.0,0.0
ZL000110,DA45,0.0,0.0050546191968317,-100.0,0.0,0.0,0.0,-100.0,0.0,11452.139615832446,0.5839166666666666,DA45_ZL000110,DA38,0.8629453132218148,0.8629453132218148,0.0,0.1587301587301587,DA38_DA45,1.0,0.041666666666666664,DA38_ZL000110,DA45_ZL000110,0.0,0.0,10.21893147502904,0.0,0.0
ZL000110,DA45,0.0,0.0050546191968317,-100.0,0.0,0.0,0.0,-100.0,0.0,11452.139615832446,0.5839166666666666,DA45_ZL000110,DA40,2.5849453992696434,2.584945380803168,0.0,0.1587301587301587,DA40_DA45,1.0,0.041666666666666664,DA40_ZL000110,DA45_ZL000110,0.0,0.0,10.21893147502904,0.0,0.0
ZL000110,DA35,0.0,0.0050546191968317,-100.0,0.0,0.0,0.0,-100.0,0.0,11452.139615832446,0.5839166666666666,DA35_ZL000110,DA33,0.9959454863003686,0.9959453808031682,0.0,0.1587301587301587,DA33_DA35,1.0,0.041666666666666664,DA33_ZL000110,DA35_ZL000110,0.0,0.0,10.21893147502904,0.0,0.0
ZL000110,DA35,0.0,0.0050546191968317,-100.0,0.0,0.0,0.0,-100.0,0.0,11452.139615832446,0.5839166666666666,DA35_ZL000110,DA34,1.6259451356027568,1.6259451356027568,0.0,0.1587301587301587,DA34_DA35,1.0,0.041666666666666664,DA34_ZL000110,DA35_ZL000110,0.0,0.0,10.21893147502904,0.0,0.0
ZL000110,DA35,0.0,0.0050546191968317,-100.0,0.0,0.0,0.0,-100.0,0.0,11452.139615832446,0.5839166666666666,DA35_ZL000110,DA37,0.9119452971778209,0.9119452971778209,0.0,0.1587301587301587,DA37_DA35,1.0,0.041666666666666664,DA37_ZL000110,DA35_ZL000110,0.0,0.0,10.21893147502904,0.0,0.0
ZL000110,DA35,0.0,0.0050546191968317,-100.0,0.0,0.0,0.0,-100.0,0.0,11452.139615832446,0.5839166666666666,DA35_ZL000110,DA38,0.8629453132218148,0.8629453132218148,0.0,0.1587301587301587,DA38_DA35,1.0,0.041666666666666664,DA38_ZL000110,DA35_ZL000110,0.0,0.0,10.21893147502904,0.0,0.0
ZL000110,DA35,0.0,0.0050546191968317,-100.0,0.0,0.0,0.0,-100.0,0.0,11452.139615832446,0.5839166666666666,DA35_ZL000110,DA40,2.5849453992696434,2.584945380803168,0.0,0.1587301587301587,DA40_DA35,1.0,0.041666666666666664,DA40_ZL000110,DA35_ZL000110,0.0,0.0,10.21893147502904,0.0,0.0
ZL000110,DA46,0.0,0.0050546191968317,-100.0,0.0,0.0,0.0,-100.0,0.0,11452.139615832446,0.5839166666666666,DA46_ZL000110,DA33,0.9959454863003686,0.9959453808031682,0.0,0.1587301587301587,DA33_DA46,1.0,0.041666666666666664,DA33_ZL000110,DA46_ZL000110,0.0,0.0,10.21893147502904,0.0,0.0
ZL000110,DA46,0.0,0.0050546191968317,-100.0,0.0,0.0,0.0,-100.0,0.0,11452.139615832446,0.5839166666666666,DA46_ZL000110,DA34,1.6259451356027568,1.6259451356027568,0.0,0.1587301587301587,DA34_DA46,1.0,0.041666666666666664,DA34_ZL000110,DA46_ZL000110,0.0,0.0,10.21893147502904,0.0,0.0
ZL000110,DA46,0.0,0.0050546191968317,-100.0,0.0,0.0,0.0,-100.0,0.0,11452.139615832446,0.5839166666666666,DA46_ZL000110,DA37,0.9119452971778209,0.9119452971778209,0.0,0.1587301587301587,DA37_DA46,1.0,0.041666666666666664,DA37_ZL000110,DA46_ZL000110,0.0,0.0,10.21893147502904,0.0,0.0
ZL000110,DA46,0.0,0.0050546191968317,-100.0,0.0,0.0,0.0,-100.0,0.0,11452.139615832446,0.5839166666666666,DA46_ZL000110,DA38,0.8629453132218148,0.8629453132218148,0.0,0.1587301587301587,DA38_DA46,1.0,0.041666666666666664,DA38_ZL000110,DA46_ZL000110,0.0,0.0,10.21893147502904,0.0,0.0
ZL000110,DA46,0.0,0.0050546191968317,-100.0,0.0,0.0,0.0,-100.0,0.0,11452.139615832446,0.5839166666666666,DA46_ZL000110,DA40,2.5849453992696434,2.584945380803168,0.0,0.1587301587301587,DA40_DA46,1.0,0.041666666666666664,DA40_ZL000110,DA46_ZL000110,0.0,0.0,10.21893147502904,0.0,0.0
ZL000110,DA36,0.0,0.0050546191968317,-100.0,0.0,0.0,0.0,-100.0,0.0,11452.139615832446,0.5839166666666666,DA36_ZL000110,DA33,0.9959454863003686,0.9959453808031682,0.0,0.1587301587301587,DA33_DA36,0.8574469683224957,0.03572695701343732,DA33_ZL000110,DA36_ZL000110,0.0,0.0,10.21893147502904,0.0,0.0
ZL000110,DA36,0.0,0.0050546191968317,-100.0,0.0,0.0,0.0,-100.0,0.0,11452.139615832446,0.5839166666666666,DA36_ZL000110,DA34,1.6259451356027568,1.6259451356027568,0.0,0.1587301587301587,DA34_DA36,0.8081149823420368,0.033671457597584865,DA34_ZL000110,DA36_ZL000110,0.0,0.0,10.21893147502904,0.0,0.0
ZL000110,DA36,0.0,0.0050546191968317,-100.0,0.0,0.0,0.0,-100.0,0.0,11452.139615832446,0.5839166666666666,DA36_ZL000110,DA37,0.9119452971778209,0.9119452971778209,0.0,0.1587301587301587,DA37_DA36,1.162766299832193,0.048448595826341374,DA37_ZL000110,DA36_ZL000110,0.0,0.0,10.21893147502904,0.0,0.0
ZL000110,DA36,0.0,0.0050546191968317,-100.0,0.0,0.0,0.0,-100.0,0.0,11452.139615832446,0.5839166666666666,DA36_ZL000110,DA38,0.8629453132218148,0.8629453132218148,0.0,0.1587301587301587,DA38_DA36,0.8754641973849986,0.03647767489104161,DA38_ZL000110,DA36_ZL000110,0.0,0.0,10.21893147502904,0.0,0.0
ZL000110,DA36,0.0,0.0050546191968317,-100.0,0.0,0.0,0.0,-100.0,0.0,11452.139615832446,0.5839166666666666,DA36_ZL000110,DA40,2.5849453992696434,2.584945380803168,0.0,0.1587301587301587,DA40_DA36,1.251848176537314,0.05216034068905475,DA40_ZL000110,DA36_ZL000110,0.0,0.0,10.21893147502904,0.0,0.0
ZL000110,DA44,0.0,0.0050546191968317,-100.0,0.0,0.0,0.0,-100.0,0.0,11452.139615832446,0.5839166666666666,DA44_ZL000110,DA33,0.9959454863003686,0.9959453808031682,0.0,0.1587301587301587,DA33_DA44,0.8393843194538297,0.034974346643909575,DA33_ZL000110,DA44_ZL000110,0.0,0.0,10.21893147502904,0.0,0.0
ZL000110,DA44,0.0,0.0050546191968317,-100.0,0.0,0.0,0.0,-100.0,0.0,11452.139615832446,0.5839166666666666,DA44_ZL000110,DA34,1.6259451356027568,1.6259451356027568,0.0,0.1587301587301587,DA34_DA44,0.7900523334733707,0.03291884722805711,DA34_ZL000110,DA44_ZL000110,0.0,0.0,10.21893147502904,0.0,0.0
ZL000110,DA44,0.0,0.0050546191968317,-100.0,0.0,0.0,0.0,-100.0,0.0,11452.139615832446,0.5839166666666666,DA44_ZL000110,DA37,0.9119452971778209,0.9119452971778209,0.0,0.1587301587301587,DA37_DA44,1.144703650963527,0.04769598545681363,DA37_ZL000110,DA44_ZL000110,0.0,0.0,10.21893147502904,0.0,0.0
ZL000110,DA44,0.0,0.0050546191968317,-100.0,0.0,0.0,0.0,-100.0,0.0,11452.139615832446,0.5839166666666666,DA44_ZL000110,DA38,0.8629453132218148,0.8629453132218148,0.0,0.1587301587301587,DA38_DA44,0.8574015485163325,0.035725064521513854,DA38_ZL000110,DA44_ZL000110,0.0,0.0,10.21893147502904,0.0,0.0
ZL000110,DA44,0.0,0.0050546191968317,-100.0,0.0,0.0,0.0,-100.0,0.0,11452.139615832446,0.5839166666666666,DA44_ZL000110,DA40,2.5849453992696434,2.584945380803168,0.0,0.1587301587301587,DA40_DA44,1.233785527668648,0.051407730319527,DA40_ZL000110,DA44_ZL000110,0.0,0.0,10.21893147502904,0.0,0.0
ZL000107,DA39,0.0,0.0050546191968317,-100.0,0.0,0.0,0.0,-100.0,0.0,2903.8375657989272,0.15183255024251463,DA39_ZL000107,DA33,1.4967415084391489,1.4967415084391489,0.0,0.1234567901234568,DA33_DA39,0.8393843194538297,0.034974346643909575,DA33_ZL000107,DA39_ZL000107,0.0,0.0,80.02555168408827,0.0,0.0
ZL000107,DA39,0.0,0.0050546191968317,-100.0,0.0,0.0,0.0,-100.0,0.0,2903.8375657989272,0.15183255024251463,DA39_ZL000107,DA34,0.059559311715710224,0.05955845816945021,0.0,0.1234567901234568,DA34_DA39,0.7900523334733707,0.03291884722805711,DA34_ZL000107,DA39_ZL000107,0.0,0.0,80.02555168408827,0.0,0.0
ZL000107,DA39,0.0,0.0050546191968317,-100.0,0.0,0.0,0.0,-100.0,0.0,2903.8375657989272,0.15183255024251463,DA39_ZL000107,DA36,0.7836244554964978,0.7836244554964978,0.0,0.1234567901234568,DA36_DA39,1.133414924166462,0.047225621840269245,DA36_ZL000107,DA39_ZL000107,0.0,0.0,80.02555168408827,0.0,0.0
ZL000107,DA39,0.0,0.0050546191968317,-100.0,0.0,0.0,0.0,-100.0,0.0,2903.8375657989272,0.15183255024251463,DA39_ZL000107,DA37,0.5963545472085706,0.5963545472085706,0.0,0.1234567901234568,DA37_DA39,1.144703650963527,0.04769598545681363,DA37_ZL000107,DA39_ZL000107,0.0,0.0,80.02555168408827,0.0,0.0
ZL000107,DA39,0.0,0.0050546191968317,-100.0,0.0,0.0,0.0,-100.0,0.0,2903.8375657989272,0.15183255024251463,DA39_ZL000107,DA38,0.2912938206508908,0.2912937275936343,0.0,0.1234567901234568,DA38_DA39,0.8574015485163325,0.035725064521513854,DA38_ZL000107,DA39_ZL000107,0.0,0.0,80.02555168408827,0.0,0.0
ZL000107,DA39,0.0,0.0050546191968317,-100.0,0.0,0.0,0.0,-100.0,0.0,2903.8375657989272,0.15183255024251463,DA39_ZL000107,DA40,1.6156848666248684,1.6156848666248684,0.0,0.1234567901234568,DA40_DA39,1.233785527668648,0.051407730319527,DA40_ZL000107,DA39_ZL000107,0.0,0.0,80.02555168408827,0.0,0.0
ZL000107,DA42,0.0,0.0050546191968317,-100.0,0.0,0.0,0.0,-100.0,0.0,2903.8375657989272,0.15183255024251463,DA42_ZL000107,DA33,1.4967415084391489,1.4967415084391489,0.0,0.1234567901234568,DA33_DA42,0.868735695119561,0.036197320629981704,DA33_ZL000107,DA42_ZL000107,0.0,0.0,80.02555168408827,0.0,0.0
ZL000107,DA42,0.0,0.0050546191968317,-100.0,0.0,0.0,0.0,-100.0,0.0,2903.8375657989272,0.15183255024251463,DA42_ZL000107,DA34,0.059559311715710224,0.05955845816945021,0.0,0.1234567901234568,DA34_DA42,0.8194037091391021,0.03414182121412925,DA34_ZL000107,DA42_ZL000107,0.0,0.0,80.02555168408827,0.0,0.0
ZL000107,DA42,0.0,0.0050546191968317,-100.0,0.0,0.0,0.0,-100.0,0.0,2903.8375657989272,0.15183255024251463,DA42_ZL000107,DA36,0.7836244554964978,0.7836244554964978,0.0,0.1234567901234568,DA36_DA42,1.162766299832193,0.048448595826341374,DA36_ZL000107,DA42_ZL000107,0.0,0.0,80.02555168408827,0.0,0.0
ZL000107,DA42,0.0,0.0050546191968317,-100.0,0.0,0.0,0.0,-100.0,0.0,2903.8375657989272,0.15183255024251463,DA42_ZL000107,DA37,0.5963545472085706,0.5963545472085706,0.0,0.1234567901234568,DA37_DA42,1.174055026629258,0.04891895944288575,DA37_ZL000107,DA42_ZL000107,0.0,0.0,80.02555168408827,0.0,0.0
ZL000107,DA42,0.0,0.0050546191968317,-100.0,0.0,0.0,0.0,-100.0,0.0,2903.8375657989272,0.15183255024251463,DA42_ZL000107,DA38,0.2912938206508908,0.2912937275936343,0.0,0.1234567901234568,DA38_DA42,0.8867529241820639,0.036948038507586,DA38_ZL000107,DA42_ZL000107,0.0,0.0,80.02555168408827,0.0,0.0
ZL000107,DA42,0.0,0.0050546191968317,-100.0,0.0,0.0,0.0,-100.0,0.0,2903.8375657989272,0.15183255024251463,DA42_ZL000107,DA40,1.6156848666248684,1.6156848666248684,0.0,0.1234567901234568,DA40_DA42,1.263136903334379,0.05263070430559912,DA40_ZL000107,DA42_ZL000107,0.0,0.0,80.02555168408827,0.0,0.0
ZL000107,DA45,0.0,0.0050546191968317,-100.0,0.0,0.0,0.0,-100.0,0.0,2903.8375657989272,0.15183255024251463,DA45_ZL000107,DA33,1.4967415084391489,1.4967415084391489,0.0,0.1234567901234568,DA33_DA45,1.0,0.041666666666666664,DA33_ZL000107,DA45_ZL000107,0.0,0.0,80.02555168408827,0.0,0.0
ZL000107,DA45,0.0,0.0050546191968317,-100.0,0.0,0.0,0.0,-100.0,0.0,2903.8375657989272,0.15183255024251463,DA45_ZL000107,DA34,0.059559311715710224,0.05955845816945021,0.0,0.1234567901234568,DA34_DA45,1.0,0.041666666666666664,DA34_ZL000107,DA45_ZL000107,0.0,0.0,80.02555168408827,0.0,0.0
ZL000107,DA45,0.0,0.0050546191968317,-100.0,0.0,0.0,0.0,-100.0,0.0,2903.8375657989272,0.15183255024251463,DA45_ZL000107,DA36,0.7836244554964978,0.7836244554964978,0.0,0.1234567901234568,DA36_DA45,1.122125669682195,0.046755236236758126,DA36_ZL000107,DA45_ZL000107,0.0,0.0,80.02555168408827,0.0,0.0
ZL000107,DA45,0.0,0.0050546191968317,-100.0,0.0,0.0,0.0,-100.0,0.0,2903.8375657989272,0.15183255024251463,DA45_ZL000107,DA37,0.5963545472085706,0.5963545472085706,0.0,0.1234567901234568,DA37_DA45,1.0,0.041666666666666664,DA37_ZL000107,DA45_ZL000107,0.0,0.0,80.02555168408827,0.0,0.0
ZL000107,DA45,0.0,0.0050546191968317,-100.0,0.0,0.0,0.0,-100.0,0.0,2903.8375657989272,0.15183255024251463,DA45_ZL000107,DA38,0.2912938206508908,0.2912937275936343,0.0,0.1234567901234568,DA38_DA45,1.0,0.041666666666666664,DA38_ZL000107,DA45_ZL000107,0.0,0.0,80.02555168408827,0.0,0.0
ZL000107,DA45,0.0,0.0050546191968317,-100.0,0.0,0.0,0.0,-100.0,0.0,2903.8375657989272,0.15183255024251463,DA45_ZL000107,DA40,1.6156848666248684,1.6156848666248684,0.0,0.1234567901234568,DA40_DA45,1.0,0.041666666666666664,DA40_ZL000107,DA45_ZL000107,0.0,0.0,80.02555168408827,0.0,0.0
ZL000107,DA35,0.0,0.0050546191968317,-100.0,0.0,0.0,0.0,-100.0,0.0,2903.8375657989272,0.15183255024251463,DA35_ZL000107,DA33,1.4967415084391489,1.4967415084391489,0.0,0.1234567901234568,DA33_DA35,1.0,0.041666666666666664,DA33_ZL000107,DA35_ZL000107,0.0,0.0,80.02555168408827,0.0,0.0
ZL000107,DA35,0.0,0.0050546191968317,-100.0,0.0,0.0,0.0,-100.0,0.0,2903.8375657989272,0.15183255024251463,DA35_ZL000107,DA34,0.059559311715710224,0.05955845816945021,0.0,0.1234567901234568,DA34_DA35,1.0,0.041666666666666664,DA34_ZL000107,DA35_ZL000107,0.0,0.0,80.02555168408827,0.0,0.0
ZL000107,DA35,0.0,0.0050546191968317,-100.0,0.0,0.0,0.0,-100.0,0.0,2903.8375657989272,0.15183255024251463,DA35_ZL000107,DA36,0.7836244554964978,0.7836244554964978,0.0,0.1234567901234568,DA36_DA35,1.155992641604193,0.04816636006684138,DA36_ZL000107,DA35_ZL000107,0.0,0.0,80.02555168408827,0.0,0.0
ZL000107,DA35,0.0,0.0050546191968317,-100.0,0.0,0.0,0.0,-100.0,0.0,2903.8375657989272,0.15183255024251463,DA35_ZL000107,DA37,0.5963545472085706,0.5963545472085706,0.0,0.1234567901234568,DA37_DA35,1.0,0.041666666666666664,DA37_ZL000107,DA35_ZL000107,0.0,0.0,80.02555168408827,0.0,0.0
ZL000107,DA35,0.0,0.0050546191968317,-100.0,0.0,0.0,0.0,-100.0,0.0,2903.8375657989272,0.15183255024251463,DA35_ZL000107,DA38,0.2912938206508908,0.2912937275936343,0.0,0.1234567901234568,DA38_DA35,1.0,0.041666666666666664,DA38_ZL000107,DA35_ZL000107,0.0,0.0,80.02555168408827,0.0,0.0
ZL000107,DA35,0.0,0.0050546191968317,-100.0,0.0,0.0,0.0,-100.0,0.0,2903.8375657989272,0.15183255024251463,DA35_ZL000107,DA40,1.6156848666248684,1.6156848666248684,0.0,0.1234567901234568,DA40_DA35,1.0,0.041666666666666664,DA40_ZL000107,DA35_ZL000107,0.0,0.0,80.02555168408827,0.0,0.0
ZL000107,DA46,0.0,0.0050546191968317,-100.0,0.0,0.0,0.0,-100.0,0.0,2903.8375657989272,0.15183255024251463,DA46_ZL000107,DA33,1.4967415084391489,1.4967415084391489,0.0,0.1234567901234568,DA33_DA46,1.0,0.041666666666666664,DA33_ZL000107,DA46_ZL000107,0.0,0.0,80.02555168408827,0.0,0.0
ZL000107,DA46,0.0,0.0050546191968317,-100.0,0.0,0.0,0.0,-100.0,0.0,2903.8375657989272,0.15183255024251463,DA46_ZL000107,DA34,0.059559311715710224,0.05955845816945021,0.0,0.1234567901234568,DA34_DA46,1.0,0.041666666666666664,DA34_ZL000107,DA46_ZL000107,0.0,0.0,80.02555168408827,0.0,0.0
ZL000107,DA46,0.0,0.0050546191968317,-100.0,0.0,0.0,0.0,-100.0,0.0,2903.8375657989272,0.15183255024251463,DA46_ZL000107,DA36,0.7836244554964978,0.7836244554964978,0.0,0.1234567901234568,DA36_DA46,1.155992641604193,0.04816636006684138,DA36_ZL000107,DA46_ZL000107,0.0,0.0,80.02555168408827,0.0,0.0
ZL000107,DA46,0.0,0.0050546191968317,-100.0,0.0,0.0,0.0,-100.0,0.0,2903.8375657989272,0.15183255024251463,DA46_ZL000107,DA37,0.5963545472085706,0.5963545472085706,0.0,0.1234567901234568,DA37_DA46,1.0,0.041666666666666664,DA37_ZL000107,DA46_ZL000107,0.0,0.0,80.02555168408827,0.0,0.0
ZL000107,DA46,0.0,0.0050546191968317,-100.0,0.0,0.0,0.0,-100.0,0.0,2903.8375657989272,0.15183255024251463,DA46_ZL000107,DA38,0.2912938206508908,0.2912937275936343,0.0,0.1234567901234568,DA38_DA46,1.0,0.041666666666666664,DA38_ZL000107,DA46_ZL000107,0.0,0.0,80.02555168408827,0.0,0.0
ZL000107,DA46,0.0,0.0050546191968317,-100.0,0.0,0.0,0.0,-100.0,0.0,2903.8375657989272,0.15183255024251463,DA46_ZL000107,DA40,1.6156848666248684,1.6156848666248684,0.0,0.1234567901234568,DA40_DA46,1.0,0.041666666666666664,DA40_ZL000107,DA46_ZL000107,0.0,0.0,80.02555168408827,0.0,0.0
ZL000107,DA44,0.0,0.0050546191968317,-100.0,0.0,0.0,0.0,-100.0,0.0,2903.8375657989272,0.15183255024251463,DA44_ZL000107,DA33,1.4967415084391489,1.4967415084391489,0.0,0.1234567901234568,DA33_DA44,0.8393843194538297,0.034974346643909575,DA33_ZL000107,DA44_ZL000107,0.0,0.0,80.02555168408827,0.0,0.0
ZL000107,DA44,0.0,0.0050546191968317,-100.0,0.0,0.0,0.0,-100.0,0.0,2903.8375657989272,0.15183255024251463,DA44_ZL000107,DA34,0.059559311715710224,0.05955845816945021,0.0,0.1234567901234568,DA34_DA44,0.7900523334733707,0.03291884722805711,DA34_ZL000107,DA44_ZL000107,0.0,0.0,80.02555168408827,0.0,0.0
ZL000107,DA44,0.0,0.0050546191968317,-100.0,0.0,0.0,0.0,-100.0,0.0,2903.8375657989272,0.15183255024251463,DA44_ZL000107,DA36,0.7836244554964978,0.7836244554964978,0.0,0.1234567901234568,DA36_DA44,1.133414924166462,0.047225621840269245,DA36_ZL000107,DA44_ZL000107,0.0,0.0,80.02555168408827,0.0,0.0
ZL000107,DA44,0.0,0.0050546191968317,-100.0,0.0,0.0,0.0,-100.0,0.0,2903.8375657989272,0.15183255024251463,DA44_ZL000107,DA37,0.5963545472085706,0.5963545472085706,0.0,0.1234567901234568,DA37_DA44,1.144703650963527,0.04769598545681363,DA37_ZL000107,DA44_ZL000107,0.0,0.0,80.02555168408827,0.0,0.0
ZL000107,DA44,0.0,0.0050546191968317,-100.0,0.0,0.0,0.0,-100.0,0.0,2903.8375657989272,0.15183255024251463,DA44_ZL000107,DA38,0.2912938206508908,0.2912937275936343,0.0,0.1234567901234568,DA38_DA44,0.8574015485163325,0.035725064521513854,DA38_ZL000107,DA44_ZL000107,0.0,0.0,80.02555168408827,0.0,0.0
ZL000107,DA44,0.0,0.0050546191968317,-100.0,0.0,0.0,0.0,-100.0,0.0,2903.8375657989272,0.15183255024251463,DA44_ZL000107,DA40,1.6156848666248684,1.6156848666248684,0.0,0.1234567901234568,DA40_DA44,1.233785527668648,0.051407730319527,DA40_ZL000107,DA44_ZL000107,0.0,0.0,80.02555168408827,0.0,0.0
ZL000106,DA33,2.28,0.713903564919606,219.3708663237667,1.2,8.583090704551909,-5.103090704551909,-814.82,0.0,-571.1288156242734,5.817029027677934,DA33_ZL000106,DA36,1.088349469956866,1.08834692950502,0.0,0.1282051282051282,DA36_DA33,0.8574469683224957,0.03572695701343732,DA36_ZL000106,DA33_ZL000106,0.0,0.0,101.681475029036,0.0,0.0
ZL000106,DA33,2.28,0.713903564919606,219.3708663237667,1.2,8.583090704551909,-5.103090704551909,-814.82,0.0,-571.1288156242734,5.817029027677934,DA33_ZL000106,DA40,2.423871291953057,2.423869533252862,0.0,0.1282051282051282,DA40_DA33,0.9578175718246816,0.039909065492695066,DA40_ZL000106,DA33_ZL000106,0.0,0.0,101.681475029036,0.0,0.0
ZL000106,DA34,0.92,0.7085372121289848,29.8449798050296,0.0,7.18663547087481,-6.26663547087481,-984.45,0.0,-571.1288156242734,6.97519458480379,DA34_ZL000106,DA36,1.088349469956866,1.08834692950502,0.0,0.1282051282051282,DA36_DA34,0.8081149823420368,0.033671457597584865,DA36_ZL000106,DA34_ZL000106,0.0,0.0,101.681475029036,0.0,0.0
ZL000106,DA34,0.92,0.7085372121289848,29.8449798050296,0.0,7.18663547087481,-6.26663547087481,-984.45,0.0,-571.1288156242734,6.97519458480379,DA34_ZL000106,DA40,2.423871291953057,2.423869533252862,0.0,0.1282051282051282,DA40_DA34,0.9084855858442228,0.037853566076842614,DA40_ZL000106,DA34_ZL000106,0.0,0.0,101.681475029036,0.0,0.0
ZL000106,DA37,1.44,0.3336758628228628,331.5565374785431,0.0,2.792910467354192,-1.3529104673541918,-505.46,0.0,-571.1288156242734,1.6865980162244423,DA37_ZL000106,DA36,1.088349469956866,1.08834692950502,0.0,0.1282051282051282,DA36_DA37,1.162766299832193,0.048448595826341374,DA36_ZL000106,DA37_ZL000106,0.0,0.0,101.681475029036,0.0,0.0
ZL000106,DA37,1.44,0.3336758628228628,331.5565374785431,0.0,2.792910467354192,-1.3529104673541918,-505.46,0.0,-571.1288156242734,1.6865980162244423,DA37_ZL000106,DA40,2.423871291953057,2.423869533252862,0.0,0.1282051282051282,DA40_DA37,1.263136903334379,0.05263070430559912,DA40_ZL000106,DA37_ZL000106,0.0,0.0,101.681475029036,0.0,0.0
ZL000106,DA38,1.26,0.5594221641142377,125.23240601219719,0.0,5.892359888442382,-4.632359888442382,-928.06,0.0,-571.1288156242734,5.191773336278595,DA38_ZL000106,DA36,1.088349469956866,1.08834692950502,0.0,0.1282051282051282,DA36_DA38,0.8754641973849986,0.03647767489104161,DA36_ZL000106,DA38_ZL000106,0.0,0.0,101.681475029036,0.0,0.0
ZL000106,DA38,1.26,0.5594221641142377,125.23240601219719,0.0,5.892359888442382,-4.632359888442382,-928.06,0.0,-571.1288156242734,5.191773336278595,DA38_ZL000106,DA40,2.423871291953057,2.423869533252862,0.0,0.1282051282051282,DA40_DA38,0.9758348008871847,0.04065978337029936,DA40_ZL000106,DA38_ZL000106,0.0,0.0,101.681475029036,0.0,0.0
ZL000106,DA39,0.0,0.0050546191968317,-100.0,0.0,0.0,0.0,-100.0,0.0,-571.1288156242734,0.0050546191968317,DA39_ZL000106,DA36,1.088349469956866,1.08834692950502,0.0,0.1282051282051282,DA36_DA39,1.133414924166462,0.047225621840269245,DA36_ZL000106,DA39_ZL000106,0.0,0.0,101.681475029036,0.0,0.0
ZL000106,DA39,0.0,0.0050546191968317,-100.0,0.0,0.0,0.0,-100.0,0.0,-571.1288156242734,0.0050546191968317,DA39_ZL000106,DA40,2.423871291953057,2.423869533252862,0.0,0.1282051282051282,DA40_DA39,1.233785527668648,0.051407730319527,DA40_ZL000106,DA39_ZL000106,0.0,0.0,101.681475029036,0.0,0.0
ZL000106,DA42,0.0,0.0050546191968317,-100.0,0.0,0.0,0.0,-100.0,0.0,-571.1288156242734,0.0050546191968317,DA42_ZL000106,DA36,1.088349469956866,1.08834692950502,0.0,0.1282051282051282,DA36_DA42,1.162766299832193,0.048448595826341374,DA36_ZL000106,DA42_ZL000106,0.0,0.0,101.681475029036,0.0,0.0
ZL000106,DA42,0.0,0.0050546191968317,-100.0,0.0,0.0,0.0,-100.0,0.0,-571.1288156242734,0.0050546191968317,DA42_ZL000106,DA40,2.423871291953057,2.423869533252862,0.0,0.1282051282051282,DA40_DA42,1.263136903334379,0.05263070430559912,DA40_ZL000106,DA42_ZL000106,0.0,0.0,101.681475029036,0.0,0.0
ZL000106,DA45,0.0,0.0050546191968317,-100.0,0.0,0.0,0.0,-100.0,0.0,-571.1288156242734,0.0050546191968317,DA45_ZL000106,DA36,1.088349469956866,1.08834692950502,0.0,0.1282051282051282,DA36_DA45,1.122125669682195,0.046755236236758126,DA36_ZL000106,DA45_ZL000106,0.0,0.0,101.681475029036,0.0,0.0
ZL000106,DA45,0.0,0.0050546191968317,-100.0,0.0,0.0,0.0,-100.0,0.0,-571.1288156242734,0.0050546191968317,DA45_ZL000106,DA40,2.423871291953057,2.423869533252862,0.0,0.1282051282051282,DA40_DA45,1.0,0.041666666666666664,DA40_ZL000106,DA45_ZL000106,0.0,0.0,101.681475029036,0.0,0.0
ZL000106,DA35,0.0,0.0050546191968317,-100.0,0.0,0.0,0.0,-100.0,0.0,-571.1288156242734,0.0050546191968317,DA35_ZL000106,DA36,1.088349469956866,1.08834692950502,0.0,0.1282051282051282,DA36_DA35,1.155992641604193,0.04816636006684138,DA36_ZL000106,DA35_ZL000106,0.0,0.0,101.681475029036,0.0,0.0
ZL000106,DA35,0.0,0.0050546191968317,-100.0,0.0,0.0,0.0,-100.0,0.0,-571.1288156242734,0.0050546191968317,DA35_ZL000106,DA40,2.423871291953057,2.423869533252862,0.0,0.1282051282051282,DA40_DA35,1.0,0.041666666666666664,DA40_ZL000106,DA35_ZL000106,0.0,0.0,101.681475029036,0.0,0.0
ZL000106,DA46,0.0,0.0050546191968317,-100.0,0.0,0.0,0.0,-100.0,0.0,-571.1288156242734,0.0050546191968317,DA46_ZL000106,DA36,1.088349469956866,1.08834692950502,0.0,0.1282051282051282,DA36_DA46,1.155992641604193,0.04816636006684138,DA36_ZL000106,DA46_ZL000106,0.0,0.0,101.681475029036,0.0,0.0
ZL000106,DA46,0.0,0.0050546191968317,-100.0,0.0,0.0,0.0,-100.0,0.0,-571.1288156242734,0.0050546191968317,DA46_ZL000106,DA40,2.423871291953057,2.423869533252862,0.0,0.1282051282051282,DA40_DA46,1.0,0.041666666666666664,DA40_ZL000106,DA46_ZL000106,0.0,0.0,101.681475029036,0.0,0.0
ZL000106,DA44,0.0,0.0050546191968317,-100.0,0.0,0.0,0.0,-100.0,0.0,-571.1288156242734,0.0050546191968317,DA44_ZL000106,DA36,1.088349469956866,1.08834692950502,0.0,0.1282051282051282,DA36_DA44,1.133414924166462,0.047225621840269245,DA36_ZL000106,DA44_ZL000106,0.0,0.0,101.681475029036,0.0,0.0
ZL000106,DA44,0.0,0.0050546191968317,-100.0,0.0,0.0,0.0,-100.0,0.0,-571.1288156242734,0.0050546191968317,DA44_ZL000106,DA40,2.423871291953057,2.423869533252862,0.0,0.1282051282051282,DA40_DA44,1.233785527668648,0.051407730319527,DA40_ZL000106,DA44_ZL000106,0.0,0.0,101.681475029036,0.0,0.0
ZL000097,DA34,0.6300000000000001,0.07052304139793353,793.3250573314899,0.0,0.6542224576466298,-0.02422245764662967,-134.35,0.0,2785.539721676845,2.0591950371921675,DA34_ZL000097,DA33,3.087058549213595,3.087058549213595,0.0,0.1234567901234568,DA33_DA34,0.5140843776294046,0.02142018240122519,DA33_ZL000097,DA34_ZL000097,0.0,0.0,26.41688443670151,0.0,0.0
ZL000097,DA34,0.6300000000000001,0.07052304139793353,793.3250573314899,0.0,0.6542224576466298,-0.02422245764662967,-134.35,0.0,2785.539721676845,2.0591950371921675,DA34_ZL000097,DA37,4.6181347417779275,4.618133372153198,0.0,0.1234567901234568,DA37_DA34,0.8194037091391021,0.03414182121412925,DA37_ZL000097,DA34_ZL000097,0.0,0.0,26.41688443670151,0.0,0.0
ZL000097,DA34,0.6300000000000001,0.07052304139793353,793.3250573314899,0.0,0.6542224576466298,-0.02422245764662967,-134.35,0.0,2785.539721676845,2.0591950371921675,DA34_ZL000097,DA38,0.1692849745291774,0.1692849745291774,0.0,0.1234567901234568,DA38_DA34,0.5321016066919075,0.02217090027882948,DA38_ZL000097,DA34_ZL000097,0.0,0.0,26.41688443670151,0.0,0.0
ZL000097,DA34,0.6300000000000001,0.07052304139793353,793.3250573314899,0.0,0.6542224576466298,-0.02422245764662967,-134.35,0.0,2785.539721676845,2.0591950371921675,DA34_ZL000097,DA40,0.03028570790954122,0.03028448240608924,0.0,0.1234567901234568,DA40_DA34,0.9084855858442228,0.037853566076842614,DA40_ZL000097,DA34_ZL000097,0.0,0.0,26.41688443670151,0.0,0.0
ZL000097,DA36,0.18,0.02971083881467957,505.8395090180536,0.0,0.22128112538047773,-0.041281125380477734,-238.94,0.0,2785.539721676845,0.8985982950900767,DA36_ZL000097,DA33,3.087058549213595,3.087058549213595,0.0,0.1234567901234568,DA33_DA36,0.8574469683224957,0.03572695701343732,DA33_ZL000097,DA36_ZL000097,0.0,0.0,26.41688443670151,0.0,0.0
ZL000097,DA36,0.18,0.02971083881467957,505.8395090180536,0.0,0.22128112538047773,-0.041281125380477734,-238.94,0.0,2785.539721676845,0.8985982950900767,DA36_ZL000097,DA37,4.6181347417779275,4.618133372153198,0.0,0.1234567901234568,DA37_DA36,1.162766299832193,0.048448595826341374,DA37_ZL000097,DA36_ZL000097,0.0,0.0,26.41688443670151,0.0,0.0
ZL000097,DA36,0.18,0.02971083881467957,505.8395090180536,0.0,0.22128112538047773,-0.041281125380477734,-238.94,0.0,2785.539721676845,0.8985982950900767,DA36_ZL000097,DA38,0.1692849745291774,0.1692849745291774,0.0,0.1234567901234568,DA38_DA36,0.8754641973849986,0.03647767489104161,DA38_ZL000097,DA36_ZL000097,0.0,0.0,26.41688443670151,0.0,0.0
ZL000097,DA36,0.18,0.02971083881467957,505.8395090180536,0.0,0.22128112538047773,-0.041281125380477734,-238.94,0.0,2785.539721676845,0.8985982950900767,DA36_ZL000097,DA40,0.03028570790954122,0.03028448240608924,0.0,0.1234567901234568,DA40_DA36,1.251848176537314,0.05216034068905475,DA40_ZL000097,DA36_ZL000097,0.0,0.0,26.41688443670151,0.0,0.0
ZL000097,DA39,0.0,0.0050546191968317,-100.0,0.0,0.0,0.0,-100.0,0.0,2785.539721676845,0.14585304470408184,DA39_ZL000097,DA33,3.087058549213595,3.087058549213595,0.0,0.1234567901234568,DA33_DA39,0.8393843194538297,0.034974346643909575,DA33_ZL000097,DA39_ZL000097,0.0,0.0,26.41688443670151,0.0,0.0
ZL000097,DA39,0.0,0.0050546191968317,-100.0,0.0,0.0,0.0,-100.0,0.0,2785.539721676845,0.14585304470408184,DA39_ZL000097,DA37,4.6181347417779275,4.618133372153198,0.0,0.1234567901234568,DA37_DA39,1.144703650963527,0.04769598545681363,DA37_ZL000097,DA39_ZL000097,0.0,0.0,26.41688443670151,0.0,0.0
ZL000097,DA39,0.0,0.0050546191968317,-100.0,0.0,0.0,0.0,-100.0,0.0,2785.539721676845,0.14585304470408184,DA39_ZL000097,DA38,0.1692849745291774,0.1692849745291774,0.0,0.1234567901234568,DA38_DA39,0.8574015485163325,0.035725064521513854,DA38_ZL000097,DA39_ZL000097,0.0,0.0,26.41688443670151,0.0,0.0
ZL000097,DA39,0.0,0.0050546191968317,-100.0,0.0,0.0,0.0,-100.0,0.0,2785.539721676845,0.14585304470408184,DA39_ZL000097,DA40,0.03028570790954122,0.03028448240608924,0.0,0.1234567901234568,DA40_DA39,1.233785527668648,0.051407730319527,DA40_ZL000097,DA39_ZL000097,0.0,0.0,26.41688443670151,0.0,0.0
ZL000097,DA42,0.0,0.0050546191968317,-100.0,0.0,0.0,0.0,-100.0,0.0,2785.539721676845,0.14585304470408184,DA42_ZL000097,DA33,3.087058549213595,3.087058549213595,0.0,0.1234567901234568,DA33_DA42,0.868735695119561,0.036197320629981704,DA33_ZL000097,DA42_ZL000097,0.0,0.0,26.41688443670151,0.0,0.0
ZL000097,DA42,0.0,0.0050546191968317,-100.0,0.0,0.0,0.0,-100.0,0.0,2785.539721676845,0.14585304470408184,DA42_ZL000097,DA37,4.6181347417779275,4.618133372153198,0.0,0.1234567901234568,DA37_DA42,1.174055026629258,0.04891895944288575,DA37_ZL000097,DA42_ZL000097,0.0,0.0,26.41688443670151,0.0,0.0
ZL000097,DA42,0.0,0.0050546191968317,-100.0,0.0,0.0,0.0,-100.0,0.0,2785.539721676845,0.14585304470408184,DA42_ZL000097,DA38,0.1692849745291774,0.1692849745291774,0.0,0.1234567901234568,DA38_DA42,0.8867529241820639,0.036948038507586,DA38_ZL000097,DA42_ZL000097,0.0,0.0,26.41688443670151,0.0,0.0
ZL000097,DA42,0.0,0.0050546191968317,-100.0,0.0,0.0,0.0,-100.0,0.0,2785.539721676845,0.14585304470408184,DA42_ZL000097,DA40,0.03028570790954122,0.03028448240608924,0.0,0.1234567901234568,DA40_DA42,1.263136903334379,0.05263070430559912,DA40_ZL000097,DA42_ZL000097,0.0,0.0,26.41688443670151,0.0,0.0
ZL000097,DA45,0.0,0.0050546191968317,-100.0,0.0,0.0,0.0,-100.0,0.0,2785.539721676845,0.14585304470408184,DA45_ZL000097,DA33,3.087058549213595,3.087058549213595,0.0,0.1234567901234568,DA33_DA45,1.0,0.041666666666666664,DA33_ZL000097,DA45_ZL000097,0.0,0.0,26.41688443670151,0.0,0.0
ZL000097,DA45,0.0,0.0050546191968317,-100.0,0.0,0.0,0.0,-100.0,0.0,2785.539721676845,0.14585304470408184,DA45_ZL000097,DA37,4.6181347417779275,4.618133372153198,0.0,0.1234567901234568,DA37_DA45,1.0,0.041666666666666664,DA37_ZL000097,DA45_ZL000097,0.0,0.0,26.41688443670151,0.0,0.0
ZL000097,DA45,0.0,0.0050546191968317,-100.0,0.0,0.0,0.0,-100.0,0.0,2785.539721676845,0.14585304470408184,DA45_ZL000097,DA38,0.1692849745291774,0.1692849745291774,0.0,0.1234567901234568,DA38_DA45,1.0,0.041666666666666664,DA38_ZL000097,DA45_ZL000097,0.0,0.0,26.41688443670151,0.0,0.0
ZL000097,DA45,0.0,0.0050546191968317,-100.0,0.0,0.0,0.0,-100.0,0.0,2785.539721676845,0.14585304470408184,DA45_ZL000097,DA40,0.03028570790954122,0.03028448240608924,0.0,0.1234567901234568,DA40_DA45,1.0,0.041666666666666664,DA40_ZL000097,DA45_ZL000097,0.0,0.0,26.41688443670151,0.0,0.0
ZL000097,DA35,0.0,0.0050546191968317,-100.0,0.0,0.0,0.0,-100.0,0.0,2785.539721676845,0.14585304470408184,DA35_ZL000097,DA33,3.087058549213595,3.087058549213595,0.0,0.1234567901234568,DA33_DA35,1.0,0.041666666666666664,DA33_ZL000097,DA35_ZL000097,0.0,0.0,26.41688443670151,0.0,0.0
ZL000097,DA35,0.0,0.0050546191968317,-100.0,0.0,0.0,0.0,-100.0,0.0,2785.539721676845,0.14585304470408184,DA35_ZL000097,DA37,4.6181347417779275,4.618133372153198,0.0,0.1234567901234568,DA37_DA35,1.0,0.041666666666666664,DA37_ZL000097,DA35_ZL000097,0.0,0.0,26.41688443670151,0.0,0.0
ZL000097,DA35,0.0,0.0050546191968317,-100.0,0.0,0.0,0.0,-100.0,0.0,2785.539721676845,0.14585304470408184,DA35_ZL000097,DA38,0.1692849745291774,0.1692849745291774,0.0,0.1234567901234568,DA38_DA35,1.0,0.041666666666666664,DA38_ZL000097,DA35_ZL000097,0.0,0.0,26.41688443670151,0.0,0.0
ZL000097,DA35,0.0,0.0050546191968317,-100.0,0.0,0.0,0.0,-100.0,0.0,2785.539721676845,0.14585304470408184,DA35_ZL000097,DA40,0.03028570790954122,0.03028448240608924,0.0,0.1234567901234568,DA40_DA35,1.0,0.041666666666666664,DA40_ZL000097,DA35_ZL000097,0.0,0.0,26.41688443670151,0.0,0.0
ZL000097,DA46,0.0,0.0050546191968317,-100.0,0.0,0.0,0.0,-100.0,0.0,2785.539721676845,0.14585304470408184,DA46_ZL000097,DA33,3.087058549213595,3.087058549213595,0.0,0.1234567901234568,DA33_DA46,1.0,0.041666666666666664,DA33_ZL000097,DA46_ZL000097,0.0,0.0,26.41688443670151,0.0,0.0
ZL000097,DA46,0.0,0.0050546191968317,-100.0,0.0,0.0,0.0,-100.0,0.0,2785.539721676845,0.14585304470408184,DA46_ZL000097,DA37,4.6181347417779275,4.618133372153198,0.0,0.1234567901234568,DA37_DA46,1.0,0.041666666666666664,DA37_ZL000097,DA46_ZL000097,0.0,0.0,26.41688443670151,0.0,0.0
ZL000097,DA46,0.0,0.0050546191968317,-100.0,0.0,0.0,0.0,-100.0,0.0,2785.539721676845,0.14585304470408184,DA46_ZL000097,DA38,0.1692849745291774,0.1692849745291774,0.0,0.1234567901234568,DA38_DA46,1.0,0.041666666666666664,DA38_ZL000097,DA46_ZL000097,0.0,0.0,26.41688443670151,0.0,0.0
ZL000097,DA46,0.0,0.0050546191968317,-100.0,0.0,0.0,0.0,-100.0,0.0,2785.539721676845,0.14585304470408184,DA46_ZL000097,DA40,0.03028570790954122,0.03028448240608924,0.0,0.1234567901234568,DA40_DA46,1.0,0.041666666666666664,DA40_ZL000097,DA46_ZL000097,0.0,0.0,26.41688443670151,0.0,0.0
ZL000097,DA44,0.0,0.0050546191968317,-100.0,0.0,0.0,0.0,-100.0,0.0,2785.539721676845,0.14585304470408184,DA44_ZL000097,DA33,3.087058549213595,3.087058549213595,0.0,0.1234567901234568,DA33_DA44,0.8393843194538297,0.034974346643909575,DA33_ZL000097,DA44_ZL000097,0.0,0.0,26.41688443670151,0.0,0.0
ZL000097,DA44,0.0,0.0050546191968317,-100.0,0.0,0.0,0.0,-100.0,0.0,2785.539721676845,0.14585304470408184,DA44_ZL000097,DA37,4.6181347417779275,4.618133372153198,0.0,0.1234567901234568,DA37_DA44,1.144703650963527,0.04769598545681363,DA37_ZL000097,DA44_ZL000097,0.0,0.0,26.41688443670151,0.0,0.0
ZL000097,DA44,0.0,0.0050546191968317,-100.0,0.0,0.0,0.0,-100.0,0.0,2785.539721676845,0.14585304470408184,DA44_ZL000097,DA38,0.1692849745291774,0.1692849745291774,0.0,0.1234567901234568,DA38_DA44,0.8574015485163325,0.035725064521513854,DA38_ZL000097,DA44_ZL000097,0.0,0.0,26.41688443670151,0.0,0.0
ZL000097,DA44,0.0,0.0050546191968317,-100.0,0.0,0.0,0.0,-100.0,0.0,2785.539721676845,0.14585304470408184,DA44_ZL000097,DA40,0.03028570790954122,0.03028448240608924,0.0,0.1234567901234568,DA40_DA44,1.233785527668648,0.051407730319527,DA40_ZL000097,DA44_ZL000097,0.0,0.0,26.41688443670151,0.0,0.0
ZL000096,DA34,0.8400000000000001,0.1192223907390666,604.5656397198469,0.0,1.459848394969352,-0.6198483949693518,-619.91,0.0,1832.076184861632,2.9233165501836664,DA34_ZL000096,DA33,3.032445268175151,3.0324439959574434,0.0,0.130821559392988,DA33_DA34,0.5140843776294046,0.02142018240122519,DA33_ZL000096,DA34_ZL000096,0.0,0.0,21.77409988385598,0.0,0.0
ZL000096,DA34,0.8400000000000001,0.1192223907390666,604.5656397198469,0.0,1.459848394969352,-0.6198483949693518,-619.91,0.0,1832.076184861632,2.9233165501836664,DA34_ZL000096,DA37,2.545303832486952,2.5453033357889843,0.0,0.130821559392988,DA37_DA34,0.8194037091391021,0.03414182121412925,DA37_ZL000096,DA34_ZL000096,0.0,0.0,21.77409988385598,0.0,0.0
ZL000096,DA34,0.8400000000000001,0.1192223907390666,604.5656397198469,0.0,1.459848394969352,-0.6198483949693518,-619.91,0.0,1832.076184861632,2.9233165501836664,DA34_ZL000096,DA38,0.21791341473815634,0.21791341473815634,0.0,0.130821559392988,DA38_DA34,0.5321016066919075,0.02217090027882948,DA38_ZL000096,DA34_ZL000096,0.0,0.0,21.77409988385598,0.0,0.0
ZL000096,DA34,0.8400000000000001,0.1192223907390666,604.5656397198469,0.0,1.459848394969352,-0.6198483949693518,-619.91,0.0,1832.076184861632,2.9233165501836664,DA34_ZL000096,DA40,2.163044523437743,2.1630432317961548,0.0,0.130821559392988,DA40_DA34,0.9084855858442228,0.037853566076842614,DA40_ZL000096,DA34_ZL000096,0.0,0.0,21.77409988385598,0.0,0.0
ZL000096,DA36,0.2520000000000001,0.03853889020577952,553.8849423386062,0.0,0.5018228857707148,-0.24982288577071465,-748.24,0.0,1832.076184861632,0.9944252214457832,DA36_ZL000096,DA33,3.032445268175151,3.0324439959574434,0.0,0.130821559392988,DA33_DA36,0.8574469683224957,0.03572695701343732,DA33_ZL000096,DA36_ZL000096,0.0,0.0,21.77409988385598,0.0,0.0
ZL000096,DA36,0.2520000000000001,0.03853889020577952,553.8849423386062,0.0,0.5018228857707148,-0.24982288577071465,-748.24,0.0,1832.076184861632,0.9944252214457832,DA36_ZL000096,DA37,2.545303832486952,2.5453033357889843,0.0,0.130821559392988,DA37_DA36,1.162766299832193,0.048448595826341374,DA37_ZL000096,DA36_ZL000096,0.0,0.0,21.77409988385598,0.0,0.0
ZL000096,DA36,0.2520000000000001,0.03853889020577952,553.8849423386062,0.0,0.5018228857707148,-0.24982288577071465,-748.24,0.0,1832.076184861632,0.9944252214457832,DA36_ZL000096,DA38,0.21791341473815634,0.21791341473815634,0.0,0.130821559392988,DA38_DA36,0.8754641973849986,0.03647767489104161,DA38_ZL000096,DA36_ZL000096,0.0,0.0,21.77409988385598,0.0,0.0
ZL000096,DA36,0.2520000000000001,0.03853889020577952,553.8849423386062,0.0,0.5018228857707148,-0.24982288577071465,-748.24,0.0,1832.076184861632,0.9944252214457832,DA36_ZL000096,DA40,2.163044523437743,2.1630432317961548,0.0,0.130821559392988,DA40_DA36,1.251848176537314,0.05216034068905475,DA40_ZL000096,DA36_ZL000096,0.0,0.0,21.77409988385598,0.0,0.0
ZL000096,DA39,0.0,0.0050546191968317,-100.0,0.0,0.0,0.0,-100.0,0.0,1832.076184861632,0.09765909373742958,DA39_ZL000096,DA33,3.032445268175151,3.0324439959574434,0.0,0.130821559392988,DA33_DA39,0.8393843194538297,0.034974346643909575,DA33_ZL000096,DA39_ZL000096,0.0,0.0,21.77409988385598,0.0,0.0
ZL000096,DA39,0.0,0.0050546191968317,-100.0,0.0,0.0,0.0,-100.0,0.0,1832.076184861632,0.09765909373742958,DA39_ZL000096,DA37,2.545303832486952,2.5453033357889843,0.0,0.130821559392988,DA37_DA39,1.144703650963527,0.04769598545681363,DA37_ZL000096,DA39_ZL000096,0.0,0.0,21.77409988385598,0.0,0.0
ZL000096,DA39,0.0,0.0050546191968317,-100.0,0.0,0.0,0.0,-100.0,0.0,1832.076184861632,0.09765909373742958,DA39_ZL000096,DA38,0.21791341473815634,0.21791341473815634,0.0,0.130821559392988,DA38_DA39,0.8574015485163325,0.035725064521513854,DA38_ZL000096,DA39_ZL000096,0.0,0.0,21.77409988385598,0.0,0.0
ZL000096,DA39,0.0,0.0050546191968317,-100.0,0.0,0.0,0.0,-100.0,0.0,1832.076184861632,0.09765909373742958,DA39_ZL000096,DA40,2.163044523437743,2.1630432317961548,0.0,0.130821559392988,DA40_DA39,1.233785527668648,0.051407730319527,DA40_ZL000096,DA39_ZL000096,0.0,0.0,21.77409988385598,0.0,0.0
ZL000096,DA42,0.0,0.0050546191968317,-100.0,0.0,0.0,0.0,-100.0,0.0,1832.076184861632,0.09765909373742958,DA42_ZL000096,DA33,3.032445268175151,3.0324439959574434,0.0,0.130821559392988,DA33_DA42,0.868735695119561,0.036197320629981704,DA33_ZL000096,DA42_ZL000096,0.0,0.0,21.77409988385598,0.0,0.0
ZL000096,DA42,0.0,0.0050546191968317,-100.0,0.0,0.0,0.0,-100.0,0.0,1832.076184861632,0.09765909373742958,DA42_ZL000096,DA37,2.545303832486952,2.5453033357889843,0.0,0.130821559392988,DA37_DA42,1.174055026629258,0.04891895944288575,DA37_ZL000096,DA42_ZL000096,0.0,0.0,21.77409988385598,0.0,0.0
ZL000096,DA42,0.0,0.0050546191968317,-100.0,0.0,0.0,0.0,-100.0,0.0,1832.076184861632,0.09765909373742958,DA42_ZL000096,DA38,0.21791341473815634,0.21791341473815634,0.0,0.130821559392988,DA38_DA42,0.8867529241820639,0.036948038507586,DA38_ZL000096,DA42_ZL000096,0.0,0.0,21.77409988385598,0.0,0.0
ZL000096,DA42,0.0,0.0050546191968317,-100.0,0.0,0.0,0.0,-100.0,0.0,1832.076184861632,0.09765909373742958,DA42_ZL000096,DA40,2.163044523437743,2.1630432317961548,0.0,0.130821559392988,DA40_DA42,1.263136903334379,0.05263070430559912,DA40_ZL000096,DA42_ZL000096,0.0,0.0,21.77409988385598,0.0,0.0
ZL000096,DA45,0.0,0.0050546191968317,-100.0,0.0,0.0,0.0,-100.0,0.0,1832.076184861632,0.09765909373742958,DA45_ZL000096,DA33,3.032445268175151,3.0324439959574434,0.0,0.130821559392988,DA33_DA45,1.0,0.041666666666666664,DA33_ZL000096,DA45_ZL000096,0.0,0.0,21.77409988385598,0.0,0.0
ZL000096,DA45,0.0,0.0050546191968317,-100.0,0.0,0.0,0.0,-100.0,0.0,1832.076184861632,0.09765909373742958,DA45_ZL000096,DA37,2.545303832486952,2.5453033357889843,0.0,0.130821559392988,DA37_DA45,1.0,0.041666666666666664,DA37_ZL000096,DA45_ZL000096,0.0,0.0,21.77409988385598,0.0,0.0
ZL000096,DA45,0.0,0.0050546191968317,-100.0,0.0,0.0,0.0,-100.0,0.0,1832.076184861632,0.09765909373742958,DA45_ZL000096,DA38,0.21791341473815634,0.21791341473815634,0.0,0.130821559392988,DA38_DA45,1.0,0.041666666666666664,DA38_ZL000096,DA45_ZL000096,0.0,0.0,21.77409988385598,0.0,0.0
ZL000096,DA45,0.0,0.0050546191968317,-100.0,0.0,0.0,0.0,-100.0,0.0,1832.076184861632,0.09765909373742958,DA45_ZL000096,DA40,2.163044523437743,2.1630432317961548,0.0,0.130821559392988,DA40_DA45,1.0,0.041666666666666664,DA40_ZL000096,DA45_ZL000096,0.0,0.0,21.77409988385598,0.0,0.0
ZL000096,DA35,0.0,0.0050546191968317,-100.0,0.0,0.0,0.0,-100.0,0.0,1832.076184861632,0.09765909373742958,DA35_ZL000096,DA33,3.032445268175151,3.0324439959574434,0.0,0.130821559392988,DA33_DA35,1.0,0.041666666666666664,DA33_ZL000096,DA35_ZL000096,0.0,0.0,21.77409988385598,0.0,0.0
ZL000096,DA35,0.0,0.0050546191968317,-100.0,0.0,0.0,0.0,-100.0,0.0,1832.076184861632,0.09765909373742958,DA35_ZL000096,DA37,2.545303832486952,2.5453033357889843,0.0,0.130821559392988,DA37_DA35,1.0,0.041666666666666664,DA37_ZL000096,DA35_ZL000096,0.0,0.0,21.77409988385598,0.0,0.0
ZL000096,DA35,0.0,0.0050546191968317,-100.0,0.0,0.0,0.0,-100.0,0.0,1832.076184861632,0.09765909373742958,DA35_ZL000096,DA38,0.21791341473815634,0.21791341473815634,0.0,0.130821559392988,DA38_DA35,1.0,0.041666666666666664,DA38_ZL000096,DA35_ZL000096,0.0,0.0,21.77409988385598,0.0,0.0
ZL000096,DA35,0.0,0.0050546191968317,-100.0,0.0,0.0,0.0,-100.0,0.0,1832.076184861632,0.09765909373742958,DA35_ZL000096,DA40,2.163044523437743,2.1630432317961548,0.0,0.130821559392988,DA40_DA35,1.0,0.041666666666666664,DA40_ZL000096,DA35_ZL000096,0.0,0.0,21.77409988385598,0.0,0.0
ZL000096,DA46,0.0,0.0050546191968317,-100.0,0.0,0.0,0.0,-100.0,0.0,1832.076184861632,0.09765909373742958,DA46_ZL000096,DA33,3.032445268175151,3.0324439959574434,0.0,0.130821559392988,DA33_DA46,1.0,0.041666666666666664,DA33_ZL000096,DA46_ZL000096,0.0,0.0,21.77409988385598,0.0,0.0
ZL000096,DA46,0.0,0.0050546191968317,-100.0,0.0,0.0,0.0,-100.0,0.0,1832.076184861632,0.09765909373742958,DA46_ZL000096,DA37,2.545303832486952,2.5453033357889843,0.0,0.130821559392988,DA37_DA46,1.0,0.041666666666666664,DA37_ZL000096,DA46_ZL000096,0.0,0.0,21.77409988385598,0.0,0.0
ZL000096,DA46,0.0,0.0050546191968317,-100.0,0.0,0.0,0.0,-100.0,0.0,1832.076184861632,0.09765909373742958,DA46_ZL000096,DA38,0.21791341473815634,0.21791341473815634,0.0,0.130821559392988,DA38_DA46,1.0,0.041666666666666664,DA38_ZL000096,DA46_ZL000096,0.0,0.0,21.77409988385598,0.0,0.0
ZL000096,DA46,0.0,0.0050546191968317,-100.0,0.0,0.0,0.0,-100.0,0.0,1832.076184861632,0.09765909373742958,DA46_ZL000096,DA40,2.163044523437743,2.1630432317961548,0.0,0.130821559392988,DA40_DA46,1.0,0.041666666666666664,DA40_ZL000096,DA46_ZL000096,0.0,0.0,21.77409988385598,0.0,0.0
ZL000096,DA44,0.0,0.0050546191968317,-100.0,0.0,0.0,0.0,-100.0,0.0,1832.076184861632,0.09765909373742958,DA44_ZL000096,DA33,3.032445268175151,3.0324439959574434,0.0,0.130821559392988,DA33_DA44,0.8393843194538297,0.034974346643909575,DA33_ZL000096,DA44_ZL000096,0.0,0.0,21.77409988385598,0.0,0.0
ZL000096,DA44,0.0,0.0050546191968317,-100.0,0.0,0.0,0.0,-100.0,0.0,1832.076184861632,0.09765909373742958,DA44_ZL000096,DA37,2.545303832486952,2.5453033357889843,0.0,0.130821559392988,DA37_DA44,1.144703650963527,0.04769598545681363,DA37_ZL000096,DA44_ZL000096,0.0,0.0,21.77409988385598,0.0,0.0
ZL000096,DA44,0.0,0.0050546191968317,-100.0,0.0,0.0,0.0,-100.0,0.0,1832.076184861632,0.09765909373742958,DA44_ZL000096,DA38,0.21791341473815634,0.21791341473815634,0.0,0.130821559392988,DA38_DA44,0.8574015485163325,0.035725064521513854,DA38_ZL000096,DA44_ZL000096,0.0,0.0,21.77409988385598,0.0,0.0
ZL000096,DA44,0.0,0.0050546191968317,-100.0,0.0,0.0,0.0,-100.0,0.0,1832.076184861632,0.09765909373742958,DA44_ZL000096,DA40,2.163044523437743,2.1630432317961548,0.0,0.130821559392988,DA40_DA44,1.233785527668648,0.051407730319527,DA40_ZL000096,DA44_ZL000096,0.0,0.0,21.77409988385598,0.0,0.0
ZL000089,DA33,0.028,0.002397201284607739,1068.0287416741362,0.0,0.03524567267674304,-0.007245672676743042,-402.26,0.0,10303.620524662781,0.25664150546578596,DA33_ZL000089,DA34,0.39251514322520087,0.39251514322520087,0.0,0.1322751322751323,DA34_DA33,0.5140843776294046,0.02142018240122519,DA34_ZL000089,DA33_ZL000089,0.0,0.0,26.41688443670151,0.0,0.0
ZL000089,DA33,0.028,0.002397201284607739,1068.0287416741362,0.0,0.03524567267674304,-0.007245672676743042,-402.26,0.0,10303.620524662781,0.25664150546578596,DA33_ZL000089,DA38,3.102718121624475,3.102717935204331,0.0,0.1322751322751323,DA38_DA33,0.5814335926723664,0.024226399694681933,DA38_ZL000089,DA33_ZL000089,0.0,0.0,26.41688443670151,0.0,0.0
ZL000089,DA33,0.028,0.002397201284607739,1068.0287416741362,0.0,0.03524567267674304,-0.007245672676743042,-402.26,0.0,10303.620524662781,0.25664150546578596,DA33_ZL000089,DA39,0.00894515959263306,0.00894515959263306,0.0,0.1322751322751323,DA39_DA33,0.8393843194538297,0.034974346643909575,DA39_ZL000089,DA33_ZL000089,0.0,0.0,26.41688443670151,0.0,0.0
ZL000089,DA33,0.028,0.002397201284607739,1068.0287416741362,0.0,0.03524567267674304,-0.007245672676743042,-402.26,0.0,10303.620524662781,0.25664150546578596,DA33_ZL000089,DA42,1.2393067263854896,1.2393067263854896,0.0,0.1322751322751323,DA42_DA33,0.868735695119561,0.036197320629981704,DA42_ZL000089,DA33_ZL000089,0.0,0.0,26.41688443670151,0.0,0.0
ZL000089,DA33,0.028,0.002397201284607739,1068.0287416741362,0.0,0.03524567267674304,-0.007245672676743042,-402.26,0.0,10303.620524662781,0.25664150546578596,DA33_ZL000089,DA44,0.27351077338147417,0.27351070962042917,0.0,0.1322751322751323,DA44_DA33,0.8393843194538297,0.034974346643909575,DA44_ZL000089,DA33_ZL000089,0.0,0.0,26.41688443670151,0.0,0.0
ZL000089,DA45,0.0,0.003506297546485447,-100.0,0.0,0.051413412436716925,-0.051413412436716925,-1566.32,0.0,10303.620524662781,0.4161954333855329,DA45_ZL000089,DA34,0.39251514322520087,0.39251514322520087,0.0,0.1322751322751323,DA34_DA45,1.0,0.041666666666666664,DA34_ZL000089,DA45_ZL000089,0.0,0.0,26.41688443670151,0.0,0.0
ZL000089,DA45,0.0,0.003506297546485447,-100.0,0.0,0.051413412436716925,-0.051413412436716925,-1566.32,0.0,10303.620524662781,0.4161954333855329,DA45_ZL000089,DA38,3.102718121624475,3.102717935204331,0.0,0.1322751322751323,DA38_DA45,1.0,0.041666666666666664,DA38_ZL000089,DA45_ZL000089,0.0,0.0,26.41688443670151,0.0,0.0
ZL000089,DA45,0.0,0.003506297546485447,-100.0,0.0,0.051413412436716925,-0.051413412436716925,-1566.32,0.0,10303.620524662781,0.4161954333855329,DA45_ZL000089,DA39,0.00894515959263306,0.00894515959263306,0.0,0.1322751322751323,DA39_DA45,1.0,0.041666666666666664,DA39_ZL000089,DA45_ZL000089,0.0,0.0,26.41688443670151,0.0,0.0
ZL000089,DA45,0.0,0.003506297546485447,-100.0,0.0,0.051413412436716925,-0.051413412436716925,-1566.32,0.0,10303.620524662781,0.4161954333855329,DA45_ZL000089,DA42,1.2393067263854896,1.2393067263854896,0.0,0.1322751322751323,DA42_DA45,1.0,0.041666666666666664,DA42_ZL000089,DA45_ZL000089,0.0,0.0,26.41688443670151,0.0,0.0
ZL000089,DA45,0.0,0.003506297546485447,-100.0,0.0,0.051413412436716925,-0.051413412436716925,-1566.32,0.0,10303.620524662781,0.4161954333855329,DA45_ZL000089,DA44,0.27351077338147417,0.27351070962042917,0.0,0.1322751322751323,DA44_DA45,1.0,0.041666666666666664,DA44_ZL000089,DA45_ZL000089,0.0,0.0,26.41688443670151,0.0,0.0
ZL000089,DA35,0.0,0.002517844880565965,-100.0,0.0,0.03653909185754096,-0.03653909185754096,-1551.21,0.0,10303.620524662781,0.2984862434649932,DA35_ZL000089,DA34,0.39251514322520087,0.39251514322520087,0.6195199782418046,0.1322751322751323,DA34_DA35,1.0,0.041666666666666664,DA34_ZL000089,DA35_ZL000089,0.007,0.007,26.41688443670151,0.023451667047499857,0.6195199782418046
ZL000089,DA35,0.0,0.002517844880565965,-100.0,0.0,0.03653909185754096,-0.03653909185754096,-1551.21,0.0,10303.620524662781,0.2984862434649932,DA35_ZL000089,DA38,3.102718121624475,3.102717935204331,0.6195199782418046,0.1322751322751323,DA38_DA35,1.0,0.041666666666666664,DA38_ZL000089,DA35_ZL000089,0.007,0.007,26.41688443670151,0.023451667047499857,0.6195199782418046
ZL000089,DA35,0.0,0.002517844880565965,-100.0,0.0,0.03653909185754096,-0.03653909185754096,-1551.21,0.0,10303.620524662781,0.2984862434649932,DA35_ZL000089,DA39,0.00894515959263306,0.00894515959263306,0.6195199782418046,0.1322751322751323,DA39_DA35,1.0,0.041666666666666664,DA39_ZL000089,DA35_ZL000089,0.007,0.007,26.41688443670151,0.023451667047499857,0.6195199782418046
ZL000089,DA35,0.0,0.002517844880565965,-100.0,0.0,0.03653909185754096,-0.03653909185754096,-1551.21,0.0,10303.620524662781,0.2984862434649932,DA35_ZL000089,DA42,1.2393067263854896,1.2393067263854896,0.6195199782418046,0.1322751322751323,DA42_DA35,1.0,0.041666666666666664,DA42_ZL000089,DA35_ZL000089,0.007,0.007,26.41688443670151,0.023451667047499857,0.6195199782418046
ZL000089,DA35,0.0,0.002517844880565965,-100.0,0.0,0.03653909185754096,-0.03653909185754096,-1551.21,0.0,10303.620524662781,0.2984862434649932,DA35_ZL000089,DA44,0.27351077338147417,0.27351070962042917,0.6195199782418046,0.1322751322751323,DA44_DA35,1.0,0.041666666666666664,DA44_ZL000089,DA35_ZL000089,0.007,0.007,26.41688443670151,0.023451667047499857,0.6195199782418046
ZL000089,DA46,0.0,0.00185238360946401,-100.0,0.0,0.02716180279675611,-0.02716180279675611,-1566.32,0.0,10303.620524662781,0.21987683273197967,DA46_ZL000089,DA34,0.39251514322520087,0.39251514322520087,0.0,0.1322751322751323,DA34_DA46,1.0,0.041666666666666664,DA34_ZL000089,DA46_ZL000089,0.0,0.0,26.41688443670151,0.0,0.0
ZL000089,DA46,0.0,0.00185238360946401,-100.0,0.0,0.02716180279675611,-0.02716180279675611,-1566.32,0.0,10303.620524662781,0.21987683273197967,DA46_ZL000089,DA38,3.102718121624475,3.102717935204331,0.0,0.1322751322751323,DA38_DA46,1.0,0.041666666666666664,DA38_ZL000089,DA46_ZL000089,0.0,0.0,26.41688443670151,0.0,0.0
ZL000089,DA46,0.0,0.00185238360946401,-100.0,0.0,0.02716180279675611,-0.02716180279675611,-1566.32,0.0,10303.620524662781,0.21987683273197967,DA46_ZL000089,DA39,0.00894515959263306,0.00894515959263306,0.0,0.1322751322751323,DA39_DA46,1.0,0.041666666666666664,DA39_ZL000089,DA46_ZL000089,0.0,0.0,26.41688443670151,0.0,0.0
ZL000089,DA46,0.0,0.00185238360946401,-100.0,0.0,0.02716180279675611,-0.02716180279675611,-1566.32,0.0,10303.620524662781,0.21987683273197967,DA46_ZL000089,DA42,1.2393067263854896,1.2393067263854896,0.0,0.1322751322751323,DA42_DA46,1.0,0.041666666666666664,DA42_ZL000089,DA46_ZL000089,0.0,0.0,26.41688443670151,0.0,0.0
ZL000089,DA46,0.0,0.00185238360946401,-100.0,0.0,0.02716180279675611,-0.02716180279675611,-1566.32,0.0,10303.620524662781,0.21987683273197967,DA46_ZL000089,DA44,0.27351077338147417,0.27351070962042917,0.0,0.1322751322751323,DA44_DA46,1.0,0.041666666666666664,DA44_ZL000089,DA46_ZL000089,0.0,0.0,26.41688443670151,0.0,0.0
ZL000089,DA36,0.0,0.007012595092970895,-100.0,0.0,0.10282682487343385,-0.10282682487343385,-1566.32,0.0,10303.620524662781,0.8323908667710659,DA36_ZL000089,DA34,0.39251514322520087,0.39251514322520087,1.9993776793443852,0.1322751322751323,DA34_DA36,0.8081149823420368,0.033671457597584865,DA34_ZL000089,DA36_ZL000089,0.063,0.063,26.41688443670151,0.07568559737372396,1.9993776793443852
ZL000089,DA36,0.0,0.007012595092970895,-100.0,0.0,0.10282682487343385,-0.10282682487343385,-1566.32,0.0,10303.620524662781,0.8323908667710659,DA36_ZL000089,DA38,3.102718121624475,3.102717935204331,1.9993776793443852,0.1322751322751323,DA38_DA36,0.8754641973849986,0.03647767489104161,DA38_ZL000089,DA36_ZL000089,0.063,0.063,26.41688443670151,0.07568559737372396,1.9993776793443852
ZL000089,DA36,0.0,0.007012595092970895,-100.0,0.0,0.10282682487343385,-0.10282682487343385,-1566.32,0.0,10303.620524662781,0.8323908667710659,DA36_ZL000089,DA39,0.00894515959263306,0.00894515959263306,1.9993776793443852,0.1322751322751323,DA39_DA36,1.133414924166462,0.047225621840269245,DA39_ZL000089,DA36_ZL000089,0.063,0.063,26.41688443670151,0.07568559737372396,1.9993776793443852
ZL000089,DA36,0.0,0.007012595092970895,-100.0,0.0,0.10282682487343385,-0.10282682487343385,-1566.32,0.0,10303.620524662781,0.8323908667710659,DA36_ZL000089,DA42,1.2393067263854896,1.2393067263854896,1.9993776793443852,0.1322751322751323,DA42_DA36,1.162766299832193,0.048448595826341374,DA42_ZL000089,DA36_ZL000089,0.063,0.063,26.41688443670151,0.07568559737372396,1.9993776793443852
ZL000089,DA36,0.0,0.007012595092970895,-100.0,0.0,0.10282682487343385,-0.10282682487343385,-1566.32,0.0,10303.620524662781,0.8323908667710659,DA36_ZL000089,DA44,0.27351077338147417,0.27351070962042917,1.9993776793443852,0.1322751322751323,DA44_DA36,1.133414924166462,0.047225621840269245,DA44_ZL000089,DA36_ZL000089,0.063,0.063,26.41688443670151,0.07568559737372396,1.9993776793443852
ZL000089,DA37,0.0,0.0001984696724425725,-100.0,0.0,0.002910193156795298,-0.002910193156795298,-1566.32,0.0,10303.620524662781,0.023558232078426392,DA37_ZL000089,DA34,0.39251514322520087,0.39251514322520087,23.548226001167205,0.1322751322751323,DA34_DA37,0.8194037091391021,0.03414182121412925,DA34_ZL000089,DA37_ZL000089,0.021,0.021,26.41688443670151,0.8914081468460824,23.548226001167205
ZL000089,DA37,0.0,0.0001984696724425725,-100.0,0.0,0.002910193156795298,-0.002910193156795298,-1566.32,0.0,10303.620524662781,0.023558232078426392,DA37_ZL000089,DA38,3.102718121624475,3.102717935204331,23.548226001167205,0.1322751322751323,DA38_DA37,0.8867529241820639,0.036948038507586,DA38_ZL000089,DA37_ZL000089,0.021,0.021,26.41688443670151,0.8914081468460824,23.548226001167205
ZL000089,DA37,0.0,0.0001984696724425725,-100.0,0.0,0.002910193156795298,-0.002910193156795298,-1566.32,0.0,10303.620524662781,0.023558232078426392,DA37_ZL000089,DA39,0.00894515959263306,0.00894515959263306,23.548226001167205,0.1322751322751323,DA39_DA37,1.144703650963527,0.04769598545681363,DA39_ZL000089,DA37_ZL000089,0.021,0.021,26.41688443670151,0.8914081468460824,23.548226001167205
ZL000089,DA37,0.0,0.0001984696724425725,-100.0,0.0,0.002910193156795298,-0.002910193156795298,-1566.32,0.0,10303.620524662781,0.023558232078426392,DA37_ZL000089,DA42,1.2393067263854896,1.2393067263854896,23.548226001167205,0.1322751322751323,DA42_DA37,1.174055026629258,0.04891895944288575,DA42_ZL000089,DA37_ZL000089,0.021,0.021,26.41688443670151,0.8914081468460824,23.548226001167205
ZL000089,DA37,0.0,0.0001984696724425725,-100.0,0.0,0.002910193156795298,-0.002910193156795298,-1566.32,0.0,10303.620524662781,0.023558232078426392,DA37_ZL000089,DA44,0.27351077338147417,0.27351070962042917,23.548226001167205,0.1322751322751323,DA44_DA37,1.144703650963527,0.04769598545681363,DA44_ZL000089,DA37_ZL000089,0.021,0.021,26.41688443670151,0.8914081468460824,23.548226001167205
ZL000089,DA40,0.0,0.0026462622992343,-100.0,0.0,0.0388025754239373,-0.0388025754239373,-1566.32,0.0,10303.620524662781,0.3141097610456852,DA40_ZL000089,DA34,0.39251514322520087,0.39251514322520087,0.0,0.1322751322751323,DA34_DA40,0.9084855858442228,0.037853566076842614,DA34_ZL000089,DA40_ZL000089,0.0,0.0,26.41688443670151,0.0,0.0
ZL000089,DA40,0.0,0.0026462622992343,-100.0,0.0,0.0388025754239373,-0.0388025754239373,-1566.32,0.0,10303.620524662781,0.3141097610456852,DA40_ZL000089,DA38,3.102718121624475,3.102717935204331,0.0,0.1322751322751323,DA38_DA40,0.9758348008871847,0.04065978337029936,DA38_ZL000089,DA40_ZL000089,0.0,0.0,26.41688443670151,0.0,0.0
ZL000089,DA40,0.0,0.0026462622992343,-100.0,0.0,0.0388025754239373,-0.0388025754239373,-1566.32,0.0,10303.620524662781,0.3141097610456852,DA40_ZL000089,DA39,0.00894515959263306,0.00894515959263306,0.0,0.1322751322751323,DA39_DA40,1.233785527668648,0.051407730319527,DA39_ZL000089,DA40_ZL000089,0.0,0.0,26.41688443670151,0.0,0.0
ZL000089,DA40,0.0,0.0026462622992343,-100.0,0.0,0.0388025754239373,-0.0388025754239373,-1566.32,0.0,10303.620524662781,0.3141097610456852,DA40_ZL000089,DA42,1.2393067263854896,1.2393067263854896,0.0,0.1322751322751323,DA42_DA40,1.263136903334379,0.05263070430559912,DA42_ZL000089,DA40_ZL000089,0.0,0.0,26.41688443670151,0.0,0.0
ZL000089,DA40,0.0,0.0026462622992343,-100.0,0.0,0.0388025754239373,-0.0388025754239373,-1566.32,0.0,10303.620524662781,0.3141097610456852,DA40_ZL000089,DA44,0.27351077338147417,0.27351070962042917,0.0,0.1322751322751323,DA44_DA40,1.233785527668648,0.051407730319527,DA44_ZL000089,DA40_ZL000089,0.0,0.0,26.41688443670151,0.0,0.0
ZL000088,DA33,0.602,0.07987324496930315,653.6941816140816,0.0,0.7908019395279171,-0.18880193952791713,-336.38,0.0,712.9887796128899,0.8381648959715903,DA33_ZL000088,DA34,12.390487056936518,12.390487056936518,0.0,0.1322751322751323,DA34_DA33,0.5140843776294046,0.02142018240122519,DA34_ZL000088,DA33_ZL000088,0.0,0.0,26.41688443670151,0.0,0.0
ZL000088,DA33,0.602,0.07987324496930315,653.6941816140816,0.0,0.7908019395279171,-0.18880193952791713,-336.38,0.0,712.9887796128899,0.8381648959715903,DA33_ZL000088,DA36,1.0464463541885805,1.0464463541885805,0.0,0.1322751322751323,DA36_DA33,0.8574469683224957,0.03572695701343732,DA36_ZL000088,DA33_ZL000088,0.0,0.0,26.41688443670151,0.0,0.0
ZL000088,DA33,0.602,0.07987324496930315,653.6941816140816,0.0,0.7908019395279171,-0.18880193952791713,-336.38,0.0,712.9887796128899,0.8381648959715903,DA33_ZL000088,DA37,0.8961813197166438,0.8961782897501239,0.0,0.1322751322751323,DA37_DA33,0.868735695119561,0.036197320629981704,DA37_ZL000088,DA33_ZL000088,0.0,0.0,26.41688443670151,0.0,0.0
ZL000088,DA33,0.602,0.07987324496930315,653.6941816140816,0.0,0.7908019395279171,-0.18880193952791713,-336.38,0.0,712.9887796128899,0.8381648959715903,DA33_ZL000088,DA39,0.8582060592568692,0.8582060592568692,0.0,0.1322751322751323,DA39_DA33,0.8393843194538297,0.034974346643909575,DA39_ZL000088,DA33_ZL000088,0.0,0.0,26.41688443670151,0.0,0.0
ZL000088,DA33,0.602,0.07987324496930315,653.6941816140816,0.0,0.7908019395279171,-0.18880193952791713,-336.38,0.0,712.9887796128899,0.8381648959715903,DA33_ZL000088,DA42,1.3918483078808128,1.391847373804105,0.0,0.1322751322751323,DA42_DA33,0.868735695119561,0.036197320629981704,DA42_ZL000088,DA33_ZL000088,0.0,0.0,26.41688443670151,0.0,0.0
ZL000088,DA33,0.602,0.07987324496930315,653.6941816140816,0.0,0.7908019395279171,-0.18880193952791713,-336.38,0.0,712.9887796128899,0.8381648959715903,DA33_ZL000088,DA44,2.0377461305327103,2.0377446854203036,0.0,0.1322751322751323,DA44_DA33,0.8393843194538297,0.034974346643909575,DA44_ZL000088,DA33_ZL000088,0.0,0.0,26.41688443670151,0.0,0.0
ZL000088,DA35,0.588,0.1667835858136137,252.55267904907015,0.504,1.1525634962436175,-0.060563496243617454,-136.31,0.0,712.9887796128899,1.4164909589096377,DA35_ZL000088,DA34,12.390487056936518,12.390487056936518,0.0,0.1322751322751323,DA34_DA35,1.0,0.041666666666666664,DA34_ZL000088,DA35_ZL000088,0.0,0.0,26.41688443670151,0.0,0.0
ZL000088,DA35,0.588,0.1667835858136137,252.55267904907015,0.504,1.1525634962436175,-0.060563496243617454,-136.31,0.0,712.9887796128899,1.4164909589096377,DA35_ZL000088,DA36,1.0464463541885805,1.0464463541885805,0.0,0.1322751322751323,DA36_DA35,1.155992641604193,0.04816636006684138,DA36_ZL000088,DA35_ZL000088,0.0,0.0,26.41688443670151,0.0,0.0
ZL000088,DA35,0.588,0.1667835858136137,252.55267904907015,0.504,1.1525634962436175,-0.060563496243617454,-136.31,0.0,712.9887796128899,1.4164909589096377,DA35_ZL000088,DA37,0.8961813197166438,0.8961782897501239,0.0,0.1322751322751323,DA37_DA35,1.0,0.041666666666666664,DA37_ZL000088,DA35_ZL000088,0.0,0.0,26.41688443670151,0.0,0.0
ZL000088,DA35,0.588,0.1667835858136137,252.55267904907015,0.504,1.1525634962436175,-0.060563496243617454,-136.31,0.0,712.9887796128899,1.4164909589096377,DA35_ZL000088,DA39,0.8582060592568692,0.8582060592568692,0.0,0.1322751322751323,DA39_DA35,1.0,0.041666666666666664,DA39_ZL000088,DA35_ZL000088,0.0,0.0,26.41688443670151,0.0,0.0
ZL000088,DA35,0.588,0.1667835858136137,252.55267904907015,0.504,1.1525634962436175,-0.060563496243617454,-136.31,0.0,712.9887796128899,1.4164909589096377,DA35_ZL000088,DA42,1.3918483078808128,1.391847373804105,0.0,0.1322751322751323,DA42_DA35,1.0,0.041666666666666664,DA42_ZL000088,DA35_ZL000088,0.0,0.0,26.41688443670151,0.0,0.0
ZL000088,DA35,0.588,0.1667835858136137,252.55267904907015,0.504,1.1525634962436175,-0.060563496243617454,-136.31,0.0,712.9887796128899,1.4164909589096377,DA35_ZL000088,DA44,2.0377461305327103,2.0377446854203036,0.0,0.1322751322751323,DA44_DA35,1.0,0.041666666666666664,DA44_ZL000088,DA35_ZL000088,0.0,0.0,26.41688443670151,0.0,0.0
ZL000088,DA38,0.9239999999999999,0.1744115557608143,429.7814103941377,0.0,1.7382201627559244,-0.8142201627559245,-566.84,0.0,712.9887796128899,2.2321692855974846,DA38_ZL000088,DA34,12.390487056936518,12.390487056936518,0.0,0.1322751322751323,DA34_DA38,0.5321016066919075,0.02217090027882948,DA34_ZL000088,DA38_ZL000088,0.0,0.0,26.41688443670151,0.0,0.0
ZL000088,DA38,0.9239999999999999,0.1744115557608143,429.7814103941377,0.0,1.7382201627559244,-0.8142201627559245,-566.84,0.0,712.9887796128899,2.2321692855974846,DA38_ZL000088,DA36,1.0464463541885805,1.0464463541885805,0.0,0.1322751322751323,DA36_DA38,0.8754641973849986,0.03647767489104161,DA36_ZL000088,DA38_ZL000088,0.0,0.0,26.41688443670151,0.0,0.0
ZL000088,DA38,0.9239999999999999,0.1744115557608143,429.7814103941377,0.0,1.7382201627559244,-0.8142201627559245,-566.84,0.0,712.9887796128899,2.2321692855974846,DA38_ZL000088,DA37,0.8961813197166438,0.8961782897501239,0.0,0.1322751322751323,DA37_DA38,0.8867529241820639,0.036948038507586,DA37_ZL000088,DA38_ZL000088,0.0,0.0,26.41688443670151,0.0,0.0
ZL000088,DA38,0.9239999999999999,0.1744115557608143,429.7814103941377,0.0,1.7382201627559244,-0.8142201627559245,-566.84,0.0,712.9887796128899,2.2321692855974846,DA38_ZL000088,DA39,0.8582060592568692,0.8582060592568692,0.0,0.1322751322751323,DA39_DA38,0.8574015485163325,0.035725064521513854,DA39_ZL000088,DA38_ZL000088,0.0,0.0,26.41688443670151,0.0,0.0
ZL000088,DA38,0.9239999999999999,0.1744115557608143,429.7814103941377,0.0,1.7382201627559244,-0.8142201627559245,-566.84,0.0,712.9887796128899,2.2321692855974846,DA38_ZL000088,DA42,1.3918483078808128,1.391847373804105,0.0,0.1322751322751323,DA42_DA38,0.8867529241820639,0.036948038507586,DA42_ZL000088,DA38_ZL000088,0.0,0.0,26.41688443670151,0.0,0.0
ZL000088,DA38,0.9239999999999999,0.1744115557608143,429.7814103941377,0.0,1.7382201627559244,-0.8142201627559245,-566.84,0.0,712.9887796128899,2.2321692855974846,DA38_ZL000088,DA44,2.0377461305327103,2.0377446854203036,0.0,0.1322751322751323,DA44_DA38,0.8574015485163325,0.035725064521513854,DA44_ZL000088,DA38_ZL000088,0.0,0.0,26.41688443670151,0.0,0.0
ZL000088,DA40,2.695,0.4270767009678288,531.0341898522371,0.84,3.855848787433193,-0.3208487874331931,-175.13,0.0,712.9887796128899,3.792948384646472,DA40_ZL000088,DA34,12.390487056936518,12.390487056936518,0.0,0.1322751322751323,DA34_DA40,0.9084855858442228,0.037853566076842614,DA34_ZL000088,DA40_ZL000088,0.0,0.0,26.41688443670151,0.0,0.0
ZL000088,DA40,2.695,0.4270767009678288,531.0341898522371,0.84,3.855848787433193,-0.3208487874331931,-175.13,0.0,712.9887796128899,3.792948384646472,DA40_ZL000088,DA36,1.0464463541885805,1.0464463541885805,0.0,0.1322751322751323,DA36_DA40,1.251848176537314,0.05216034068905475,DA36_ZL000088,DA40_ZL000088,0.0,0.0,26.41688443670151,0.0,0.0
ZL000088,DA40,2.695,0.4270767009678288,531.0341898522371,0.84,3.855848787433193,-0.3208487874331931,-175.13,0.0,712.9887796128899,3.792948384646472,DA40_ZL000088,DA37,0.8961813197166438,0.8961782897501239,0.0,0.1322751322751323,DA37_DA40,1.263136903334379,0.05263070430559912,DA37_ZL000088,DA40_ZL000088,0.0,0.0,26.41688443670151,0.0,0.0
ZL000088,DA40,2.695,0.4270767009678288,531.0341898522371,0.84,3.855848787433193,-0.3208487874331931,-175.13,0.0,712.9887796128899,3.792948384646472,DA40_ZL000088,DA39,0.8582060592568692,0.8582060592568692,0.0,0.1322751322751323,DA39_DA40,1.233785527668648,0.051407730319527,DA39_ZL000088,DA40_ZL000088,0.0,0.0,26.41688443670151,0.0,0.0
ZL000088,DA40,2.695,0.4270767009678288,531.0341898522371,0.84,3.855848787433193,-0.3208487874331931,-175.13,0.0,712.9887796128899,3.792948384646472,DA40_ZL000088,DA42,1.3918483078808128,1.391847373804105,0.0,0.1322751322751323,DA42_DA40,1.263136903334379,0.05263070430559912,DA42_ZL000088,DA40_ZL000088,0.0,0.0,26.41688443670151,0.0,0.0
ZL000088,DA40,2.695,0.4270767009678288,531.0341898522371,0.84,3.855848787433193,-0.3208487874331931,-175.13,0.0,712.9887796128899,3.792948384646472,DA40_ZL000088,DA44,2.0377461305327103,2.0377446854203036,0.0,0.1322751322751323,DA44_DA40,1.233785527668648,0.051407730319527,DA44_ZL000088,DA40_ZL000088,0.0,0.0,26.41688443670151,0.0,0.0
ZL000088,DA45,1.267,0.241601523026231,424.4172239189237,0.504,2.0823348142659803,-0.3113348142659804,-228.86,0.0,712.9887796128899,2.2755209961487117,DA45_ZL000088,DA34,12.390487056936518,12.390487056936518,0.0,0.1322751322751323,DA34_DA45,1.0,0.041666666666666664,DA34_ZL000088,DA45_ZL000088,0.0,0.0,26.41688443670151,0.0,0.0
ZL000088,DA45,1.267,0.241601523026231,424.4172239189237,0.504,2.0823348142659803,-0.3113348142659804,-228.86,0.0,712.9887796128899,2.2755209961487117,DA45_ZL000088,DA36,1.0464463541885805,1.0464463541885805,0.0,0.1322751322751323,DA36_DA45,1.122125669682195,0.046755236236758126,DA36_ZL000088,DA45_ZL000088,0.0,0.0,26.41688443670151,0.0,0.0
ZL000088,DA45,1.267,0.241601523026231,424.4172239189237,0.504,2.0823348142659803,-0.3113348142659804,-228.86,0.0,712.9887796128899,2.2755209961487117,DA45_ZL000088,DA37,0.8961813197166438,0.8961782897501239,0.0,0.1322751322751323,DA37_DA45,1.0,0.041666666666666664,DA37_ZL000088,DA45_ZL000088,0.0,0.0,26.41688443670151,0.0,0.0
ZL000088,DA45,1.267,0.241601523026231,424.4172239189237,0.504,2.0823348142659803,-0.3113348142659804,-228.86,0.0,712.9887796128899,2.2755209961487117,DA45_ZL000088,DA39,0.8582060592568692,0.8582060592568692,0.0,0.1322751322751323,DA39_DA45,1.0,0.041666666666666664,DA39_ZL000088,DA45_ZL000088,0.0,0.0,26.41688443670151,0.0,0.0
ZL000088,DA45,1.267,0.241601523026231,424.4172239189237,0.504,2.0823348142659803,-0.3113348142659804,-228.86,0.0,712.9887796128899,2.2755209961487117,DA45_ZL000088,DA42,1.3918483078808128,1.391847373804105,0.0,0.1322751322751323,DA42_DA45,1.0,0.041666666666666664,DA42_ZL000088,DA45_ZL000088,0.0,0.0,26.41688443670151,0.0,0.0
ZL000088,DA45,1.267,0.241601523026231,424.4172239189237,0.504,2.0823348142659803,-0.3113348142659804,-228.86,0.0,712.9887796128899,2.2755209961487117,DA45_ZL000088,DA44,2.0377461305327103,2.0377446854203036,0.0,0.1322751322751323,DA44_DA45,1.0,0.041666666666666664,DA44_ZL000088,DA45_ZL000088,0.0,0.0,26.41688443670151,0.0,0.0
ZL000088,DA46,0.336,0.05594841100152848,500.5532489400292,0.0,0.5029367983608513,-0.16693679836085124,-398.38,0.0,712.9887796128899,0.6217931725604908,DA46_ZL000088,DA34,12.390487056936518,12.390487056936518,0.0,0.1322751322751323,DA34_DA46,1.0,0.041666666666666664,DA34_ZL000088,DA46_ZL000088,0.0,0.0,26.41688443670151,0.0,0.0
ZL000088,DA46,0.336,0.05594841100152848,500.5532489400292,0.0,0.5029367983608513,-0.16693679836085124,-398.38,0.0,712.9887796128899,0.6217931725604908,DA46_ZL000088,DA36,1.0464463541885805,1.0464463541885805,0.0,0.1322751322751323,DA36_DA46,1.155992641604193,0.04816636006684138,DA36_ZL000088,DA46_ZL000088,0.0,0.0,26.41688443670151,0.0,0.0
ZL000088,DA46,0.336,0.05594841100152848,500.5532489400292,0.0,0.5029367983608513,-0.16693679836085124,-398.38,0.0,712.9887796128899,0.6217931725604908,DA46_ZL000088,DA37,0.8961813197166438,0.8961782897501239,0.0,0.1322751322751323,DA37_DA46,1.0,0.041666666666666664,DA37_ZL000088,DA46_ZL000088,0.0,0.0,26.41688443670151,0.0,0.0
ZL000088,DA46,0.336,0.05594841100152848,500.5532489400292,0.0,0.5029367983608513,-0.16693679836085124,-398.38,0.0,712.9887796128899,0.6217931725604908,DA46_ZL000088,DA39,0.8582060592568692,0.8582060592568692,0.0,0.1322751322751323,DA39_DA46,1.0,0.041666666666666664,DA39_ZL000088,DA46_ZL000088,0.0,0.0,26.41688443670151,0.0,0.0
ZL000088,DA46,0.336,0.05594841100152848,500.5532489400292,0.0,0.5029367983608513,-0.16693679836085124,-398.38,0.0,712.9887796128899,0.6217931725604908,DA46_ZL000088,DA42,1.3918483078808128,1.391847373804105,0.0,0.1322751322751323,DA42_DA46,1.0,0.041666666666666664,DA42_ZL000088,DA46_ZL000088,0.0,0.0,26.41688443670151,0.0,0.0
ZL000088,DA46,0.336,0.05594841100152848,500.5532489400292,0.0,0.5029367983608513,-0.16693679836085124,-398.38,0.0,712.9887796128899,0.6217931725604908,DA46_ZL000088,DA44,2.0377461305327103,2.0377446854203036,0.0,0.1322751322751323,DA44_DA46,1.0,0.041666666666666664,DA44_ZL000088,DA46_ZL000088,0.0,0.0,26.41688443670151,0.0,0.0
ZL000086,DA39,0.0,0.01249376173397052,-100.0,0.0,0.0,0.0,-100.0,0.0,1320.580352167833,0.17748392443944838,DA39_ZL000086,DA33,1.9907338363252227,1.9907338363252227,0.0,0.1700680272108843,DA33_DA39,0.8393843194538297,0.034974346643909575,DA33_ZL000086,DA39_ZL000086,0.0,0.0,13.92378048780487,0.0,0.0
ZL000086,DA39,0.0,0.01249376173397052,-100.0,0.0,0.0,0.0,-100.0,0.0,1320.580352167833,0.17748392443944838,DA39_ZL000086,DA34,0.10960889552372809,0.10960258000577211,0.0,0.1700680272108843,DA34_DA39,0.7900523334733707,0.03291884722805711,DA34_ZL000086,DA39_ZL000086,0.0,0.0,13.92378048780487,0.0,0.0
ZL000086,DA39,0.0,0.01249376173397052,-100.0,0.0,0.0,0.0,-100.0,0.0,1320.580352167833,0.17748392443944838,DA39_ZL000086,DA35,2.5540407653843538,2.5540310812374614,0.0,0.1700680272108843,DA35_DA39,1.0,0.041666666666666664,DA35_ZL000086,DA39_ZL000086,0.0,0.0,13.92378048780487,0.0,0.0
ZL000086,DA39,0.0,0.01249376173397052,-100.0,0.0,0.0,0.0,-100.0,0.0,1320.580352167833,0.17748392443944838,DA39_ZL000086,DA36,34.62149164789171,34.62149164789171,0.0,0.1700680272108843,DA36_DA39,1.133414924166462,0.047225621840269245,DA36_ZL000086,DA39_ZL000086,0.0,0.0,13.92378048780487,0.0,0.0
ZL000086,DA39,0.0,0.01249376173397052,-100.0,0.0,0.0,0.0,-100.0,0.0,1320.580352167833,0.17748392443944838,DA39_ZL000086,DA38,2.440020073538356,2.440020073538356,0.0,0.1700680272108843,DA38_DA39,0.8574015485163325,0.035725064521513854,DA38_ZL000086,DA39_ZL000086,0.0,0.0,13.92378048780487,0.0,0.0
ZL000086,DA39,0.0,0.01249376173397052,-100.0,0.0,0.0,0.0,-100.0,0.0,1320.580352167833,0.17748392443944838,DA39_ZL000086,DA40,51.728087661945445,51.72792692956207,0.0,0.1700680272108843,DA40_DA39,1.233785527668648,0.051407730319527,DA40_ZL000086,DA39_ZL000086,0.0,0.0,13.92378048780487,0.0,0.0
ZL000086,DA39,0.0,0.01249376173397052,-100.0,0.0,0.0,0.0,-100.0,0.0,1320.580352167833,0.17748392443944838,DA39_ZL000086,DA45,7.345593331324438,7.345593331324438,0.0,0.1700680272108843,DA45_DA39,1.0,0.041666666666666664,DA45_ZL000086,DA39_ZL000086,0.0,0.0,13.92378048780487,0.0,0.0
ZL000086,DA39,0.0,0.01249376173397052,-100.0,0.0,0.0,0.0,-100.0,0.0,1320.580352167833,0.17748392443944838,DA39_ZL000086,DA46,2.7082098791284293,2.708209484952462,0.0,0.1700680272108843,DA46_DA39,1.0,0.041666666666666664,DA46_ZL000086,DA39_ZL000086,0.0,0.0,13.92378048780487,0.0,0.0
ZL000086,DA42,0.0,0.002577709205335926,-100.0,0.0,0.0,0.0,-100.0,0.0,1320.580352167833,0.03661843050702374,DA42_ZL000086,DA33,1.9907338363252227,1.9907338363252227,0.0,0.1700680272108843,DA33_DA42,0.868735695119561,0.036197320629981704,DA33_ZL000086,DA42_ZL000086,0.0,0.0,13.92378048780487,0.0,0.0
ZL000086,DA42,0.0,0.002577709205335926,-100.0,0.0,0.0,0.0,-100.0,0.0,1320.580352167833,0.03661843050702374,DA42_ZL000086,DA34,0.10960889552372809,0.10960258000577211,0.0,0.1700680272108843,DA34_DA42,0.8194037091391021,0.03414182121412925,DA34_ZL000086,DA42_ZL000086,0.0,0.0,13.92378048780487,0.0,0.0
ZL000086,DA42,0.0,0.002577709205335926,-100.0,0.0,0.0,0.0,-100.0,0.0,1320.580352167833,0.03661843050702374,DA42_ZL000086,DA35,2.5540407653843538,2.5540310812374614,0.0,0.1700680272108843,DA35_DA42,1.0,0.041666666666666664,DA35_ZL000086,DA42_ZL000086,0.0,0.0,13.92378048780487,0.0,0.0
ZL000086,DA42,0.0,0.002577709205335926,-100.0,0.0,0.0,0.0,-100.0,0.0,1320.580352167833,0.03661843050702374,DA42_ZL000086,DA36,34.62149164789171,34.62149164789171,0.0,0.1700680272108843,DA36_DA42,1.162766299832193,0.048448595826341374,DA36_ZL000086,DA42_ZL000086,0.0,0.0,13.92378048780487,0.0,0.0
ZL000086,DA42,0.0,0.002577709205335926,-100.0,0.0,0.0,0.0,-100.0,0.0,1320.580352167833,0.03661843050702374,DA42_ZL000086,DA38,2.440020073538356,2.440020073538356,0.0,0.1700680272108843,DA38_DA42,0.8867529241820639,0.036948038507586,DA38_ZL000086,DA42_ZL000086,0.0,0.0,13.92378048780487,0.0,0.0
ZL000086,DA42,0.0,0.002577709205335926,-100.0,0.0,0.0,0.0,-100.0,0.0,1320.580352167833,0.03661843050702374,DA42_ZL000086,DA40,51.728087661945445,51.72792692956207,0.0,0.1700680272108843,DA40_DA42,1.263136903334379,0.05263070430559912,DA40_ZL000086,DA42_ZL000086,0.0,0.0,13.92378048780487,0.0,0.0
ZL000086,DA42,0.0,0.002577709205335926,-100.0,0.0,0.0,0.0,-100.0,0.0,1320.580352167833,0.03661843050702374,DA42_ZL000086,DA45,7.345593331324438,7.345593331324438,0.0,0.1700680272108843,DA45_DA42,1.0,0.041666666666666664,DA45_ZL000086,DA42_ZL000086,0.0,0.0,13.92378048780487,0.0,0.0
ZL000086,DA42,0.0,0.002577709205335926,-100.0,0.0,0.0,0.0,-100.0,0.0,1320.580352167833,0.03661843050702374,DA42_ZL000086,DA46,2.7082098791284293,2.708209484952462,0.0,0.1700680272108843,DA46_DA42,1.0,0.041666666666666664,DA46_ZL000086,DA42_ZL000086,0.0,0.0,13.92378048780487,0.0,0.0
ZL000086,DA44,0.0,0.007605403286013655,-100.0,0.0,0.0,0.0,-100.0,0.0,1320.580352167833,0.10804086478423672,DA44_ZL000086,DA33,1.9907338363252227,1.9907338363252227,0.0,0.1700680272108843,DA33_DA44,0.8393843194538297,0.034974346643909575,DA33_ZL000086,DA44_ZL000086,0.0,0.0,13.92378048780487,0.0,0.0
ZL000086,DA44,0.0,0.007605403286013655,-100.0,0.0,0.0,0.0,-100.0,0.0,1320.580352167833,0.10804086478423672,DA44_ZL000086,DA34,0.10960889552372809,0.10960258000577211,0.0,0.1700680272108843,DA34_DA44,0.7900523334733707,0.03291884722805711,DA34_ZL000086,DA44_ZL000086,0.0,0.0,13.92378048780487,0.0,0.0
ZL000086,DA44,0.0,0.007605403286013655,-100.0,0.0,0.0,0.0,-100.0,0.0,1320.580352167833,0.10804086478423672,DA44_ZL000086,DA35,2.5540407653843538,2.5540310812374614,0.0,0.1700680272108843,DA35_DA44,1.0,0.041666666666666664,DA35_ZL000086,DA44_ZL000086,0.0,0.0,13.92378048780487,0.0,0.0
ZL000086,DA44,0.0,0.007605403286013655,-100.0,0.0,0.0,0.0,-100.0,0.0,1320.580352167833,0.10804086478423672,DA44_ZL000086,DA36,34.62149164789171,34.62149164789171,0.0,0.1700680272108843,DA36_DA44,1.133414924166462,0.047225621840269245,DA36_ZL000086,DA44_ZL000086,0.0,0.0,13.92378048780487,0.0,0.0
ZL000086,DA44,0.0,0.007605403286013655,-100.0,0.0,0.0,0.0,-100.0,0.0,1320.580352167833,0.10804086478423672,DA44_ZL000086,DA38,2.440020073538356,2.440020073538356,0.0,0.1700680272108843,DA38_DA44,0.8574015485163325,0.035725064521513854,DA38_ZL000086,DA44_ZL000086,0.0,0.0,13.92378048780487,0.0,0.0
ZL000086,DA44,0.0,0.007605403286013655,-100.0,0.0,0.0,0.0,-100.0,0.0,1320.580352167833,0.10804086478423672,DA44_ZL000086,DA40,51.728087661945445,51.72792692956207,0.0,0.1700680272108843,DA40_DA44,1.233785527668648,0.051407730319527,DA40_ZL000086,DA44_ZL000086,0.0,0.0,13.92378048780487,0.0,0.0
ZL000086,DA44,0.0,0.007605403286013655,-100.0,0.0,0.0,0.0,-100.0,0.0,1320.580352167833,0.10804086478423672,DA44_ZL000086,DA45,7.345593331324438,7.345593331324438,0.0,0.1700680272108843,DA45_DA44,1.0,0.041666666666666664,DA45_ZL000086,DA44_ZL000086,0.0,0.0,13.92378048780487,0.0,0.0
ZL000086,DA44,0.0,0.007605403286013655,-100.0,0.0,0.0,0.0,-100.0,0.0,1320.580352167833,0.10804086478423672,DA44_ZL000086,DA46,2.7082098791284293,2.708209484952462,0.0,0.1700680272108843,DA46_DA44,1.0,0.041666666666666664,DA46_ZL000086,DA44_ZL000086,0.0,0.0,13.92378048780487,0.0,0.0
ZL000086,DA37,0.0,0.003309221277120445,-100.0,0.0,0.0,0.0,-100.0,0.0,1320.580352167833,0.04701014727253048,DA37_ZL000086,DA33,1.9907338363252227,1.9907338363252227,0.0,0.1700680272108843,DA33_DA37,0.868735695119561,0.036197320629981704,DA33_ZL000086,DA37_ZL000086,0.0,0.0,13.92378048780487,0.0,0.0
ZL000086,DA37,0.0,0.003309221277120445,-100.0,0.0,0.0,0.0,-100.0,0.0,1320.580352167833,0.04701014727253048,DA37_ZL000086,DA34,0.10960889552372809,0.10960258000577211,0.0,0.1700680272108843,DA34_DA37,0.8194037091391021,0.03414182121412925,DA34_ZL000086,DA37_ZL000086,0.0,0.0,13.92378048780487,0.0,0.0
ZL000086,DA37,0.0,0.003309221277120445,-100.0,0.0,0.0,0.0,-100.0,0.0,1320.580352167833,0.04701014727253048,DA37_ZL000086,DA35,2.5540407653843538,2.5540310812374614,0.0,0.1700680272108843,DA35_DA37,1.0,0.041666666666666664,DA35_ZL000086,DA37_ZL000086,0.0,0.0,13.92378048780487,0.0,0.0
ZL000086,DA37,0.0,0.003309221277120445,-100.0,0.0,0.0,0.0,-100.0,0.0,1320.580352167833,0.04701014727253048,DA37_ZL000086,DA36,34.62149164789171,34.62149164789171,0.0,0.1700680272108843,DA36_DA37,1.162766299832193,0.048448595826341374,DA36_ZL000086,DA37_ZL000086,0.0,0.0,13.92378048780487,0.0,0.0
ZL000086,DA37,0.0,0.003309221277120445,-100.0,0.0,0.0,0.0,-100.0,0.0,1320.580352167833,0.04701014727253048,DA37_ZL000086,DA38,2.440020073538356,2.440020073538356,0.0,0.1700680272108843,DA38_DA37,0.8867529241820639,0.036948038507586,DA38_ZL000086,DA37_ZL000086,0.0,0.0,13.92378048780487,0.0,0.0
ZL000086,DA37,0.0,0.003309221277120445,-100.0,0.0,0.0,0.0,-100.0,0.0,1320.580352167833,0.04701014727253048,DA37_ZL000086,DA40,51.728087661945445,51.72792692956207,0.0,0.1700680272108843,DA40_DA37,1.263136903334379,0.05263070430559912,DA40_ZL000086,DA37_ZL000086,0.0,0.0,13.92378048780487,0.0,0.0
ZL000086,DA37,0.0,0.003309221277120445,-100.0,0.0,0.0,0.0,-100.0,0.0,1320.580352167833,0.04701014727253048,DA37_ZL000086,DA45,7.345593331324438,7.345593331324438,0.0,0.1700680272108843,DA45_DA37,1.0,0.041666666666666664,DA45_ZL000086,DA37_ZL000086,0.0,0.0,13.92378048780487,0.0,0.0
ZL000086,DA37,0.0,0.003309221277120445,-100.0,0.0,0.0,0.0,-100.0,0.0,1320.580352167833,0.04701014727253048,DA37_ZL000086,DA46,2.7082098791284293,2.708209484952462,0.0,0.1700680272108843,DA46_DA37,1.0,0.041666666666666664,DA46_ZL000086,DA37_ZL000086,0.0,0.0,13.92378048780487,0.0,0.0
ZL000085,DA34,0.53922,0.1336191022514184,303.5500844672649,0.0,0.6156396529008791,-0.07641965290087904,-157.19,0.0,55.33315382670697,0.2839715302196468,DA34_ZL000085,DA33,0.16926542738367625,0.16926225112712148,0.0,0.1101127554615926,DA33_DA34,0.5140843776294046,0.02142018240122519,DA33_ZL000085,DA34_ZL000085,0.0,0.0,2.616289198606271,0.0,0.0
ZL000085,DA34,0.53922,0.1336191022514184,303.5500844672649,0.0,0.6156396529008791,-0.07641965290087904,-157.19,0.0,55.33315382670697,0.2839715302196468,DA34_ZL000085,DA38,4.098750384491283,4.09874325852305,0.0,0.1101127554615926,DA38_DA34,0.5321016066919075,0.02217090027882948,DA38_ZL000085,DA34_ZL000085,0.0,0.0,2.616289198606271,0.0,0.0
ZL000085,DA34,0.53922,0.1336191022514184,303.5500844672649,0.0,0.6156396529008791,-0.07641965290087904,-157.19,0.0,55.33315382670697,0.2839715302196468,DA34_ZL000085,DA40,0.7154314864083561,0.7154314864083561,0.0,0.1101127554615926,DA40_DA34,0.9084855858442228,0.037853566076842614,DA40_ZL000085,DA34_ZL000085,0.0,0.0,2.616289198606271,0.0,0.0
ZL000085,DA34,0.53922,0.1336191022514184,303.5500844672649,0.0,0.6156396529008791,-0.07641965290087904,-157.19,0.0,55.33315382670697,0.2839715302196468,DA34_ZL000085,DA44,0.7254770849962584,0.7254724002079661,0.0,0.1101127554615926,DA44_DA34,0.7900523334733707,0.03291884722805711,DA44_ZL000085,DA34_ZL000085,0.0,0.0,2.616289198606271,0.0,0.0
ZL000085,DA36,0.08514,0.2249348572502789,-62.1490412643039,0.0,1.5565228960135435,-1.4713828960135436,-754.14,0.0,55.33315382670697,1.8207872830394338,DA36_ZL000085,DA33,0.16926542738367625,0.16926225112712148,0.0,0.1101127554615926,DA33_DA36,0.8574469683224957,0.03572695701343732,DA33_ZL000085,DA36_ZL000085,0.0,0.0,2.616289198606271,0.0,0.0
ZL000085,DA36,0.08514,0.2249348572502789,-62.1490412643039,0.0,1.5565228960135435,-1.4713828960135436,-754.14,0.0,55.33315382670697,1.8207872830394338,DA36_ZL000085,DA38,4.098750384491283,4.09874325852305,0.0,0.1101127554615926,DA38_DA36,0.8754641973849986,0.03647767489104161,DA38_ZL000085,DA36_ZL000085,0.0,0.0,2.616289198606271,0.0,0.0
ZL000085,DA36,0.08514,0.2249348572502789,-62.1490412643039,0.0,1.5565228960135435,-1.4713828960135436,-754.14,0.0,55.33315382670697,1.8207872830394338,DA36_ZL000085,DA40,0.7154314864083561,0.7154314864083561,0.0,0.1101127554615926,DA40_DA36,1.251848176537314,0.05216034068905475,DA40_ZL000085,DA36_ZL000085,0.0,0.0,2.616289198606271,0.0,0.0
ZL000085,DA36,0.08514,0.2249348572502789,-62.1490412643039,0.0,1.5565228960135435,-1.4713828960135436,-754.14,0.0,55.33315382670697,1.8207872830394338,DA36_ZL000085,DA44,0.7254770849962584,0.7254724002079661,0.0,0.1101127554615926,DA44_DA36,1.133414924166462,0.047225621840269245,DA44_ZL000085,DA36_ZL000085,0.0,0.0,2.616289198606271,0.0,0.0
ZL000085,DA37,1.10682,0.2181718298372988,407.3157248694337,0.0,1.8353031161950737,-0.7284831161950738,-433.9,0.0,55.33315382670697,1.0673689238744535,DA37_ZL000085,DA33,0.16926542738367625,0.16926225112712148,0.0,0.1101127554615926,DA33_DA37,0.868735695119561,0.036197320629981704,DA33_ZL000085,DA37_ZL000085,0.0,0.0,2.616289198606271,0.0,0.0
ZL000085,DA37,1.10682,0.2181718298372988,407.3157248694337,0.0,1.8353031161950737,-0.7284831161950738,-433.9,0.0,55.33315382670697,1.0673689238744535,DA37_ZL000085,DA38,4.098750384491283,4.09874325852305,0.0,0.1101127554615926,DA38_DA37,0.8867529241820639,0.036948038507586,DA38_ZL000085,DA37_ZL000085,0.0,0.0,2.616289198606271,0.0,0.0
ZL000085,DA37,1.10682,0.2181718298372988,407.3157248694337,0.0,1.8353031161950737,-0.7284831161950738,-433.9,0.0,55.33315382670697,1.0673689238744535,DA37_ZL000085,DA40,0.7154314864083561,0.7154314864083561,0.0,0.1101127554615926,DA40_DA37,1.263136903334379,0.05263070430559912,DA40_ZL000085,DA37_ZL000085,0.0,0.0,2.616289198606271,0.0,0.0
ZL000085,DA37,1.10682,0.2181718298372988,407.3157248694337,0.0,1.8353031161950737,-0.7284831161950738,-433.9,0.0,55.33315382670697,1.0673689238744535,DA37_ZL000085,DA44,0.7254770849962584,0.7254724002079661,0.0,0.1101127554615926,DA44_DA37,1.144703650963527,0.04769598545681363,DA44_ZL000085,DA37_ZL000085,0.0,0.0,2.616289198606271,0.0,0.0
ZL000085,DA42,0.39732,0.2178787122197732,82.35833870691563,0.0,2.19539423392955,-1.7980742339295497,-925.26,0.0,55.33315382670697,2.1365037356728886,DA42_ZL000085,DA33,0.16926542738367625,0.16926225112712148,0.0,0.1101127554615926,DA33_DA42,0.868735695119561,0.036197320629981704,DA33_ZL000085,DA42_ZL000085,0.0,0.0,2.616289198606271,0.0,0.0
ZL000085,DA42,0.39732,0.2178787122197732,82.35833870691563,0.0,2.19539423392955,-1.7980742339295497,-925.26,0.0,55.33315382670697,2.1365037356728886,DA42_ZL000085,DA38,4.098750384491283,4.09874325852305,0.0,0.1101127554615926,DA38_DA42,0.8867529241820639,0.036948038507586,DA38_ZL000085,DA42_ZL000085,0.0,0.0,2.616289198606271,0.0,0.0
ZL000085,DA42,0.39732,0.2178787122197732,82.35833870691563,0.0,2.19539423392955,-1.7980742339295497,-925.26,0.0,55.33315382670697,2.1365037356728886,DA42_ZL000085,DA40,0.7154314864083561,0.7154314864083561,0.0,0.1101127554615926,DA40_DA42,1.263136903334379,0.05263070430559912,DA40_ZL000085,DA42_ZL000085,0.0,0.0,2.616289198606271,0.0,0.0
ZL000085,DA42,0.39732,0.2178787122197732,82.35833870691563,0.0,2.19539423392955,-1.7980742339295497,-925.26,0.0,55.33315382670697,2.1365037356728886,DA42_ZL000085,DA44,0.7254770849962584,0.7254724002079661,0.0,0.1101127554615926,DA44_DA42,1.144703650963527,0.04769598545681363,DA44_ZL000085,DA42_ZL000085,0.0,0.0,2.616289198606271,0.0,0.0
ZL000085,DA39,0.0,0.0050546191968317,-100.0,0.0,0.0,0.0,-100.0,0.0,55.33315382670697,0.007851499412368845,DA39_ZL000085,DA33,0.16926542738367625,0.16926225112712148,0.0,0.1101127554615926,DA33_DA39,0.8393843194538297,0.034974346643909575,DA33_ZL000085,DA39_ZL000085,0.0,0.0,2.616289198606271,0.0,0.0
ZL000085,DA39,0.0,0.0050546191968317,-100.0,0.0,0.0,0.0,-100.0,0.0,55.33315382670697,0.007851499412368845,DA39_ZL000085,DA38,4.098750384491283,4.09874325852305,0.0,0.1101127554615926,DA38_DA39,0.8574015485163325,0.035725064521513854,DA38_ZL000085,DA39_ZL000085,0.0,0.0,2.616289198606271,0.0,0.0
ZL000085,DA39,0.0,0.0050546191968317,-100.0,0.0,0.0,0.0,-100.0,0.0,55.33315382670697,0.007851499412368845,DA39_ZL000085,DA40,0.7154314864083561,0.7154314864083561,0.0,0.1101127554615926,DA40_DA39,1.233785527668648,0.051407730319527,DA40_ZL000085,DA39_ZL000085,0.0,0.0,2.616289198606271,0.0,0.0
ZL000085,DA39,0.0,0.0050546191968317,-100.0,0.0,0.0,0.0,-100.0,0.0,55.33315382670697,0.007851499412368845,DA39_ZL000085,DA44,0.7254770849962584,0.7254724002079661,0.0,0.1101127554615926,DA44_DA39,1.115352275297796,0.0464730114707415,DA44_ZL000085,DA39_ZL000085,0.0,0.0,2.616289198606271,0.0,0.0
ZL000085,DA45,0.0,0.0050546191968317,-100.0,0.0,0.0,0.0,-100.0,0.0,55.33315382670697,0.007851499412368845,DA45_ZL000085,DA33,0.16926542738367625,0.16926225112712148,0.0,0.1101127554615926,DA33_DA45,1.0,0.041666666666666664,DA33_ZL000085,DA45_ZL000085,0.0,0.0,2.616289198606271,0.0,0.0
ZL000085,DA45,0.0,0.0050546191968317,-100.0,0.0,0.0,0.0,-100.0,0.0,55.33315382670697,0.007851499412368845,DA45_ZL000085,DA38,4.098750384491283,4.09874325852305,0.0,0.1101127554615926,DA38_DA45,1.0,0.041666666666666664,DA38_ZL000085,DA45_ZL000085,0.0,0.0,2.616289198606271,0.0,0.0
ZL000085,DA45,0.0,0.0050546191968317,-100.0,0.0,0.0,0.0,-100.0,0.0,55.33315382670697,0.007851499412368845,DA45_ZL000085,DA40,0.7154314864083561,0.7154314864083561,0.0,0.1101127554615926,DA40_DA45,1.0,0.041666666666666664,DA40_ZL000085,DA45_ZL000085,0.0,0.0,2.616289198606271,0.0,0.0
ZL000085,DA45,0.0,0.0050546191968317,-100.0,0.0,0.0,0.0,-100.0,0.0,55.33315382670697,0.007851499412368845,DA45_ZL000085,DA44,0.7254770849962584,0.7254724002079661,0.0,0.1101127554615926,DA44_DA45,1.0,0.041666666666666664,DA44_ZL000085,DA45_ZL000085,0.0,0.0,2.616289198606271,0.0,0.0
ZL000085,DA35,0.0,0.0050546191968317,-100.0,0.0,0.0,0.0,-100.0,0.0,55.33315382670697,0.007851499412368845,DA35_ZL000085,DA33,0.16926542738367625,0.16926225112712148,0.0,0.1101127554615926,DA33_DA35,1.0,0.041666666666666664,DA33_ZL000085,DA35_ZL000085,0.0,0.0,2.616289198606271,0.0,0.0
ZL000085,DA35,0.0,0.0050546191968317,-100.0,0.0,0.0,0.0,-100.0,0.0,55.33315382670697,0.007851499412368845,DA35_ZL000085,DA38,4.098750384491283,4.09874325852305,0.0,0.1101127554615926,DA38_DA35,1.0,0.041666666666666664,DA38_ZL000085,DA35_ZL000085,0.0,0.0,2.616289198606271,0.0,0.0
ZL000085,DA35,0.0,0.0050546191968317,-100.0,0.0,0.0,0.0,-100.0,0.0,55.33315382670697,0.007851499412368845,DA35_ZL000085,DA40,0.7154314864083561,0.7154314864083561,0.0,0.1101127554615926,DA40_DA35,1.0,0.041666666666666664,DA40_ZL000085,DA35_ZL000085,0.0,0.0,2.616289198606271,0.0,0.0
ZL000085,DA35,0.0,0.0050546191968317,-100.0,0.0,0.0,0.0,-100.0,0.0,55.33315382670697,0.007851499412368845,DA35_ZL000085,DA44,0.7254770849962584,0.7254724002079661,0.0,0.1101127554615926,DA44_DA35,1.0,0.041666666666666664,DA44_ZL000085,DA35_ZL000085,0.0,0.0,2.616289198606271,0.0,0.0
ZL000085,DA46,0.0,0.0050546191968317,-100.0,0.0,0.0,0.0,-100.0,0.0,55.33315382670697,0.007851499412368845,DA46_ZL000085,DA33,0.16926542738367625,0.16926225112712148,0.0,0.1101127554615926,DA33_DA46,1.0,0.041666666666666664,DA33_ZL000085,DA46_ZL000085,0.0,0.0,2.616289198606271,0.0,0.0
ZL000085,DA46,0.0,0.0050546191968317,-100.0,0.0,0.0,0.0,-100.0,0.0,55.33315382670697,0.007851499412368845,DA46_ZL000085,DA38,4.098750384491283,4.09874325852305,0.0,0.1101127554615926,DA38_DA46,1.0,0.041666666666666664,DA38_ZL000085,DA46_ZL000085,0.0,0.0,2.616289198606271,0.0,0.0
ZL000085,DA46,0.0,0.0050546191968317,-100.0,0.0,0.0,0.0,-100.0,0.0,55.33315382670697,0.007851499412368845,DA46_ZL000085,DA40,0.7154314864083561,0.7154314864083561,0.0,0.1101127554615926,DA40_DA46,1.0,0.041666666666666664,DA40_ZL000085,DA46_ZL000085,0.0,0.0,2.616289198606271,0.0,0.0
ZL000085,DA46,0.0,0.0050546191968317,-100.0,0.0,0.0,0.0,-100.0,0.0,55.33315382670697,0.007851499412368845,DA46_ZL000085,DA44,0.7254770849962584,0.7254724002079661,0.0,0.1101127554615926,DA44_DA46,1.0,0.041666666666666664,DA44_ZL000085,DA46_ZL000085,0.0,0.0,2.616289198606271,0.0,0.0
ZL000084,DA36,0.1419,0.1128589757710567,25.73213519840486,0.0,1.0712486091936657,-0.9293486091936657,-923.46,0.0,692.5669691729694,1.8238314855926636,DA36_ZL000084,DA33,0.9830406155944043,0.9830406155944043,0.0,0.1101127554615926,DA33_DA36,0.8574469683224957,0.03572695701343732,DA33_ZL000084,DA36_ZL000084,0.0,0.0,4.066347270615563,0.0,0.0
ZL000084,DA36,0.1419,0.1128589757710567,25.73213519840486,0.0,1.0712486091936657,-0.9293486091936657,-923.46,0.0,692.5669691729694,1.8238314855926636,DA36_ZL000084,DA34,0.6050112088260138,0.6050112088260138,0.0,0.1101127554615926,DA34_DA36,0.8081149823420368,0.033671457597584865,DA34_ZL000084,DA36_ZL000084,0.0,0.0,4.066347270615563,0.0,0.0
ZL000084,DA36,0.1419,0.1128589757710567,25.73213519840486,0.0,1.0712486091936657,-0.9293486091936657,-923.46,0.0,692.5669691729694,1.8238314855926636,DA36_ZL000084,DA38,4.724929028101067,4.724929028101067,0.0,0.1101127554615926,DA38_DA36,0.8754641973849986,0.03647767489104161,DA38_ZL000084,DA36_ZL000084,0.0,0.0,4.066347270615563,0.0,0.0
ZL000084,DA36,0.1419,0.1128589757710567,25.73213519840486,0.0,1.0712486091936657,-0.9293486091936657,-923.46,0.0,692.5669691729694,1.8238314855926636,DA36_ZL000084,DA40,0.3259566762380607,0.3259566762380607,0.0,0.1101127554615926,DA40_DA36,1.251848176537314,0.05216034068905475,DA40_ZL000084,DA36_ZL000084,0.0,0.0,4.066347270615563,0.0,0.0
ZL000084,DA36,0.1419,0.1128589757710567,25.73213519840486,0.0,1.0712486091936657,-0.9293486091936657,-923.46,0.0,692.5669691729694,1.8238314855926636,DA36_ZL000084,DA42,0.12575475062984023,0.12575120891162817,0.0,0.1101127554615926,DA42_DA36,1.162766299832193,0.048448595826341374,DA42_ZL000084,DA36_ZL000084,0.0,0.0,4.066347270615563,0.0,0.0
ZL000084,DA36,0.1419,0.1128589757710567,25.73213519840486,0.0,1.0712486091936657,-0.9293486091936657,-923.46,0.0,692.5669691729694,1.8238314855926636,DA36_ZL000084,DA44,0.19844021996225417,0.19844021996225417,0.0,0.1101127554615926,DA44_DA36,1.133414924166462,0.047225621840269245,DA44_ZL000084,DA36_ZL000084,0.0,0.0,4.066347270615563,0.0,0.0
ZL000084,DA37,0.11352,0.07207200113441195,57.50915502996631,0.0,0.7939842632847167,-0.6804642632847168,-1044.15,0.0,692.5669691729694,1.2516866737238674,DA37_ZL000084,DA33,0.9830406155944043,0.9830406155944043,0.0,0.1101127554615926,DA33_DA37,0.868735695119561,0.036197320629981704,DA33_ZL000084,DA37_ZL000084,0.0,0.0,4.066347270615563,0.0,0.0
ZL000084,DA37,0.11352,0.07207200113441195,57.50915502996631,0.0,0.7939842632847167,-0.6804642632847168,-1044.15,0.0,692.5669691729694,1.2516866737238674,DA37_ZL000084,DA34,0.6050112088260138,0.6050112088260138,0.0,0.1101127554615926,DA34_DA37,0.8194037091391021,0.03414182121412925,DA34_ZL000084,DA37_ZL000084,0.0,0.0,4.066347270615563,0.0,0.0
ZL000084,DA37,0.11352,0.07207200113441195,57.50915502996631,0.0,0.7939842632847167,-0.6804642632847168,-1044.15,0.0,692.5669691729694,1.2516866737238674,DA37_ZL000084,DA38,4.724929028101067,4.724929028101067,0.0,0.1101127554615926,DA38_DA37,0.8867529241820639,0.036948038507586,DA38_ZL000084,DA37_ZL000084,0.0,0.0,4.066347270615563,0.0,0.0
ZL000084,DA37,0.11352,0.07207200113441195,57.50915502996631,0.0,0.7939842632847167,-0.6804642632847168,-1044.15,0.0,692.5669691729694,1.2516866737238674,DA37_ZL000084,DA40,0.3259566762380607,0.3259566762380607,0.0,0.1101127554615926,DA40_DA37,1.263136903334379,0.05263070430559912,DA40_ZL000084,DA37_ZL000084,0.0,0.0,4.066347270615563,0.0,0.0
ZL000084,DA37,0.11352,0.07207200113441195,57.50915502996631,0.0,0.7939842632847167,-0.6804642632847168,-1044.15,0.0,692.5669691729694,1.2516866737238674,DA37_ZL000084,DA42,0.12575475062984023,0.12575120891162817,0.0,0.1101127554615926,DA42_DA37,1.174055026629258,0.04891895944288575,DA42_ZL000084,DA37_ZL000084,0.0,0.0,4.066347270615563,0.0,0.0
ZL000084,DA37,0.11352,0.07207200113441195,57.50915502996631,0.0,0.7939842632847167,-0.6804642632847168,-1044.15,0.0,692.5669691729694,1.2516866737238674,DA37_ZL000084,DA44,0.19844021996225417,0.19844021996225417,0.0,0.1101127554615926,DA44_DA37,1.144703650963527,0.04769598545681363,DA44_ZL000084,DA37_ZL000084,0.0,0.0,4.066347270615563,0.0,0.0
ZL000084,DA39,0.0,0.0050546191968317,-100.0,0.0,0.0,0.0,-100.0,0.0,692.5669691729694,0.04006124217156409,DA39_ZL000084,DA33,0.9830406155944043,0.9830406155944043,0.0,0.1101127554615926,DA33_DA39,0.8393843194538297,0.034974346643909575,DA33_ZL000084,DA39_ZL000084,0.0,0.0,4.066347270615563,0.0,0.0
ZL000084,DA39,0.0,0.0050546191968317,-100.0,0.0,0.0,0.0,-100.0,0.0,692.5669691729694,0.04006124217156409,DA39_ZL000084,DA34,0.6050112088260138,0.6050112088260138,0.0,0.1101127554615926,DA34_DA39,0.7900523334733707,0.03291884722805711,DA34_ZL000084,DA39_ZL000084,0.0,0.0,4.066347270615563,0.0,0.0
ZL000084,DA39,0.0,0.0050546191968317,-100.0,0.0,0.0,0.0,-100.0,0.0,692.5669691729694,0.04006124217156409,DA39_ZL000084,DA38,4.724929028101067,4.724929028101067,0.0,0.1101127554615926,DA38_DA39,0.8574015485163325,0.035725064521513854,DA38_ZL000084,DA39_ZL000084,0.0,0.0,4.066347270615563,0.0,0.0
ZL000084,DA39,0.0,0.0050546191968317,-100.0,0.0,0.0,0.0,-100.0,0.0,692.5669691729694,0.04006124217156409,DA39_ZL000084,DA40,0.3259566762380607,0.3259566762380607,0.0,0.1101127554615926,DA40_DA39,1.233785527668648,0.051407730319527,DA40_ZL000084,DA39_ZL000084,0.0,0.0,4.066347270615563,0.0,0.0
ZL000084,DA39,0.0,0.0050546191968317,-100.0,0.0,0.0,0.0,-100.0,0.0,692.5669691729694,0.04006124217156409,DA39_ZL000084,DA42,0.12575475062984023,0.12575120891162817,0.0,0.1101127554615926,DA42_DA39,1.144703650963527,0.04769598545681363,DA42_ZL000084,DA39_ZL000084,0.0,0.0,4.066347270615563,0.0,0.0
ZL000084,DA39,0.0,0.0050546191968317,-100.0,0.0,0.0,0.0,-100.0,0.0,692.5669691729694,0.04006124217156409,DA39_ZL000084,DA44,0.19844021996225417,0.19844021996225417,0.0,0.1101127554615926,DA44_DA39,1.115352275297796,0.0464730114707415,DA44_ZL000084,DA39_ZL000084,0.0,0.0,4.066347270615563,0.0,0.0
ZL000084,DA45,0.0,0.0050546191968317,-100.0,0.0,0.0,0.0,-100.0,0.0,692.5669691729694,0.04006124217156409,DA45_ZL000084,DA33,0.9830406155944043,0.9830406155944043,0.0,0.1101127554615926,DA33_DA45,1.0,0.041666666666666664,DA33_ZL000084,DA45_ZL000084,0.0,0.0,4.066347270615563,0.0,0.0
ZL000084,DA45,0.0,0.0050546191968317,-100.0,0.0,0.0,0.0,-100.0,0.0,692.5669691729694,0.04006124217156409,DA45_ZL000084,DA34,0.6050112088260138,0.6050112088260138,0.0,0.1101127554615926,DA34_DA45,1.0,0.041666666666666664,DA34_ZL000084,DA45_ZL000084,0.0,0.0,4.066347270615563,0.0,0.0
ZL000084,DA45,0.0,0.0050546191968317,-100.0,0.0,0.0,0.0,-100.0,0.0,692.5669691729694,0.04006124217156409,DA45_ZL000084,DA38,4.724929028101067,4.724929028101067,0.0,0.1101127554615926,DA38_DA45,1.0,0.041666666666666664,DA38_ZL000084,DA45_ZL000084,0.0,0.0,4.066347270615563,0.0,0.0
ZL000084,DA45,0.0,0.0050546191968317,-100.0,0.0,0.0,0.0,-100.0,0.0,692.5669691729694,0.04006124217156409,DA45_ZL000084,DA40,0.3259566762380607,0.3259566762380607,0.0,0.1101127554615926,DA40_DA45,1.0,0.041666666666666664,DA40_ZL000084,DA45_ZL000084,0.0,0.0,4.066347270615563,0.0,0.0
ZL000084,DA45,0.0,0.0050546191968317,-100.0,0.0,0.0,0.0,-100.0,0.0,692.5669691729694,0.04006124217156409,DA45_ZL000084,DA42,0.12575475062984023,0.12575120891162817,0.0,0.1101127554615926,DA42_DA45,1.0,0.041666666666666664,DA42_ZL000084,DA45_ZL000084,0.0,0.0,4.066347270615563,0.0,0.0
ZL000084,DA45,0.0,0.0050546191968317,-100.0,0.0,0.0,0.0,-100.0,0.0,692.5669691729694,0.04006124217156409,DA45_ZL000084,DA44,0.19844021996225417,0.19844021996225417,0.0,0.1101127554615926,DA44_DA45,1.0,0.041666666666666664,DA44_ZL000084,DA45_ZL000084,0.0,0.0,4.066347270615563,0.0,0.0
ZL000084,DA35,0.0,0.0050546191968317,-100.0,0.0,0.0,0.0,-100.0,0.0,692.5669691729694,0.04006124217156409,DA35_ZL000084,DA33,0.9830406155944043,0.9830406155944043,0.0,0.1101127554615926,DA33_DA35,1.0,0.041666666666666664,DA33_ZL000084,DA35_ZL000084,0.0,0.0,4.066347270615563,0.0,0.0
ZL000084,DA35,0.0,0.0050546191968317,-100.0,0.0,0.0,0.0,-100.0,0.0,692.5669691729694,0.04006124217156409,DA35_ZL000084,DA34,0.6050112088260138,0.6050112088260138,0.0,0.1101127554615926,DA34_DA35,1.0,0.041666666666666664,DA34_ZL000084,DA35_ZL000084,0.0,0.0,4.066347270615563,0.0,0.0
ZL000084,DA35,0.0,0.0050546191968317,-100.0,0.0,0.0,0.0,-100.0,0.0,692.5669691729694,0.04006124217156409,DA35_ZL000084,DA38,4.724929028101067,4.724929028101067,0.0,0.1101127554615926,DA38_DA35,1.0,0.041666666666666664,DA38_ZL000084,DA35_ZL000084,0.0,0.0,4.066347270615563,0.0,0.0
ZL000084,DA35,0.0,0.0050546191968317,-100.0,0.0,0.0,0.0,-100.0,0.0,692.5669691729694,0.04006124217156409,DA35_ZL000084,DA40,0.3259566762380607,0.3259566762380607,0.0,0.1101127554615926,DA40_DA35,1.0,0.041666666666666664,DA40_ZL000084,DA35_ZL000084,0.0,0.0,4.066347270615563,0.0,0.0
ZL000084,DA35,0.0,0.0050546191968317,-100.0,0.0,0.0,0.0,-100.0,0.0,692.5669691729694,0.04006124217156409,DA35_ZL000084,DA42,0.12575475062984023,0.12575120891162817,0.0,0.1101127554615926,DA42_DA35,1.0,0.041666666666666664,DA42_ZL000084,DA35_ZL000084,0.0,0.0,4.066347270615563,0.0,0.0
ZL000084,DA35,0.0,0.0050546191968317,-100.0,0.0,0.0,0.0,-100.0,0.0,692.5669691729694,0.04006124217156409,DA35_ZL000084,DA44,0.19844021996225417,0.19844021996225417,0.0,0.1101127554615926,DA44_DA35,1.0,0.041666666666666664,DA44_ZL000084,DA35_ZL000084,0.0,0.0,4.066347270615563,0.0,0.0
ZL000084,DA46,0.0,0.0050546191968317,-100.0,0.0,0.0,0.0,-100.0,0.0,692.5669691729694,0.04006124217156409,DA46_ZL000084,DA33,0.9830406155944043,0.9830406155944043,0.0,0.1101127554615926,DA33_DA46,1.0,0.041666666666666664,DA33_ZL000084,DA46_ZL000084,0.0,0.0,4.066347270615563,0.0,0.0
ZL000084,DA46,0.0,0.0050546191968317,-100.0,0.0,0.0,0.0,-100.0,0.0,692.5669691729694,0.04006124217156409,DA46_ZL000084,DA34,0.6050112088260138,0.6050112088260138,0.0,0.1101127554615926,DA34_DA46,1.0,0.041666666666666664,DA34_ZL000084,DA46_ZL000084,0.0,0.0,4.066347270615563,0.0,0.0
ZL000084,DA46,0.0,0.0050546191968317,-100.0,0.0,0.0,0.0,-100.0,0.0,692.5669691729694,0.04006124217156409,DA46_ZL000084,DA38,4.724929028101067,4.724929028101067,0.0,0.1101127554615926,DA38_DA46,1.0,0.041666666666666664,DA38_ZL000084,DA46_ZL000084,0.0,0.0,4.066347270615563,0.0,0.0
ZL000084,DA46,0.0,0.0050546191968317,-100.0,0.0,0.0,0.0,-100.0,0.0,692.5669691729694,0.04006124217156409,DA46_ZL000084,DA40,0.3259566762380607,0.3259566762380607,0.0,0.1101127554615926,DA40_DA46,1.0,0.041666666666666664,DA40_ZL000084,DA46_ZL000084,0.0,0.0,4.066347270615563,0.0,0.0
ZL000084,DA46,0.0,0.0050546191968317,-100.0,0.0,0.0,0.0,-100.0,0.0,692.5669691729694,0.04006124217156409,DA46_ZL000084,DA42,0.12575475062984023,0.12575120891162817,0.0,0.1101127554615926,DA42_DA46,1.0,0.041666666666666664,DA42_ZL000084,DA46_ZL000084,0.0,0.0,4.066347270615563,0.0,0.0
ZL000084,DA46,0.0,0.0050546191968317,-100.0,0.0,0.0,0.0,-100.0,0.0,692.5669691729694,0.04006124217156409,DA46_ZL000084,DA44,0.19844021996225417,0.19844021996225417,0.0,0.1101127554615926,DA44_DA46,1.0,0.041666666666666664,DA44_ZL000084,DA46_ZL000084,0.0,0.0,4.066347270615563,0.0,0.0
ZL000083,DA36,0.02838,0.1335095077356519,-78.74308692966477,0.0,0.8758723914095623,-0.8474923914095623,-734.78,0.0,301.3080256373988,1.3832760227365262,DA36_ZL000083,DA33,1.0001933324732806,1.0001933324732806,0.11402034026111202,0.1101127554615926,DA33_DA36,0.8574469683224957,0.03572695701343732,DA33_ZL000083,DA36_ZL000083,0.02838,0.02838,5.557491289198606,0.020516512636325486,0.11402034026111202
ZL000083,DA36,0.02838,0.1335095077356519,-78.74308692966477,0.0,0.8758723914095623,-0.8474923914095623,-734.78,0.0,301.3080256373988,1.3832760227365262,DA36_ZL000083,DA34,0.6926073285396492,0.6926065253950853,0.11402034026111202,0.1101127554615926,DA34_DA36,0.8081149823420368,0.033671457597584865,DA34_ZL000083,DA36_ZL000083,0.02838,0.02838,5.557491289198606,0.020516512636325486,0.11402034026111202
ZL000083,DA36,0.02838,0.1335095077356519,-78.74308692966477,0.0,0.8758723914095623,-0.8474923914095623,-734.78,0.0,301.3080256373988,1.3832760227365262,DA36_ZL000083,DA38,3.4103234894219336,3.410319037889401,0.11402034026111202,0.1101127554615926,DA38_DA36,0.8754641973849986,0.03647767489104161,DA38_ZL000083,DA36_ZL000083,0.02838,0.02838,5.557491289198606,0.020516512636325486,0.11402034026111202
ZL000083,DA36,0.02838,0.1335095077356519,-78.74308692966477,0.0,0.8758723914095623,-0.8474923914095623,-734.78,0.0,301.3080256373988,1.3832760227365262,DA36_ZL000083,DA40,0.34161159413755077,0.3416030250501697,0.11402034026111202,0.1101127554615926,DA40_DA36,1.251848176537314,0.05216034068905475,DA40_ZL000083,DA36_ZL000083,0.02838,0.02838,5.557491289198606,0.020516512636325486,0.11402034026111202
ZL000083,DA36,0.02838,0.1335095077356519,-78.74308692966477,0.0,0.8758723914095623,-0.8474923914095623,-734.78,0.0,301.3080256373988,1.3832760227365262,DA36_ZL000083,DA42,0.7326046409432445,0.7326046409432445,0.11402034026111202,0.1101127554615926,DA42_DA36,1.162766299832193,0.048448595826341374,DA42_ZL000083,DA36_ZL000083,0.02838,0.02838,5.557491289198606,0.020516512636325486,0.11402034026111202
ZL000083,DA37,0.31218,0.2178056385336716,43.32962273230527,0.0,1.3960875087316058,-1.0839075087316057,-597.65,0.0,301.3080256373988,1.9579812678892239,DA37_ZL000083,DA33,1.0001933324732806,1.0001933324732806,0.0,0.1101127554615926,DA33_DA37,0.868735695119561,0.036197320629981704,DA33_ZL000083,DA37_ZL000083,0.0,0.0,5.557491289198606,0.0,0.0
ZL000083,DA37,0.31218,0.2178056385336716,43.32962273230527,0.0,1.3960875087316058,-1.0839075087316057,-597.65,0.0,301.3080256373988,1.9579812678892239,DA37_ZL000083,DA34,0.6926073285396492,0.6926065253950853,0.0,0.1101127554615926,DA34_DA37,0.8194037091391021,0.03414182121412925,DA34_ZL000083,DA37_ZL000083,0.0,0.0,5.557491289198606,0.0,0.0
ZL000083,DA37,0.31218,0.2178056385336716,43.32962273230527,0.0,1.3960875087316058,-1.0839075087316057,-597.65,0.0,301.3080256373988,1.9579812678892239,DA37_ZL000083,DA38,3.4103234894219336,3.410319037889401,0.0,0.1101127554615926,DA38_DA37,0.8867529241820639,0.036948038507586,DA38_ZL000083,DA37_ZL000083,0.0,0.0,5.557491289198606,0.0,0.0
ZL000083,DA37,0.31218,0.2178056385336716,43.32962273230527,0.0,1.3960875087316058,-1.0839075087316057,-597.65,0.0,301.3080256373988,1.9579812678892239,DA37_ZL000083,DA40,0.34161159413755077,0.3416030250501697,0.0,0.1101127554615926,DA40_DA37,1.263136903334379,0.05263070430559912,DA40_ZL000083,DA37_ZL000083,0.0,0.0,5.557491289198606,0.0,0.0
ZL000083,DA37,0.31218,0.2178056385336716,43.32962273230527,0.0,1.3960875087316058,-1.0839075087316057,-597.65,0.0,301.3080256373988,1.9579812678892239,DA37_ZL000083,DA42,0.7326046409432445,0.7326046409432445,0.0,0.1101127554615926,DA42_DA37,1.174055026629258,0.04891895944288575,DA42_ZL000083,DA37_ZL000083,0.0,0.0,5.557491289198606,0.0,0.0
ZL000083,DA44,1.07844,0.14785660637011,629.3823566466033,0.0,0.9767304243597543,0.10170957564024574,-31.21,0.0,301.3080256373988,0.49164986827635027,DA44_ZL000083,DA33,1.0001933324732806,1.0001933324732806,0.0,0.1101127554615926,DA33_DA44,0.8393843194538297,0.034974346643909575,DA33_ZL000083,DA44_ZL000083,0.0,0.0,5.557491289198606,0.0,0.0
ZL000083,DA44,1.07844,0.14785660637011,629.3823566466033,0.0,0.9767304243597543,0.10170957564024574,-31.21,0.0,301.3080256373988,0.49164986827635027,DA44_ZL000083,DA34,0.6926073285396492,0.6926065253950853,0.0,0.1101127554615926,DA34_DA44,0.7900523334733707,0.03291884722805711,DA34_ZL000083,DA44_ZL000083,0.0,0.0,5.557491289198606,0.0,0.0
ZL000083,DA44,1.07844,0.14785660637011,629.3823566466033,0.0,0.9767304243597543,0.10170957564024574,-31.21,0.0,301.3080256373988,0.49164986827635027,DA44_ZL000083,DA38,3.4103234894219336,3.410319037889401,0.0,0.1101127554615926,DA38_DA44,0.8574015485163325,0.035725064521513854,DA38_ZL000083,DA44_ZL000083,0.0,0.0,5.557491289198606,0.0,0.0
ZL000083,DA44,1.07844,0.14785660637011,629.3823566466033,0.0,0.9767304243597543,0.10170957564024574,-31.21,0.0,301.3080256373988,0.49164986827635027,DA44_ZL000083,DA40,0.34161159413755077,0.3416030250501697,0.0,0.1101127554615926,DA40_DA44,1.233785527668648,0.051407730319527,DA40_ZL000083,DA44_ZL000083,0.0,0.0,5.557491289198606,0.0,0.0
ZL000083,DA44,1.07844,0.14785660637011,629.3823566466033,0.0,0.9767304243597543,0.10170957564024574,-31.21,0.0,301.3080256373988,0.49164986827635027,DA44_ZL000083,DA42,0.7326046409432445,0.7326046409432445,0.0,0.1101127554615926,DA42_DA44,1.144703650963527,0.04769598545681363,DA42_ZL000083,DA44_ZL000083,0.0,0.0,5.557491289198606,0.0,0.0
ZL000083,DA39,0.0,0.0050546191968317,-100.0,0.0,0.0,0.0,-100.0,0.0,301.3080256373988,0.02028459250229424,DA39_ZL000083,DA33,1.0001933324732806,1.0001933324732806,0.0,0.1101127554615926,DA33_DA39,0.8393843194538297,0.034974346643909575,DA33_ZL000083,DA39_ZL000083,0.0,0.0,5.557491289198606,0.0,0.0
ZL000083,DA39,0.0,0.0050546191968317,-100.0,0.0,0.0,0.0,-100.0,0.0,301.3080256373988,0.02028459250229424,DA39_ZL000083,DA34,0.6926073285396492,0.6926065253950853,0.0,0.1101127554615926,DA34_DA39,0.7900523334733707,0.03291884722805711,DA34_ZL000083,DA39_ZL000083,0.0,0.0,5.557491289198606,0.0,0.0
ZL000083,DA39,0.0,0.0050546191968317,-100.0,0.0,0.0,0.0,-100.0,0.0,301.3080256373988,0.02028459250229424,DA39_ZL000083,DA38,3.4103234894219336,3.410319037889401,0.0,0.1101127554615926,DA38_DA39,0.8574015485163325,0.035725064521513854,DA38_ZL000083,DA39_ZL000083,0.0,0.0,5.557491289198606,0.0,0.0
ZL000083,DA39,0.0,0.0050546191968317,-100.0,0.0,0.0,0.0,-100.0,0.0,301.3080256373988,0.02028459250229424,DA39_ZL000083,DA40,0.34161159413755077,0.3416030250501697,0.0,0.1101127554615926,DA40_DA39,1.233785527668648,0.051407730319527,DA40_ZL000083,DA39_ZL000083,0.0,0.0,5.557491289198606,0.0,0.0
ZL000083,DA39,0.0,0.0050546191968317,-100.0,0.0,0.0,0.0,-100.0,0.0,301.3080256373988,0.02028459250229424,DA39_ZL000083,DA42,0.7326046409432445,0.7326046409432445,0.0,0.1101127554615926,DA42_DA39,1.144703650963527,0.04769598545681363,DA42_ZL000083,DA39_ZL000083,0.0,0.0,5.557491289198606,0.0,0.0
ZL000083,DA45,0.0,0.0189371868892656,-100.0,0.0,0.0,0.0,-100.0,0.0,301.3080256373988,0.07599645081657612,DA45_ZL000083,DA33,1.0001933324732806,1.0001933324732806,0.0,0.1101127554615926,DA33_DA45,1.0,0.041666666666666664,DA33_ZL000083,DA45_ZL000083,0.0,0.0,5.557491289198606,0.0,0.0
ZL000083,DA45,0.0,0.0189371868892656,-100.0,0.0,0.0,0.0,-100.0,0.0,301.3080256373988,0.07599645081657612,DA45_ZL000083,DA34,0.6926073285396492,0.6926065253950853,0.0,0.1101127554615926,DA34_DA45,1.0,0.041666666666666664,DA34_ZL000083,DA45_ZL000083,0.0,0.0,5.557491289198606,0.0,0.0
ZL000083,DA45,0.0,0.0189371868892656,-100.0,0.0,0.0,0.0,-100.0,0.0,301.3080256373988,0.07599645081657612,DA45_ZL000083,DA38,3.4103234894219336,3.410319037889401,0.0,0.1101127554615926,DA38_DA45,1.0,0.041666666666666664,DA38_ZL000083,DA45_ZL000083,0.0,0.0,5.557491289198606,0.0,0.0
ZL000083,DA45,0.0,0.0189371868892656,-100.0,0.0,0.0,0.0,-100.0,0.0,301.3080256373988,0.07599645081657612,DA45_ZL000083,DA40,0.34161159413755077,0.3416030250501697,0.0,0.1101127554615926,DA40_DA45,1.0,0.041666666666666664,DA40_ZL000083,DA45_ZL000083,0.0,0.0,5.557491289198606,0.0,0.0
ZL000083,DA45,0.0,0.0189371868892656,-100.0,0.0,0.0,0.0,-100.0,0.0,301.3080256373988,0.07599645081657612,DA45_ZL000083,DA42,0.7326046409432445,0.7326046409432445,0.0,0.1101127554615926,DA42_DA45,1.0,0.041666666666666664,DA42_ZL000083,DA45_ZL000083,0.0,0.0,5.557491289198606,0.0,0.0
ZL000083,DA35,0.0,0.04223545203840211,-100.0,0.0,0.0,0.0,-100.0,0.0,301.3080256373988,0.169494258694342,DA35_ZL000083,DA33,1.0001933324732806,1.0001933324732806,0.0,0.1101127554615926,DA33_DA35,1.0,0.041666666666666664,DA33_ZL000083,DA35_ZL000083,0.0,0.0,5.557491289198606,0.0,0.0
ZL000083,DA35,0.0,0.04223545203840211,-100.0,0.0,0.0,0.0,-100.0,0.0,301.3080256373988,0.169494258694342,DA35_ZL000083,DA34,0.6926073285396492,0.6926065253950853,0.0,0.1101127554615926,DA34_DA35,1.0,0.041666666666666664,DA34_ZL000083,DA35_ZL000083,0.0,0.0,5.557491289198606,0.0,0.0
ZL000083,DA35,0.0,0.04223545203840211,-100.0,0.0,0.0,0.0,-100.0,0.0,301.3080256373988,0.169494258694342,DA35_ZL000083,DA38,3.4103234894219336,3.410319037889401,0.0,0.1101127554615926,DA38_DA35,1.0,0.041666666666666664,DA38_ZL000083,DA35_ZL000083,0.0,0.0,5.557491289198606,0.0,0.0
ZL000083,DA35,0.0,0.04223545203840211,-100.0,0.0,0.0,0.0,-100.0,0.0,301.3080256373988,0.169494258694342,DA35_ZL000083,DA40,0.34161159413755077,0.3416030250501697,0.0,0.1101127554615926,DA40_DA35,1.0,0.041666666666666664,DA40_ZL000083,DA35_ZL000083,0.0,0.0,5.557491289198606,0.0,0.0
ZL000083,DA35,0.0,0.04223545203840211,-100.0,0.0,0.0,0.0,-100.0,0.0,301.3080256373988,0.169494258694342,DA35_ZL000083,DA42,0.7326046409432445,0.7326046409432445,0.0,0.1101127554615926,DA42_DA35,1.0,0.041666666666666664,DA42_ZL000083,DA35_ZL000083,0.0,0.0,5.557491289198606,0.0,0.0
ZL000083,DA46,0.0,0.07667341227103346,-100.0,0.0,0.3184990514216592,-0.3184990514216592,-515.4,0.0,301.3080256373988,0.6261979115475803,DA46_ZL000083,DA33,1.0001933324732806,1.0001933324732806,0.0,0.1101127554615926,DA33_DA46,1.0,0.041666666666666664,DA33_ZL000083,DA46_ZL000083,0.0,0.0,5.557491289198606,0.0,0.0
ZL000083,DA46,0.0,0.07667341227103346,-100.0,0.0,0.3184990514216592,-0.3184990514216592,-515.4,0.0,301.3080256373988,0.6261979115475803,DA46_ZL000083,DA34,0.6926073285396492,0.6926065253950853,0.0,0.1101127554615926,DA34_DA46,1.0,0.041666666666666664,DA34_ZL000083,DA46_ZL000083,0.0,0.0,5.557491289198606,0.0,0.0
ZL000083,DA46,0.0,0.07667341227103346,-100.0,0.0,0.3184990514216592,-0.3184990514216592,-515.4,0.0,301.3080256373988,0.6261979115475803,DA46_ZL000083,DA38,3.4103234894219336,3.410319037889401,0.0,0.1101127554615926,DA38_DA46,1.0,0.041666666666666664,DA38_ZL000083,DA46_ZL000083,0.0,0.0,5.557491289198606,0.0,0.0
ZL000083,DA46,0.0,0.07667341227103346,-100.0,0.0,0.3184990514216592,-0.3184990514216592,-515.4,0.0,301.3080256373988,0.6261979115475803,DA46_ZL000083,DA40,0.34161159413755077,0.3416030250501697,0.0,0.1101127554615926,DA40_DA46,1.0,0.041666666666666664,DA40_ZL000083,DA46_ZL000083,0.0,0.0,5.557491289198606,0.0,0.0
ZL000083,DA46,0.0,0.07667341227103346,-100.0,0.0,0.3184990514216592,-0.3184990514216592,-515.4,0.0,301.3080256373988,0.6261979115475803,DA46_ZL000083,DA42,0.7326046409432445,0.7326046409432445,0.0,0.1101127554615926,DA42_DA46,1.0,0.041666666666666664,DA42_ZL000083,DA46_ZL000083,0.0,0.0,5.557491289198606,0.0,0.0
ZL000082,DA37,0.08514,0.1445627464657284,-41.10515877603073,0.0,1.0122608603867662,-0.9271208603867662,-741.33,0.0,-39.84923843805584,1.0716870083743844,DA37_ZL000082,DA33,0.4140844217610559,0.4140838449778933,0.0,0.1101127554615926,DA33_DA37,0.868735695119561,0.036197320629981704,DA33_ZL000082,DA37_ZL000082,0.0,0.0,4.648664343786295,0.0,0.0
ZL000082,DA37,0.08514,0.1445627464657284,-41.10515877603073,0.0,1.0122608603867662,-0.9271208603867662,-741.33,0.0,-39.84923843805584,1.0716870083743844,DA37_ZL000082,DA34,0.5389299313384605,0.5389292287017731,0.0,0.1101127554615926,DA34_DA37,0.8194037091391021,0.03414182121412925,DA34_ZL000082,DA37_ZL000082,0.0,0.0,4.648664343786295,0.0,0.0
ZL000082,DA37,0.08514,0.1445627464657284,-41.10515877603073,0.0,1.0122608603867662,-0.9271208603867662,-741.33,0.0,-39.84923843805584,1.0716870083743844,DA37_ZL000082,DA38,0.3745721139002418,0.3745721139002418,0.0,0.1101127554615926,DA38_DA37,0.8867529241820639,0.036948038507586,DA38_ZL000082,DA37_ZL000082,0.0,0.0,4.648664343786295,0.0,0.0
ZL000082,DA37,0.08514,0.1445627464657284,-41.10515877603073,0.0,1.0122608603867662,-0.9271208603867662,-741.33,0.0,-39.84923843805584,1.0716870083743844,DA37_ZL000082,DA42,0.45472303011902804,0.45472303011902804,0.0,0.1101127554615926,DA42_DA37,1.174055026629258,0.04891895944288575,DA42_ZL000082,DA37_ZL000082,0.0,0.0,4.648664343786295,0.0,0.0
ZL000082,DA40,0.4257,0.1362169551892707,212.51616174249267,0.0,0.6615563103315086,-0.2358563103315086,-273.15,0.0,-39.84923843805584,0.3720766130994929,DA40_ZL000082,DA33,0.4140844217610559,0.4140838449778933,0.0,0.1101127554615926,DA33_DA40,0.9578175718246816,0.039909065492695066,DA33_ZL000082,DA40_ZL000082,0.0,0.0,4.648664343786295,0.0,0.0
ZL000082,DA40,0.4257,0.1362169551892707,212.51616174249267,0.0,0.6615563103315086,-0.2358563103315086,-273.15,0.0,-39.84923843805584,0.3720766130994929,DA40_ZL000082,DA34,0.5389299313384605,0.5389292287017731,0.0,0.1101127554615926,DA34_DA40,0.9084855858442228,0.037853566076842614,DA34_ZL000082,DA40_ZL000082,0.0,0.0,4.648664343786295,0.0,0.0
ZL000082,DA40,0.4257,0.1362169551892707,212.51616174249267,0.0,0.6615563103315086,-0.2358563103315086,-273.15,0.0,-39.84923843805584,0.3720766130994929,DA40_ZL000082,DA38,0.3745721139002418,0.3745721139002418,0.0,0.1101127554615926,DA38_DA40,0.9758348008871847,0.04065978337029936,DA38_ZL000082,DA40_ZL000082,0.0,0.0,4.648664343786295,0.0,0.0
ZL000082,DA40,0.4257,0.1362169551892707,212.51616174249267,0.0,0.6615563103315086,-0.2358563103315086,-273.15,0.0,-39.84923843805584,0.3720766130994929,DA40_ZL000082,DA42,0.45472303011902804,0.45472303011902804,0.0,0.1101127554615926,DA42_DA40,1.263136903334379,0.05263070430559912,DA42_ZL000082,DA40_ZL000082,0.0,0.0,4.648664343786295,0.0,0.0
ZL000082,DA39,0.0,0.0050546191968317,-100.0,0.0,0.0,0.0,-100.0,0.0,-39.84923843805584,0.0050546191968317,DA39_ZL000082,DA33,0.4140844217610559,0.4140838449778933,0.0,0.1101127554615926,DA33_DA39,0.8393843194538297,0.034974346643909575,DA33_ZL000082,DA39_ZL000082,0.0,0.0,4.648664343786295,0.0,0.0
ZL000082,DA39,0.0,0.0050546191968317,-100.0,0.0,0.0,0.0,-100.0,0.0,-39.84923843805584,0.0050546191968317,DA39_ZL000082,DA34,0.5389299313384605,0.5389292287017731,0.0,0.1101127554615926,DA34_DA39,0.7900523334733707,0.03291884722805711,DA34_ZL000082,DA39_ZL000082,0.0,0.0,4.648664343786295,0.0,0.0
ZL000082,DA39,0.0,0.0050546191968317,-100.0,0.0,0.0,0.0,-100.0,0.0,-39.84923843805584,0.0050546191968317,DA39_ZL000082,DA38,0.3745721139002418,0.3745721139002418,0.0,0.1101127554615926,DA38_DA39,0.8574015485163325,0.035725064521513854,DA38_ZL000082,DA39_ZL000082,0.0,0.0,4.648664343786295,0.0,0.0
ZL000082,DA39,0.0,0.0050546191968317,-100.0,0.0,0.0,0.0,-100.0,0.0,-39.84923843805584,0.0050546191968317,DA39_ZL000082,DA42,0.45472303011902804,0.45472303011902804,0.0,0.1101127554615926,DA42_DA39,1.144703650963527,0.04769598545681363,DA42_ZL000082,DA39_ZL000082,0.0,0.0,4.648664343786295,0.0,0.0
ZL000082,DA45,0.0,0.01706136960191957,-100.0,0.0,0.0,0.0,-100.0,0.0,-39.84923843805584,0.01706136960191957,DA45_ZL000082,DA33,0.4140844217610559,0.4140838449778933,0.0,0.1101127554615926,DA33_DA45,1.0,0.041666666666666664,DA33_ZL000082,DA45_ZL000082,0.0,0.0,4.648664343786295,0.0,0.0
ZL000082,DA45,0.0,0.01706136960191957,-100.0,0.0,0.0,0.0,-100.0,0.0,-39.84923843805584,0.01706136960191957,DA45_ZL000082,DA34,0.5389299313384605,0.5389292287017731,0.0,0.1101127554615926,DA34_DA45,1.0,0.041666666666666664,DA34_ZL000082,DA45_ZL000082,0.0,0.0,4.648664343786295,0.0,0.0
ZL000082,DA45,0.0,0.01706136960191957,-100.0,0.0,0.0,0.0,-100.0,0.0,-39.84923843805584,0.01706136960191957,DA45_ZL000082,DA38,0.3745721139002418,0.3745721139002418,0.0,0.1101127554615926,DA38_DA45,1.0,0.041666666666666664,DA38_ZL000082,DA45_ZL000082,0.0,0.0,4.648664343786295,0.0,0.0
ZL000082,DA45,0.0,0.01706136960191957,-100.0,0.0,0.0,0.0,-100.0,0.0,-39.84923843805584,0.01706136960191957,DA45_ZL000082,DA42,0.45472303011902804,0.45472303011902804,0.0,0.1101127554615926,DA42_DA45,1.0,0.041666666666666664,DA42_ZL000082,DA45_ZL000082,0.0,0.0,4.648664343786295,0.0,0.0
ZL000082,DA35,0.0,0.04302487869228667,-100.0,0.0,0.0,0.0,-100.0,0.0,-39.84923843805584,0.04302487869228667,DA35_ZL000082,DA33,0.4140844217610559,0.4140838449778933,0.0,0.1101127554615926,DA33_DA35,1.0,0.041666666666666664,DA33_ZL000082,DA35_ZL000082,0.0,0.0,4.648664343786295,0.0,0.0
ZL000082,DA35,0.0,0.04302487869228667,-100.0,0.0,0.0,0.0,-100.0,0.0,-39.84923843805584,0.04302487869228667,DA35_ZL000082,DA34,0.5389299313384605,0.5389292287017731,0.0,0.1101127554615926,DA34_DA35,1.0,0.041666666666666664,DA34_ZL000082,DA35_ZL000082,0.0,0.0,4.648664343786295,0.0,0.0
ZL000082,DA35,0.0,0.04302487869228667,-100.0,0.0,0.0,0.0,-100.0,0.0,-39.84923843805584,0.04302487869228667,DA35_ZL000082,DA38,0.3745721139002418,0.3745721139002418,0.0,0.1101127554615926,DA38_DA35,1.0,0.041666666666666664,DA38_ZL000082,DA35_ZL000082,0.0,0.0,4.648664343786295,0.0,0.0
ZL000082,DA35,0.0,0.04302487869228667,-100.0,0.0,0.0,0.0,-100.0,0.0,-39.84923843805584,0.04302487869228667,DA35_ZL000082,DA42,0.45472303011902804,0.45472303011902804,0.0,0.1101127554615926,DA42_DA35,1.0,0.041666666666666664,DA42_ZL000082,DA35_ZL000082,0.0,0.0,4.648664343786295,0.0,0.0
ZL000082,DA46,0.0,0.03974998732921119,-100.0,0.0,0.0,0.0,-100.0,0.0,-39.84923843805584,0.03974998732921119,DA46_ZL000082,DA33,0.4140844217610559,0.4140838449778933,0.0,0.1101127554615926,DA33_DA46,1.0,0.041666666666666664,DA33_ZL000082,DA46_ZL000082,0.0,0.0,4.648664343786295,0.0,0.0
ZL000082,DA46,0.0,0.03974998732921119,-100.0,0.0,0.0,0.0,-100.0,0.0,-39.84923843805584,0.03974998732921119,DA46_ZL000082,DA34,0.5389299313384605,0.5389292287017731,0.0,0.1101127554615926,DA34_DA46,1.0,0.041666666666666664,DA34_ZL000082,DA46_ZL000082,0.0,0.0,4.648664343786295,0.0,0.0
ZL000082,DA46,0.0,0.03974998732921119,-100.0,0.0,0.0,0.0,-100.0,0.0,-39.84923843805584,0.03974998732921119,DA46_ZL000082,DA38,0.3745721139002418,0.3745721139002418,0.0,0.1101127554615926,DA38_DA46,1.0,0.041666666666666664,DA38_ZL000082,DA46_ZL000082,0.0,0.0,4.648664343786295,0.0,0.0
ZL000082,DA46,0.0,0.03974998732921119,-100.0,0.0,0.0,0.0,-100.0,0.0,-39.84923843805584,0.03974998732921119,DA46_ZL000082,DA42,0.45472303011902804,0.45472303011902804,0.0,0.1101127554615926,DA42_DA46,1.0,0.041666666666666664,DA42_ZL000082,DA46_ZL000082,0.0,0.0,4.648664343786295,0.0,0.0
ZL000082,DA36,0.0,0.05763467136630127,-100.0,0.0,0.0,0.0,-100.0,0.0,-39.84923843805584,0.05763467136630127,DA36_ZL000082,DA33,0.4140844217610559,0.4140838449778933,0.0,0.1101127554615926,DA33_DA36,0.8574469683224957,0.03572695701343732,DA33_ZL000082,DA36_ZL000082,0.0,0.0,4.648664343786295,0.0,0.0
ZL000082,DA36,0.0,0.05763467136630127,-100.0,0.0,0.0,0.0,-100.0,0.0,-39.84923843805584,0.05763467136630127,DA36_ZL000082,DA34,0.5389299313384605,0.5389292287017731,0.0,0.1101127554615926,DA34_DA36,0.8081149823420368,0.033671457597584865,DA34_ZL000082,DA36_ZL000082,0.0,0.0,4.648664343786295,0.0,0.0
ZL000082,DA36,0.0,0.05763467136630127,-100.0,0.0,0.0,0.0,-100.0,0.0,-39.84923843805584,0.05763467136630127,DA36_ZL000082,DA38,0.3745721139002418,0.3745721139002418,0.0,0.1101127554615926,DA38_DA36,0.8754641973849986,0.03647767489104161,DA38_ZL000082,DA36_ZL000082,0.0,0.0,4.648664343786295,0.0,0.0
ZL000082,DA36,0.0,0.05763467136630127,-100.0,0.0,0.0,0.0,-100.0,0.0,-39.84923843805584,0.05763467136630127,DA36_ZL000082,DA42,0.45472303011902804,0.45472303011902804,0.0,0.1101127554615926,DA42_DA36,1.162766299832193,0.048448595826341374,DA42_ZL000082,DA36_ZL000082,0.0,0.0,4.648664343786295,0.0,0.0
ZL000082,DA44,0.0,0.05210121900203069,-100.0,0.0,0.4463512455248733,-0.4463512455248733,-956.7,0.0,-39.84923843805584,0.49845236219242767,DA44_ZL000082,DA33,0.4140844217610559,0.4140838449778933,0.0,0.1101127554615926,DA33_DA44,0.8393843194538297,0.034974346643909575,DA33_ZL000082,DA44_ZL000082,0.0,0.0,4.648664343786295,0.0,0.0
ZL000082,DA44,0.0,0.05210121900203069,-100.0,0.0,0.4463512455248733,-0.4463512455248733,-956.7,0.0,-39.84923843805584,0.49845236219242767,DA44_ZL000082,DA34,0.5389299313384605,0.5389292287017731,0.0,0.1101127554615926,DA34_DA44,0.7900523334733707,0.03291884722805711,DA34_ZL000082,DA44_ZL000082,0.0,0.0,4.648664343786295,0.0,0.0
ZL000082,DA44,0.0,0.05210121900203069,-100.0,0.0,0.4463512455248733,-0.4463512455248733,-956.7,0.0,-39.84923843805584,0.49845236219242767,DA44_ZL000082,DA38,0.3745721139002418,0.3745721139002418,0.0,0.1101127554615926,DA38_DA44,0.8574015485163325,0.035725064521513854,DA38_ZL000082,DA44_ZL000082,0.0,0.0,4.648664343786295,0.0,0.0
ZL000082,DA44,0.0,0.05210121900203069,-100.0,0.0,0.4463512455248733,-0.4463512455248733,-956.7,0.0,-39.84923843805584,0.49845236219242767,DA44_ZL000082,DA42,0.45472303011902804,0.45472303011902804,0.0,0.1101127554615926,DA42_DA44,1.144703650963527,0.04769598545681363,DA42_ZL000082,DA44_ZL000082,0.0,0.0,4.648664343786295,0.0,0.0
ZL000081,DA40,0.73788,0.2058350154431731,258.4812809479026,0.0,1.3603158557549568,-0.6224358557549569,-402.4,0.0,421.31413297795194,1.695492112822767,DA40_ZL000081,DA33,0.6051934550921629,0.6051934550921629,0.0,0.1101127554615926,DA33_DA40,0.9578175718246816,0.039909065492695066,DA33_ZL000081,DA40_ZL000081,0.0,0.0,4.584204413472706,0.0,0.0
ZL000081,DA40,0.73788,0.2058350154431731,258.4812809479026,0.0,1.3603158557549568,-0.6224358557549569,-402.4,0.0,421.31413297795194,1.695492112822767,DA40_ZL000081,DA34,0.6243826314067283,0.6243811725712338,0.0,0.1101127554615926,DA34_DA40,0.9084855858442228,0.037853566076842614,DA34_ZL000081,DA40_ZL000081,0.0,0.0,4.584204413472706,0.0,0.0
ZL000081,DA40,0.73788,0.2058350154431731,258.4812809479026,0.0,1.3603158557549568,-0.6224358557549569,-402.4,0.0,421.31413297795194,1.695492112822767,DA40_ZL000081,DA36,1.6666082234237969,1.6666026160154166,0.0,0.1101127554615926,DA36_DA40,1.251848176537314,0.05216034068905475,DA36_ZL000081,DA40_ZL000081,0.0,0.0,4.584204413472706,0.0,0.0
ZL000081,DA40,0.73788,0.2058350154431731,258.4812809479026,0.0,1.3603158557549568,-0.6224358557549569,-402.4,0.0,421.31413297795194,1.695492112822767,DA40_ZL000081,DA38,0.12061698036526121,0.12061698036526121,0.0,0.1101127554615926,DA38_DA40,0.9758348008871847,0.04065978337029936,DA38_ZL000081,DA40_ZL000081,0.0,0.0,4.584204413472706,0.0,0.0
ZL000081,DA39,0.0,0.0050546191968317,-100.0,0.0,0.0,0.0,-100.0,0.0,421.31413297795194,0.02635044424130029,DA39_ZL000081,DA33,0.6051934550921629,0.6051934550921629,0.0,0.1101127554615926,DA33_DA39,0.8393843194538297,0.034974346643909575,DA33_ZL000081,DA39_ZL000081,0.0,0.0,4.584204413472706,0.0,0.0
ZL000081,DA39,0.0,0.0050546191968317,-100.0,0.0,0.0,0.0,-100.0,0.0,421.31413297795194,0.02635044424130029,DA39_ZL000081,DA34,0.6243826314067283,0.6243811725712338,0.0,0.1101127554615926,DA34_DA39,0.7900523334733707,0.03291884722805711,DA34_ZL000081,DA39_ZL000081,0.0,0.0,4.584204413472706,0.0,0.0
ZL000081,DA39,0.0,0.0050546191968317,-100.0,0.0,0.0,0.0,-100.0,0.0,421.31413297795194,0.02635044424130029,DA39_ZL000081,DA36,1.6666082234237969,1.6666026160154166,0.0,0.1101127554615926,DA36_DA39,1.133414924166462,0.047225621840269245,DA36_ZL000081,DA39_ZL000081,0.0,0.0,4.584204413472706,0.0,0.0
ZL000081,DA39,0.0,0.0050546191968317,-100.0,0.0,0.0,0.0,-100.0,0.0,421.31413297795194,0.02635044424130029,DA39_ZL000081,DA38,0.12061698036526121,0.12061698036526121,0.0,0.1101127554615926,DA38_DA39,0.8574015485163325,0.035725064521513854,DA38_ZL000081,DA39_ZL000081,0.0,0.0,4.584204413472706,0.0,0.0
ZL000081,DA42,0.0,0.0050546191968317,-100.0,0.0,0.0,0.0,-100.0,0.0,421.31413297795194,0.02635044424130029,DA42_ZL000081,DA33,0.6051934550921629,0.6051934550921629,0.0,0.1101127554615926,DA33_DA42,0.868735695119561,0.036197320629981704,DA33_ZL000081,DA42_ZL000081,0.0,0.0,4.584204413472706,0.0,0.0
ZL000081,DA42,0.0,0.0050546191968317,-100.0,0.0,0.0,0.0,-100.0,0.0,421.31413297795194,0.02635044424130029,DA42_ZL000081,DA34,0.6243826314067283,0.6243811725712338,0.0,0.1101127554615926,DA34_DA42,0.8194037091391021,0.03414182121412925,DA34_ZL000081,DA42_ZL000081,0.0,0.0,4.584204413472706,0.0,0.0
ZL000081,DA42,0.0,0.0050546191968317,-100.0,0.0,0.0,0.0,-100.0,0.0,421.31413297795194,0.02635044424130029,DA42_ZL000081,DA36,1.6666082234237969,1.6666026160154166,0.0,0.1101127554615926,DA36_DA42,1.162766299832193,0.048448595826341374,DA36_ZL000081,DA42_ZL000081,0.0,0.0,4.584204413472706,0.0,0.0
ZL000081,DA42,0.0,0.0050546191968317,-100.0,0.0,0.0,0.0,-100.0,0.0,421.31413297795194,0.02635044424130029,DA42_ZL000081,DA38,0.12061698036526121,0.12061698036526121,0.0,0.1101127554615926,DA38_DA42,0.8867529241820639,0.036948038507586,DA38_ZL000081,DA42_ZL000081,0.0,0.0,4.584204413472706,0.0,0.0
ZL000081,DA45,0.0,0.0050546191968317,-100.0,0.0,0.0,0.0,-100.0,0.0,421.31413297795194,0.02635044424130029,DA45_ZL000081,DA33,0.6051934550921629,0.6051934550921629,0.0,0.1101127554615926,DA33_DA45,1.0,0.041666666666666664,DA33_ZL000081,DA45_ZL000081,0.0,0.0,4.584204413472706,0.0,0.0
ZL000081,DA45,0.0,0.0050546191968317,-100.0,0.0,0.0,0.0,-100.0,0.0,421.31413297795194,0.02635044424130029,DA45_ZL000081,DA34,0.6243826314067283,0.6243811725712338,0.0,0.1101127554615926,DA34_DA45,1.0,0.041666666666666664,DA34_ZL000081,DA45_ZL000081,0.0,0.0,4.584204413472706,0.0,0.0
ZL000081,DA45,0.0,0.0050546191968317,-100.0,0.0,0.0,0.0,-100.0,0.0,421.31413297795194,0.02635044424130029,DA45_ZL000081,DA36,1.6666082234237969,1.6666026160154166,0.0,0.1101127554615926,DA36_DA45,1.122125669682195,0.046755236236758126,DA36_ZL000081,DA45_ZL000081,0.0,0.0,4.584204413472706,0.0,0.0
ZL000081,DA45,0.0,0.0050546191968317,-100.0,0.0,0.0,0.0,-100.0,0.0,421.31413297795194,0.02635044424130029,DA45_ZL000081,DA38,0.12061698036526121,0.12061698036526121,0.0,0.1101127554615926,DA38_DA45,1.0,0.041666666666666664,DA38_ZL000081,DA45_ZL000081,0.0,0.0,4.584204413472706,0.0,0.0
ZL000081,DA35,0.0,0.0050546191968317,-100.0,0.0,0.0,0.0,-100.0,0.0,421.31413297795194,0.02635044424130029,DA35_ZL000081,DA33,0.6051934550921629,0.6051934550921629,0.0,0.1101127554615926,DA33_DA35,1.0,0.041666666666666664,DA33_ZL000081,DA35_ZL000081,0.0,0.0,4.584204413472706,0.0,0.0
ZL000081,DA35,0.0,0.0050546191968317,-100.0,0.0,0.0,0.0,-100.0,0.0,421.31413297795194,0.02635044424130029,DA35_ZL000081,DA34,0.6243826314067283,0.6243811725712338,0.0,0.1101127554615926,DA34_DA35,1.0,0.041666666666666664,DA34_ZL000081,DA35_ZL000081,0.0,0.0,4.584204413472706,0.0,0.0
ZL000081,DA35,0.0,0.0050546191968317,-100.0,0.0,0.0,0.0,-100.0,0.0,421.31413297795194,0.02635044424130029,DA35_ZL000081,DA36,1.6666082234237969,1.6666026160154166,0.0,0.1101127554615926,DA36_DA35,1.155992641604193,0.04816636006684138,DA36_ZL000081,DA35_ZL000081,0.0,0.0,4.584204413472706,0.0,0.0
ZL000081,DA35,0.0,0.0050546191968317,-100.0,0.0,0.0,0.0,-100.0,0.0,421.31413297795194,0.02635044424130029,DA35_ZL000081,DA38,0.12061698036526121,0.12061698036526121,0.0,0.1101127554615926,DA38_DA35,1.0,0.041666666666666664,DA38_ZL000081,DA35_ZL000081,0.0,0.0,4.584204413472706,0.0,0.0
ZL000081,DA46,0.0,0.0050546191968317,-100.0,0.0,0.0,0.0,-100.0,0.0,421.31413297795194,0.02635044424130029,DA46_ZL000081,DA33,0.6051934550921629,0.6051934550921629,0.0,0.1101127554615926,DA33_DA46,1.0,0.041666666666666664,DA33_ZL000081,DA46_ZL000081,0.0,0.0,4.584204413472706,0.0,0.0
ZL000081,DA46,0.0,0.0050546191968317,-100.0,0.0,0.0,0.0,-100.0,0.0,421.31413297795194,0.02635044424130029,DA46_ZL000081,DA34,0.6243826314067283,0.6243811725712338,0.0,0.1101127554615926,DA34_DA46,1.0,0.041666666666666664,DA34_ZL000081,DA46_ZL000081,0.0,0.0,4.584204413472706,0.0,0.0
ZL000081,DA46,0.0,0.0050546191968317,-100.0,0.0,0.0,0.0,-100.0,0.0,421.31413297795194,0.02635044424130029,DA46_ZL000081,DA36,1.6666082234237969,1.6666026160154166,0.0,0.1101127554615926,DA36_DA46,1.155992641604193,0.04816636006684138,DA36_ZL000081,DA46_ZL000081,0.0,0.0,4.584204413472706,0.0,0.0
ZL000081,DA46,0.0,0.0050546191968317,-100.0,0.0,0.0,0.0,-100.0,0.0,421.31413297795194,0.02635044424130029,DA46_ZL000081,DA38,0.12061698036526121,0.12061698036526121,0.0,0.1101127554615926,DA38_DA46,1.0,0.041666666666666664,DA38_ZL000081,DA46_ZL000081,0.0,0.0,4.584204413472706,0.0,0.0
ZL000081,DA44,0.0,0.0050546191968317,-100.0,0.0,0.0,0.0,-100.0,0.0,421.31413297795194,0.02635044424130029,DA44_ZL000081,DA33,0.6051934550921629,0.6051934550921629,0.0,0.1101127554615926,DA33_DA44,0.8393843194538297,0.034974346643909575,DA33_ZL000081,DA44_ZL000081,0.0,0.0,4.584204413472706,0.0,0.0
ZL000081,DA44,0.0,0.0050546191968317,-100.0,0.0,0.0,0.0,-100.0,0.0,421.31413297795194,0.02635044424130029,DA44_ZL000081,DA34,0.6243826314067283,0.6243811725712338,0.0,0.1101127554615926,DA34_DA44,0.7900523334733707,0.03291884722805711,DA34_ZL000081,DA44_ZL000081,0.0,0.0,4.584204413472706,0.0,0.0
ZL000081,DA44,0.0,0.0050546191968317,-100.0,0.0,0.0,0.0,-100.0,0.0,421.31413297795194,0.02635044424130029,DA44_ZL000081,DA36,1.6666082234237969,1.6666026160154166,0.0,0.1101127554615926,DA36_DA44,1.133414924166462,0.047225621840269245,DA36_ZL000081,DA44_ZL000081,0.0,0.0,4.584204413472706,0.0,0.0
ZL000081,DA44,0.0,0.0050546191968317,-100.0,0.0,0.0,0.0,-100.0,0.0,421.31413297795194,0.02635044424130029,DA44_ZL000081,DA38,0.12061698036526121,0.12061698036526121,0.0,0.1101127554615926,DA38_DA44,0.8574015485163325,0.035725064521513854,DA38_ZL000081,DA44_ZL000081,0.0,0.0,4.584204413472706,0.0,0.0
ZL000081,DA37,0.0,0.0050546191968317,-100.0,0.0,0.0,0.0,-100.0,0.0,421.31413297795194,0.02635044424130029,DA37_ZL000081,DA33,0.6051934550921629,0.6051934550921629,0.0,0.1101127554615926,DA33_DA37,0.868735695119561,0.036197320629981704,DA33_ZL000081,DA37_ZL000081,0.0,0.0,4.584204413472706,0.0,0.0
ZL000081,DA37,0.0,0.0050546191968317,-100.0,0.0,0.0,0.0,-100.0,0.0,421.31413297795194,0.02635044424130029,DA37_ZL000081,DA34,0.6243826314067283,0.6243811725712338,0.0,0.1101127554615926,DA34_DA37,0.8194037091391021,0.03414182121412925,DA34_ZL000081,DA37_ZL000081,0.0,0.0,4.584204413472706,0.0,0.0
ZL000081,DA37,0.0,0.0050546191968317,-100.0,0.0,0.0,0.0,-100.0,0.0,421.31413297795194,0.02635044424130029,DA37_ZL000081,DA36,1.6666082234237969,1.6666026160154166,0.0,0.1101127554615926,DA36_DA37,1.162766299832193,0.048448595826341374,DA36_ZL000081,DA37_ZL000081,0.0,0.0,4.584204413472706,0.0,0.0
ZL000081,DA37,0.0,0.0050546191968317,-100.0,0.0,0.0,0.0,-100.0,0.0,421.31413297795194,0.02635044424130029,DA37_ZL000081,DA38,0.12061698036526121,0.12061698036526121,0.0,0.1101127554615926,DA38_DA37,0.8867529241820639,0.036948038507586,DA38_ZL000081,DA37_ZL000081,0.0,0.0,4.584204413472706,0.0,0.0
ZL000080,DA39,0.0,0.0050546191968317,-100.0,0.0,0.0,0.0,-100.0,0.0,2913.0206031173407,0.1522967178096634,DA39_ZL000080,DA33,0.7906094299291418,0.7906088279485668,0.0,0.1101127554615926,DA33_DA39,0.8393843194538297,0.034974346643909575,DA33_ZL000080,DA39_ZL000080,0.0,0.0,3.596544715447154,0.0,0.0
ZL000080,DA39,0.0,0.0050546191968317,-100.0,0.0,0.0,0.0,-100.0,0.0,2913.0206031173407,0.1522967178096634,DA39_ZL000080,DA34,0.7489443347235353,0.7489438848190417,0.0,0.1101127554615926,DA34_DA39,0.7900523334733707,0.03291884722805711,DA34_ZL000080,DA39_ZL000080,0.0,0.0,3.596544715447154,0.0,0.0
ZL000080,DA39,0.0,0.0050546191968317,-100.0,0.0,0.0,0.0,-100.0,0.0,2913.0206031173407,0.1522967178096634,DA39_ZL000080,DA36,0.7604261748755815,0.7604261748755815,0.0,0.1101127554615926,DA36_DA39,1.133414924166462,0.047225621840269245,DA36_ZL000080,DA39_ZL000080,0.0,0.0,3.596544715447154,0.0,0.0
ZL000080,DA39,0.0,0.0050546191968317,-100.0,0.0,0.0,0.0,-100.0,0.0,2913.0206031173407,0.1522967178096634,DA39_ZL000080,DA37,0.44323751909498027,0.44323742081144585,0.0,0.1101127554615926,DA37_DA39,1.144703650963527,0.04769598545681363,DA37_ZL000080,DA39_ZL000080,0.0,0.0,3.596544715447154,0.0,0.0
ZL000080,DA39,0.0,0.0050546191968317,-100.0,0.0,0.0,0.0,-100.0,0.0,2913.0206031173407,0.1522967178096634,DA39_ZL000080,DA38,5.063268077597228,5.063265869620394,0.0,0.1101127554615926,DA38_DA39,0.8574015485163325,0.035725064521513854,DA38_ZL000080,DA39_ZL000080,0.0,0.0,3.596544715447154,0.0,0.0
ZL000080,DA39,0.0,0.0050546191968317,-100.0,0.0,0.0,0.0,-100.0,0.0,2913.0206031173407,0.1522967178096634,DA39_ZL000080,DA40,2.3149619845305147,2.314960605851467,0.0,0.1101127554615926,DA40_DA39,1.233785527668648,0.051407730319527,DA40_ZL000080,DA39_ZL000080,0.0,0.0,3.596544715447154,0.0,0.0
ZL000080,DA39,0.0,0.0050546191968317,-100.0,0.0,0.0,0.0,-100.0,0.0,2913.0206031173407,0.1522967178096634,DA39_ZL000080,DA44,0.5800021526578653,0.5800019394130178,0.0,0.1101127554615926,DA44_DA39,1.115352275297796,0.0464730114707415,DA44_ZL000080,DA39_ZL000080,0.0,0.0,3.596544715447154,0.0,0.0
ZL000080,DA39,0.0,0.0050546191968317,-100.0,0.0,0.0,0.0,-100.0,0.0,2913.0206031173407,0.1522967178096634,DA39_ZL000080,DA46,0.08001498417237764,0.08001498417237764,0.0,0.1101127554615926,DA46_DA39,1.0,0.041666666666666664,DA46_ZL000080,DA39_ZL000080,0.0,0.0,3.596544715447154,0.0,0.0
ZL000080,DA42,0.0,0.0050546191968317,-100.0,0.0,0.0,0.0,-100.0,0.0,2913.0206031173407,0.1522967178096634,DA42_ZL000080,DA33,0.7906094299291418,0.7906088279485668,0.0,0.1101127554615926,DA33_DA42,0.868735695119561,0.036197320629981704,DA33_ZL000080,DA42_ZL000080,0.0,0.0,3.596544715447154,0.0,0.0
ZL000080,DA42,0.0,0.0050546191968317,-100.0,0.0,0.0,0.0,-100.0,0.0,2913.0206031173407,0.1522967178096634,DA42_ZL000080,DA34,0.7489443347235353,0.7489438848190417,0.0,0.1101127554615926,DA34_DA42,0.8194037091391021,0.03414182121412925,DA34_ZL000080,DA42_ZL000080,0.0,0.0,3.596544715447154,0.0,0.0
ZL000080,DA42,0.0,0.0050546191968317,-100.0,0.0,0.0,0.0,-100.0,0.0,2913.0206031173407,0.1522967178096634,DA42_ZL000080,DA36,0.7604261748755815,0.7604261748755815,0.0,0.1101127554615926,DA36_DA42,1.162766299832193,0.048448595826341374,DA36_ZL000080,DA42_ZL000080,0.0,0.0,3.596544715447154,0.0,0.0
ZL000080,DA42,0.0,0.0050546191968317,-100.0,0.0,0.0,0.0,-100.0,0.0,2913.0206031173407,0.1522967178096634,DA42_ZL000080,DA37,0.44323751909498027,0.44323742081144585,0.0,0.1101127554615926,DA37_DA42,1.174055026629258,0.04891895944288575,DA37_ZL000080,DA42_ZL000080,0.0,0.0,3.596544715447154,0.0,0.0
ZL000080,DA42,0.0,0.0050546191968317,-100.0,0.0,0.0,0.0,-100.0,0.0,2913.0206031173407,0.1522967178096634,DA42_ZL000080,DA38,5.063268077597228,5.063265869620394,0.0,0.1101127554615926,DA38_DA42,0.8867529241820639,0.036948038507586,DA38_ZL000080,DA42_ZL000080,0.0,0.0,3.596544715447154,0.0,0.0
ZL000080,DA42,0.0,0.0050546191968317,-100.0,0.0,0.0,0.0,-100.0,0.0,2913.0206031173407,0.1522967178096634,DA42_ZL000080,DA40,2.3149619845305147,2.314960605851467,0.0,0.1101127554615926,DA40_DA42,1.263136903334379,0.05263070430559912,DA40_ZL000080,DA42_ZL000080,0.0,0.0,3.596544715447154,0.0,0.0
ZL000080,DA42,0.0,0.0050546191968317,-100.0,0.0,0.0,0.0,-100.0,0.0,2913.0206031173407,0.1522967178096634,DA42_ZL000080,DA44,0.5800021526578653,0.5800019394130178,0.0,0.1101127554615926,DA44_DA42,1.144703650963527,0.04769598545681363,DA44_ZL000080,DA42_ZL000080,0.0,0.0,3.596544715447154,0.0,0.0
ZL000080,DA42,0.0,0.0050546191968317,-100.0,0.0,0.0,0.0,-100.0,0.0,2913.0206031173407,0.1522967178096634,DA42_ZL000080,DA46,0.08001498417237764,0.08001498417237764,0.0,0.1101127554615926,DA46_DA42,1.0,0.041666666666666664,DA46_ZL000080,DA42_ZL000080,0.0,0.0,3.596544715447154,0.0,0.0
ZL000080,DA45,0.0,0.00395199312137874,-100.0,0.0,0.0,0.0,-100.0,0.0,2913.0206031173407,0.11907436698092155,DA45_ZL000080,DA33,0.7906094299291418,0.7906088279485668,0.0,0.1101127554615926,DA33_DA45,1.0,0.041666666666666664,DA33_ZL000080,DA45_ZL000080,0.0,0.0,3.596544715447154,0.0,0.0
ZL000080,DA45,0.0,0.00395199312137874,-100.0,0.0,0.0,0.0,-100.0,0.0,2913.0206031173407,0.11907436698092155,DA45_ZL000080,DA34,0.7489443347235353,0.7489438848190417,0.0,0.1101127554615926,DA34_DA45,1.0,0.041666666666666664,DA34_ZL000080,DA45_ZL000080,0.0,0.0,3.596544715447154,0.0,0.0
ZL000080,DA45,0.0,0.00395199312137874,-100.0,0.0,0.0,0.0,-100.0,0.0,2913.0206031173407,0.11907436698092155,DA45_ZL000080,DA36,0.7604261748755815,0.7604261748755815,0.0,0.1101127554615926,DA36_DA45,1.122125669682195,0.046755236236758126,DA36_ZL000080,DA45_ZL000080,0.0,0.0,3.596544715447154,0.0,0.0
ZL000080,DA45,0.0,0.00395199312137874,-100.0,0.0,0.0,0.0,-100.0,0.0,2913.0206031173407,0.11907436698092155,DA45_ZL000080,DA37,0.44323751909498027,0.44323742081144585,0.0,0.1101127554615926,DA37_DA45,1.0,0.041666666666666664,DA37_ZL000080,DA45_ZL000080,0.0,0.0,3.596544715447154,0.0,0.0
ZL000080,DA45,0.0,0.00395199312137874,-100.0,0.0,0.0,0.0,-100.0,0.0,2913.0206031173407,0.11907436698092155,DA45_ZL000080,DA38,5.063268077597228,5.063265869620394,0.0,0.1101127554615926,DA38_DA45,1.0,0.041666666666666664,DA38_ZL000080,DA45_ZL000080,0.0,0.0,3.596544715447154,0.0,0.0
ZL000080,DA45,0.0,0.00395199312137874,-100.0,0.0,0.0,0.0,-100.0,0.0,2913.0206031173407,0.11907436698092155,DA45_ZL000080,DA40,2.3149619845305147,2.314960605851467,0.0,0.1101127554615926,DA40_DA45,1.0,0.041666666666666664,DA40_ZL000080,DA45_ZL000080,0.0,0.0,3.596544715447154,0.0,0.0
ZL000080,DA45,0.0,0.00395199312137874,-100.0,0.0,0.0,0.0,-100.0,0.0,2913.0206031173407,0.11907436698092155,DA45_ZL000080,DA44,0.5800021526578653,0.5800019394130178,0.0,0.1101127554615926,DA44_DA45,1.0,0.041666666666666664,DA44_ZL000080,DA45_ZL000080,0.0,0.0,3.596544715447154,0.0,0.0
ZL000080,DA45,0.0,0.00395199312137874,-100.0,0.0,0.0,0.0,-100.0,0.0,2913.0206031173407,0.11907436698092155,DA45_ZL000080,DA46,0.08001498417237764,0.08001498417237764,0.0,0.1101127554615926,DA46_DA45,1.230499979832588,0.0512708324930245,DA46_ZL000080,DA45_ZL000080,0.0,0.0,3.596544715447154,0.0,0.0
ZL000080,DA35,0.0,0.01119807937297436,-100.0,0.0,0.0,0.0,-100.0,0.0,2913.0206031173407,0.3374004386611506,DA35_ZL000080,DA33,0.7906094299291418,0.7906088279485668,0.0,0.1101127554615926,DA33_DA35,1.0,0.041666666666666664,DA33_ZL000080,DA35_ZL000080,0.0,0.0,3.596544715447154,0.0,0.0
ZL000080,DA35,0.0,0.01119807937297436,-100.0,0.0,0.0,0.0,-100.0,0.0,2913.0206031173407,0.3374004386611506,DA35_ZL000080,DA34,0.7489443347235353,0.7489438848190417,0.0,0.1101127554615926,DA34_DA35,1.0,0.041666666666666664,DA34_ZL000080,DA35_ZL000080,0.0,0.0,3.596544715447154,0.0,0.0
ZL000080,DA35,0.0,0.01119807937297436,-100.0,0.0,0.0,0.0,-100.0,0.0,2913.0206031173407,0.3374004386611506,DA35_ZL000080,DA36,0.7604261748755815,0.7604261748755815,0.0,0.1101127554615926,DA36_DA35,1.155992641604193,0.04816636006684138,DA36_ZL000080,DA35_ZL000080,0.0,0.0,3.596544715447154,0.0,0.0
ZL000080,DA35,0.0,0.01119807937297436,-100.0,0.0,0.0,0.0,-100.0,0.0,2913.0206031173407,0.3374004386611506,DA35_ZL000080,DA37,0.44323751909498027,0.44323742081144585,0.0,0.1101127554615926,DA37_DA35,1.0,0.041666666666666664,DA37_ZL000080,DA35_ZL000080,0.0,0.0,3.596544715447154,0.0,0.0
ZL000080,DA35,0.0,0.01119807937297436,-100.0,0.0,0.0,0.0,-100.0,0.0,2913.0206031173407,0.3374004386611506,DA35_ZL000080,DA38,5.063268077597228,5.063265869620394,0.0,0.1101127554615926,DA38_DA35,1.0,0.041666666666666664,DA38_ZL000080,DA35_ZL000080,0.0,0.0,3.596544715447154,0.0,0.0
ZL000080,DA35,0.0,0.01119807937297436,-100.0,0.0,0.0,0.0,-100.0,0.0,2913.0206031173407,0.3374004386611506,DA35_ZL000080,DA40,2.3149619845305147,2.314960605851467,0.0,0.1101127554615926,DA40_DA35,1.0,0.041666666666666664,DA40_ZL000080,DA35_ZL000080,0.0,0.0,3.596544715447154,0.0,0.0
ZL000080,DA35,0.0,0.01119807937297436,-100.0,0.0,0.0,0.0,-100.0,0.0,2913.0206031173407,0.3374004386611506,DA35_ZL000080,DA44,0.5800021526578653,0.5800019394130178,0.0,0.1101127554615926,DA44_DA35,1.0,0.041666666666666664,DA44_ZL000080,DA35_ZL000080,0.0,0.0,3.596544715447154,0.0,0.0
ZL000080,DA35,0.0,0.01119807937297436,-100.0,0.0,0.0,0.0,-100.0,0.0,2913.0206031173407,0.3374004386611506,DA35_ZL000080,DA46,0.08001498417237764,0.08001498417237764,0.0,0.1101127554615926,DA46_DA35,1.264366951754586,0.052681956323107744,DA46_ZL000080,DA35_ZL000080,0.0,0.0,3.596544715447154,0.0,0.0
ZL000079,DA34,0.31,0.2921540011365855,6.108421857645982,0.0,1.8033807631039243,-1.4933807631039242,-611.16,0.0,1096.1376568398086,4.987938415768673,DA34_ZL000079,DA33,1.707485825007323,1.7074830529742127,0.0,0.1851851851851852,DA33_DA34,0.5140843776294046,0.02142018240122519,DA33_ZL000079,DA34_ZL000079,0.0,0.0,107.0344076655052,0.0,0.0
ZL000079,DA34,0.31,0.2921540011365855,6.108421857645982,0.0,1.8033807631039243,-1.4933807631039242,-611.16,0.0,1096.1376568398086,4.987938415768673,DA34_ZL000079,DA36,3.5922056606419335,3.5922013526698975,0.0,0.1851851851851852,DA36_DA34,0.8081149823420368,0.033671457597584865,DA36_ZL000079,DA34_ZL000079,0.0,0.0,107.0344076655052,0.0,0.0
ZL000079,DA34,0.31,0.2921540011365855,6.108421857645982,0.0,1.8033807631039243,-1.4933807631039242,-611.16,0.0,1096.1376568398086,4.987938415768673,DA34_ZL000079,DA37,1.7424056358791675,1.7424009553249684,0.0,0.1851851851851852,DA37_DA34,0.8194037091391021,0.03414182121412925,DA37_ZL000079,DA34_ZL000079,0.0,0.0,107.0344076655052,0.0,0.0
ZL000079,DA34,0.31,0.2921540011365855,6.108421857645982,0.0,1.8033807631039243,-1.4933807631039242,-611.16,0.0,1096.1376568398086,4.987938415768673,DA34_ZL000079,DA38,4.666900651126271,4.666900651126271,0.0,0.1851851851851852,DA38_DA34,0.5321016066919075,0.02217090027882948,DA38_ZL000079,DA34_ZL000079,0.0,0.0,107.0344076655052,0.0,0.0
ZL000079,DA34,0.31,0.2921540011365855,6.108421857645982,0.0,1.8033807631039243,-1.4933807631039242,-611.16,0.0,1096.1376568398086,4.987938415768673,DA34_ZL000079,DA42,9.589692319261028,9.589692319261028,0.0,0.1851851851851852,DA42_DA34,0.8194037091391021,0.03414182121412925,DA42_ZL000079,DA34_ZL000079,0.0,0.0,107.0344076655052,0.0,0.0
ZL000079,DA34,0.31,0.2921540011365855,6.108421857645982,0.0,1.8033807631039243,-1.4933807631039242,-611.16,0.0,1096.1376568398086,4.987938415768673,DA34_ZL000079,DA44,0.9887803179218787,0.9887796245677885,0.0,0.1851851851851852,DA44_DA34,0.7900523334733707,0.03291884722805711,DA44_ZL000079,DA34_ZL000079,0.0,0.0,107.0344076655052,0.0,0.0
ZL000079,DA35,0.135,0.1190177226286138,13.428485286395322,0.0,0.766899104870962,-0.631899104870962,-630.93,0.0,1096.1376568398086,2.055516593426103,DA35_ZL000079,DA33,1.707485825007323,1.7074830529742127,0.0,0.1851851851851852,DA33_DA35,1.0,0.041666666666666664,DA33_ZL000079,DA35_ZL000079,0.0,0.0,107.0344076655052,0.0,0.0
ZL000079,DA35,0.135,0.1190177226286138,13.428485286395322,0.0,0.766899104870962,-0.631899104870962,-630.93,0.0,1096.1376568398086,2.055516593426103,DA35_ZL000079,DA36,3.5922056606419335,3.5922013526698975,0.0,0.1851851851851852,DA36_DA35,1.155992641604193,0.04816636006684138,DA36_ZL000079,DA35_ZL000079,0.0,0.0,107.0344076655052,0.0,0.0
ZL000079,DA35,0.135,0.1190177226286138,13.428485286395322,0.0,0.766899104870962,-0.631899104870962,-630.93,0.0,1096.1376568398086,2.055516593426103,DA35_ZL000079,DA37,1.7424056358791675,1.7424009553249684,0.0,0.1851851851851852,DA37_DA35,1.0,0.041666666666666664,DA37_ZL000079,DA35_ZL000079,0.0,0.0,107.0344076655052,0.0,0.0
ZL000079,DA35,0.135,0.1190177226286138,13.428485286395322,0.0,0.766899104870962,-0.631899104870962,-630.93,0.0,1096.1376568398086,2.055516593426103,DA35_ZL000079,DA38,4.666900651126271,4.666900651126271,0.0,0.1851851851851852,DA38_DA35,1.0,0.041666666666666664,DA38_ZL000079,DA35_ZL000079,0.0,0.0,107.0344076655052,0.0,0.0
ZL000079,DA35,0.135,0.1190177226286138,13.428485286395322,0.0,0.766899104870962,-0.631899104870962,-630.93,0.0,1096.1376568398086,2.055516593426103,DA35_ZL000079,DA42,9.589692319261028,9.589692319261028,0.0,0.1851851851851852,DA42_DA35,1.0,0.041666666666666664,DA42_ZL000079,DA35_ZL000079,0.0,0.0,107.0344076655052,0.0,0.0
ZL000079,DA35,0.135,0.1190177226286138,13.428485286395322,0.0,0.766899104870962,-0.631899104870962,-630.93,0.0,1096.1376568398086,2.055516593426103,DA35_ZL000079,DA44,0.9887803179218787,0.9887796245677885,0.0,0.1851851851851852,DA44_DA35,1.0,0.041666666666666664,DA44_ZL000079,DA35_ZL000079,0.0,0.0,107.0344076655052,0.0,0.0
ZL000079,DA39,0.39,0.1074528693613411,262.9498237860109,0.0,0.6394069947972358,-0.24940699479723583,-332.11,0.0,1096.1376568398086,1.5346930888604953,DA39_ZL000079,DA33,1.707485825007323,1.7074830529742127,0.0,0.1851851851851852,DA33_DA39,0.8393843194538297,0.034974346643909575,DA33_ZL000079,DA39_ZL000079,0.0,0.0,107.0344076655052,0.0,0.0
ZL000079,DA39,0.39,0.1074528693613411,262.9498237860109,0.0,0.6394069947972358,-0.24940699479723583,-332.11,0.0,1096.1376568398086,1.5346930888604953,DA39_ZL000079,DA36,3.5922056606419335,3.5922013526698975,0.0,0.1851851851851852,DA36_DA39,1.133414924166462,0.047225621840269245,DA36_ZL000079,DA39_ZL000079,0.0,0.0,107.0344076655052,0.0,0.0
ZL000079,DA39,0.39,0.1074528693613411,262.9498237860109,0.0,0.6394069947972358,-0.24940699479723583,-332.11,0.0,1096.1376568398086,1.5346930888604953,DA39_ZL000079,DA37,1.7424056358791675,1.7424009553249684,0.0,0.1851851851851852,DA37_DA39,1.144703650963527,0.04769598545681363,DA37_ZL000079,DA39_ZL000079,0.0,0.0,107.0344076655052,0.0,0.0
ZL000079,DA39,0.39,0.1074528693613411,262.9498237860109,0.0,0.6394069947972358,-0.24940699479723583,-332.11,0.0,1096.1376568398086,1.5346930888604953,DA39_ZL000079,DA38,4.666900651126271,4.666900651126271,0.0,0.1851851851851852,DA38_DA39,0.8574015485163325,0.035725064521513854,DA38_ZL000079,DA39_ZL000079,0.0,0.0,107.0344076655052,0.0,0.0
ZL000079,DA39,0.39,0.1074528693613411,262.9498237860109,0.0,0.6394069947972358,-0.24940699479723583,-332.11,0.0,1096.1376568398086,1.5346930888604953,DA39_ZL000079,DA42,9.589692319261028,9.589692319261028,0.0,0.1851851851851852,DA42_DA39,1.144703650963527,0.04769598545681363,DA42_ZL000079,DA39_ZL000079,0.0,0.0,107.0344076655052,0.0,0.0
ZL000079,DA39,0.39,0.1074528693613411,262.9498237860109,0.0,0.6394069947972358,-0.24940699479723583,-332.11,0.0,1096.1376568398086,1.5346930888604953,DA39_ZL000079,DA44,0.9887803179218787,0.9887796245677885,0.0,0.1851851851851852,DA44_DA39,1.115352275297796,0.0464730114707415,DA44_ZL000079,DA39_ZL000079,0.0,0.0,107.0344076655052,0.0,0.0
ZL000079,DA40,0.44,0.2184138549653525,101.45242162856299,0.0,1.5260124320274975,-1.0860124320274975,-597.23,0.0,1096.1376568398086,3.6985495780402884,DA40_ZL000079,DA33,1.707485825007323,1.7074830529742127,0.0,0.1851851851851852,DA33_DA40,0.9578175718246816,0.039909065492695066,DA33_ZL000079,DA40_ZL000079,0.0,0.0,107.0344076655052,0.0,0.0
ZL000079,DA40,0.44,0.2184138549653525,101.45242162856299,0.0,1.5260124320274975,-1.0860124320274975,-597.23,0.0,1096.1376568398086,3.6985495780402884,DA40_ZL000079,DA36,3.5922056606419335,3.5922013526698975,0.0,0.1851851851851852,DA36_DA40,1.251848176537314,0.05216034068905475,DA36_ZL000079,DA40_ZL000079,0.0,0.0,107.0344076655052,0.0,0.0
ZL000079,DA40,0.44,0.2184138549653525,101.45242162856299,0.0,1.5260124320274975,-1.0860124320274975,-597.23,0.0,1096.1376568398086,3.6985495780402884,DA40_ZL000079,DA37,1.7424056358791675,1.7424009553249684,0.0,0.1851851851851852,DA37_DA40,1.263136903334379,0.05263070430559912,DA37_ZL000079,DA40_ZL000079,0.0,0.0,107.0344076655052,0.0,0.0
ZL000079,DA40,0.44,0.2184138549653525,101.45242162856299,0.0,1.5260124320274975,-1.0860124320274975,-597.23,0.0,1096.1376568398086,3.6985495780402884,DA40_ZL000079,DA38,4.666900651126271,4.666900651126271,0.0,0.1851851851851852,DA38_DA40,0.9758348008871847,0.04065978337029936,DA38_ZL000079,DA40_ZL000079,0.0,0.0,107.0344076655052,0.0,0.0
ZL000079,DA40,0.44,0.2184138549653525,101.45242162856299,0.0,1.5260124320274975,-1.0860124320274975,-597.23,0.0,1096.1376568398086,3.6985495780402884,DA40_ZL000079,DA42,9.589692319261028,9.589692319261028,0.0,0.1851851851851852,DA42_DA40,1.263136903334379,0.05263070430559912,DA42_ZL000079,DA40_ZL000079,0.0,0.0,107.0344076655052,0.0,0.0
ZL000079,DA40,0.44,0.2184138549653525,101.45242162856299,0.0,1.5260124320274975,-1.0860124320274975,-597.23,0.0,1096.1376568398086,3.6985495780402884,DA40_ZL000079,DA44,0.9887803179218787,0.9887796245677885,0.0,0.1851851851851852,DA44_DA40,1.233785527668648,0.051407730319527,DA44_ZL000079,DA40_ZL000079,0.0,0.0,107.0344076655052,0.0,0.0
ZL000079,DA45,0.07,0.06511939557828934,7.494855224574359,0.0,0.5167809957950263,-0.44678099579502634,-786.1,0.0,1096.1376568398086,1.2257017854810393,DA45_ZL000079,DA33,1.707485825007323,1.7074830529742127,0.0,0.1851851851851852,DA33_DA45,1.0,0.041666666666666664,DA33_ZL000079,DA45_ZL000079,0.0,0.0,107.0344076655052,0.0,0.0
ZL000079,DA45,0.07,0.06511939557828934,7.494855224574359,0.0,0.5167809957950263,-0.44678099579502634,-786.1,0.0,1096.1376568398086,1.2257017854810393,DA45_ZL000079,DA36,3.5922056606419335,3.5922013526698975,0.0,0.1851851851851852,DA36_DA45,1.122125669682195,0.046755236236758126,DA36_ZL000079,DA45_ZL000079,0.0,0.0,107.0344076655052,0.0,0.0
ZL000079,DA45,0.07,0.06511939557828934,7.494855224574359,0.0,0.5167809957950263,-0.44678099579502634,-786.1,0.0,1096.1376568398086,1.2257017854810393,DA45_ZL000079,DA37,1.7424056358791675,1.7424009553249684,0.0,0.1851851851851852,DA37_DA45,1.0,0.041666666666666664,DA37_ZL000079,DA45_ZL000079,0.0,0.0,107.0344076655052,0.0,0.0
ZL000079,DA45,0.07,0.06511939557828934,7.494855224574359,0.0,0.5167809957950263,-0.44678099579502634,-786.1,0.0,1096.1376568398086,1.2257017854810393,DA45_ZL000079,DA38,4.666900651126271,4.666900651126271,0.0,0.1851851851851852,DA38_DA45,1.0,0.041666666666666664,DA38_ZL000079,DA45_ZL000079,0.0,0.0,107.0344076655052,0.0,0.0
ZL000079,DA45,0.07,0.06511939557828934,7.494855224574359,0.0,0.5167809957950263,-0.44678099579502634,-786.1,0.0,1096.1376568398086,1.2257017854810393,DA45_ZL000079,DA42,9.589692319261028,9.589692319261028,0.0,0.1851851851851852,DA42_DA45,1.0,0.041666666666666664,DA42_ZL000079,DA45_ZL000079,0.0,0.0,107.0344076655052,0.0,0.0
ZL000079,DA45,0.07,0.06511939557828934,7.494855224574359,0.0,0.5167809957950263,-0.44678099579502634,-786.1,0.0,1096.1376568398086,1.2257017854810393,DA45_ZL000079,DA44,0.9887803179218787,0.9887796245677885,0.0,0.1851851851851852,DA44_DA45,1.0,0.041666666666666664,DA44_ZL000079,DA45_ZL000079,0.0,0.0,107.0344076655052,0.0,0.0
ZL000079,DA46,0.275,0.0585277762172502,369.8623760780233,0.0,0.3678779970066288,-0.0928779970066288,-258.69,0.0,1096.1376568398086,0.7929504991246177,DA46_ZL000079,DA33,1.707485825007323,1.7074830529742127,0.0,0.1851851851851852,DA33_DA46,1.0,0.041666666666666664,DA33_ZL000079,DA46_ZL000079,0.0,0.0,107.0344076655052,0.0,0.0
ZL000079,DA46,0.275,0.0585277762172502,369.8623760780233,0.0,0.3678779970066288,-0.0928779970066288,-258.69,0.0,1096.1376568398086,0.7929504991246177,DA46_ZL000079,DA36,3.5922056606419335,3.5922013526698975,0.0,0.1851851851851852,DA36_DA46,1.155992641604193,0.04816636006684138,DA36_ZL000079,DA46_ZL000079,0.0,0.0,107.0344076655052,0.0,0.0
ZL000079,DA46,0.275,0.0585277762172502,369.8623760780233,0.0,0.3678779970066288,-0.0928779970066288,-258.69,0.0,1096.1376568398086,0.7929504991246177,DA46_ZL000079,DA37,1.7424056358791675,1.7424009553249684,0.0,0.1851851851851852,DA37_DA46,1.0,0.041666666666666664,DA37_ZL000079,DA46_ZL000079,0.0,0.0,107.0344076655052,0.0,0.0
ZL000079,DA46,0.275,0.0585277762172502,369.8623760780233,0.0,0.3678779970066288,-0.0928779970066288,-258.69,0.0,1096.1376568398086,0.7929504991246177,DA46_ZL000079,DA38,4.666900651126271,4.666900651126271,0.0,0.1851851851851852,DA38_DA46,1.0,0.041666666666666664,DA38_ZL000079,DA46_ZL000079,0.0,0.0,107.0344076655052,0.0,0.0
ZL000079,DA46,0.275,0.0585277762172502,369.8623760780233,0.0,0.3678779970066288,-0.0928779970066288,-258.69,0.0,1096.1376568398086,0.7929504991246177,DA46_ZL000079,DA42,9.589692319261028,9.589692319261028,0.0,0.1851851851851852,DA42_DA46,1.0,0.041666666666666664,DA42_ZL000079,DA46_ZL000079,0.0,0.0,107.0344076655052,0.0,0.0
ZL000079,DA46,0.275,0.0585277762172502,369.8623760780233,0.0,0.3678779970066288,-0.0928779970066288,-258.69,0.0,1096.1376568398086,0.7929504991246177,DA46_ZL000079,DA44,0.9887803179218787,0.9887796245677885,0.0,0.1851851851851852,DA44_DA46,1.0,0.041666666666666664,DA44_ZL000079,DA46_ZL000079,0.0,0.0,107.0344076655052,0.0,0.0
ZL000078,DA35,2.331,0.2994973679753353,678.3040017206315,0.0,2.79762239862148,-0.4666223986214799,-255.8,0.0,812.2608488614289,3.198814130715004,DA35_ZL000078,DA33,1.8127356911435772,1.8127039508319007,0.0,0.1417233560090703,DA33_DA35,1.0,0.041666666666666664,DA33_ZL000078,DA35_ZL000078,0.0,0.0,26.41688443670151,0.0,0.0
ZL000078,DA35,2.331,0.2994973679753353,678.3040017206315,0.0,2.79762239862148,-0.4666223986214799,-255.8,0.0,812.2608488614289,3.198814130715004,DA35_ZL000078,DA34,1.7960933990471957,1.7960933990471957,0.0,0.1417233560090703,DA34_DA35,1.0,0.041666666666666664,DA34_ZL000078,DA35_ZL000078,0.0,0.0,26.41688443670151,0.0,0.0
ZL000078,DA35,2.331,0.2994973679753353,678.3040017206315,0.0,2.79762239862148,-0.4666223986214799,-255.8,0.0,812.2608488614289,3.198814130715004,DA35_ZL000078,DA36,6.737142808766601,6.737142808766601,0.0,0.1417233560090703,DA36_DA35,1.155992641604193,0.04816636006684138,DA36_ZL000078,DA35_ZL000078,0.0,0.0,26.41688443670151,0.0,0.0
ZL000078,DA35,2.331,0.2994973679753353,678.3040017206315,0.0,2.79762239862148,-0.4666223986214799,-255.8,0.0,812.2608488614289,3.198814130715004,DA35_ZL000078,DA37,0.435441531644134,0.435441531644134,0.0,0.1417233560090703,DA37_DA35,1.0,0.041666666666666664,DA37_ZL000078,DA35_ZL000078,0.0,0.0,26.41688443670151,0.0,0.0
ZL000078,DA35,2.331,0.2994973679753353,678.3040017206315,0.0,2.79762239862148,-0.4666223986214799,-255.8,0.0,812.2608488614289,3.198814130715004,DA35_ZL000078,DA38,1.158439392178911,1.1584376007957702,0.0,0.1417233560090703,DA38_DA35,1.0,0.041666666666666664,DA38_ZL000078,DA35_ZL000078,0.0,0.0,26.41688443670151,0.0,0.0
ZL000078,DA35,2.331,0.2994973679753353,678.3040017206315,0.0,2.79762239862148,-0.4666223986214799,-255.8,0.0,812.2608488614289,3.198814130715004,DA35_ZL000078,DA39,0.4043146438743302,0.4043146438743302,0.0,0.1417233560090703,DA39_DA35,1.0,0.041666666666666664,DA39_ZL000078,DA35_ZL000078,0.0,0.0,26.41688443670151,0.0,0.0
ZL000078,DA35,2.331,0.2994973679753353,678.3040017206315,0.0,2.79762239862148,-0.4666223986214799,-255.8,0.0,812.2608488614289,3.198814130715004,DA35_ZL000078,DA40,6.537693433343202,6.537689608987579,0.0,0.1417233560090703,DA40_DA35,1.0,0.041666666666666664,DA40_ZL000078,DA35_ZL000078,0.0,0.0,26.41688443670151,0.0,0.0
ZL000078,DA35,2.331,0.2994973679753353,678.3040017206315,0.0,2.79762239862148,-0.4666223986214799,-255.8,0.0,812.2608488614289,3.198814130715004,DA35_ZL000078,DA42,1.8048193602759097,1.8048193602759097,0.0,0.1417233560090703,DA42_DA35,1.0,0.041666666666666664,DA42_ZL000078,DA35_ZL000078,0.0,0.0,26.41688443670151,0.0,0.0
ZL000078,DA35,2.331,0.2994973679753353,678.3040017206315,0.0,2.79762239862148,-0.4666223986214799,-255.8,0.0,812.2608488614289,3.198814130715004,DA35_ZL000078,DA44,0.4679671694439293,0.46796526198325455,0.0,0.1417233560090703,DA44_DA35,1.0,0.041666666666666664,DA44_ZL000078,DA35_ZL000078,0.0,0.0,26.41688443670151,0.0,0.0
ZL000078,DA35,2.331,0.2994973679753353,678.3040017206315,0.0,2.79762239862148,-0.4666223986214799,-255.8,0.0,812.2608488614289,3.198814130715004,DA35_ZL000078,DA45,0.3527498622137271,0.352748549339561,0.0,0.1417233560090703,DA45_DA35,1.230499979832588,0.0512708324930245,DA45_ZL000078,DA35_ZL000078,0.0,0.0,26.41688443670151,0.0,0.0
ZL000078,DA35,2.331,0.2994973679753353,678.3040017206315,0.0,2.79762239862148,-0.4666223986214799,-255.8,0.0,812.2608488614289,3.198814130715004,DA35_ZL000078,DA46,0.45985625471797037,0.4598520055338313,0.0,0.1417233560090703,DA46_DA35,1.264366951754586,0.052681956323107744,DA46_ZL000078,DA35_ZL000078,0.0,0.0,26.41688443670151,0.0,0.0
ZL000074,DA39,0.0,0.0050546191968317,-100.0,0.0,0.0,0.0,-100.0,0.0,9901.599164454634,0.5055427513566828,DA39_ZL000074,DA33,1.4996934584892505,1.4996927002050084,0.0,0.1587301587301587,DA33_DA39,0.8393843194538297,0.034974346643909575,DA33_ZL000074,DA39_ZL000074,0.0,0.0,50.46341463414634,0.0,0.0
ZL000074,DA39,0.0,0.0050546191968317,-100.0,0.0,0.0,0.0,-100.0,0.0,9901.599164454634,0.5055427513566828,DA39_ZL000074,DA34,1.932312417824651,1.932312417824651,0.0,0.1587301587301587,DA34_DA39,0.7900523334733707,0.03291884722805711,DA34_ZL000074,DA39_ZL000074,0.0,0.0,50.46341463414634,0.0,0.0
ZL000074,DA39,0.0,0.0050546191968317,-100.0,0.0,0.0,0.0,-100.0,0.0,9901.599164454634,0.5055427513566828,DA39_ZL000074,DA36,1.661296887937131,1.661296709514968,0.0,0.1587301587301587,DA36_DA39,1.133414924166462,0.047225621840269245,DA36_ZL000074,DA39_ZL000074,0.0,0.0,50.46341463414634,0.0,0.0
ZL000074,DA39,0.0,0.0050546191968317,-100.0,0.0,0.0,0.0,-100.0,0.0,9901.599164454634,0.5055427513566828,DA39_ZL000074,DA37,1.2747471236068815,1.2747470593796983,0.0,0.1587301587301587,DA37_DA39,1.144703650963527,0.04769598545681363,DA37_ZL000074,DA39_ZL000074,0.0,0.0,50.46341463414634,0.0,0.0
ZL000074,DA39,0.0,0.0050546191968317,-100.0,0.0,0.0,0.0,-100.0,0.0,9901.599164454634,0.5055427513566828,DA39_ZL000074,DA38,1.0086620166052578,1.0086620166052578,0.0,0.1587301587301587,DA38_DA39,0.8574015485163325,0.035725064521513854,DA38_ZL000074,DA39_ZL000074,0.0,0.0,50.46341463414634,0.0,0.0
ZL000074,DA39,0.0,0.0050546191968317,-100.0,0.0,0.0,0.0,-100.0,0.0,9901.599164454634,0.5055427513566828,DA39_ZL000074,DA40,7.109061718562948,7.109061718562948,0.0,0.1587301587301587,DA40_DA39,1.233785527668648,0.051407730319527,DA40_ZL000074,DA39_ZL000074,0.0,0.0,50.46341463414634,0.0,0.0
ZL000074,DA42,0.0,0.0050546191968317,-100.0,0.0,0.0,0.0,-100.0,0.0,9901.599164454634,0.5055427513566828,DA42_ZL000074,DA33,1.4996934584892505,1.4996927002050084,0.0,0.1587301587301587,DA33_DA42,0.868735695119561,0.036197320629981704,DA33_ZL000074,DA42_ZL000074,0.0,0.0,50.46341463414634,0.0,0.0
ZL000074,DA42,0.0,0.0050546191968317,-100.0,0.0,0.0,0.0,-100.0,0.0,9901.599164454634,0.5055427513566828,DA42_ZL000074,DA34,1.932312417824651,1.932312417824651,0.0,0.1587301587301587,DA34_DA42,0.8194037091391021,0.03414182121412925,DA34_ZL000074,DA42_ZL000074,0.0,0.0,50.46341463414634,0.0,0.0
ZL000074,DA42,0.0,0.0050546191968317,-100.0,0.0,0.0,0.0,-100.0,0.0,9901.599164454634,0.5055427513566828,DA42_ZL000074,DA36,1.661296887937131,1.661296709514968,0.0,0.1587301587301587,DA36_DA42,1.162766299832193,0.048448595826341374,DA36_ZL000074,DA42_ZL000074,0.0,0.0,50.46341463414634,0.0,0.0
ZL000074,DA42,0.0,0.0050546191968317,-100.0,0.0,0.0,0.0,-100.0,0.0,9901.599164454634,0.5055427513566828,DA42_ZL000074,DA37,1.2747471236068815,1.2747470593796983,0.0,0.1587301587301587,DA37_DA42,1.174055026629258,0.04891895944288575,DA37_ZL000074,DA42_ZL000074,0.0,0.0,50.46341463414634,0.0,0.0
ZL000074,DA42,0.0,0.0050546191968317,-100.0,0.0,0.0,0.0,-100.0,0.0,9901.599164454634,0.5055427513566828,DA42_ZL000074,DA38,1.0086620166052578,1.0086620166052578,0.0,0.1587301587301587,DA38_DA42,0.8867529241820639,0.036948038507586,DA38_ZL000074,DA42_ZL000074,0.0,0.0,50.46341463414634,0.0,0.0
ZL000074,DA42,0.0,0.0050546191968317,-100.0,0.0,0.0,0.0,-100.0,0.0,9901.599164454634,0.5055427513566828,DA42_ZL000074,DA40,7.109061718562948,7.109061718562948,0.0,0.1587301587301587,DA40_DA42,1.263136903334379,0.05263070430559912,DA40_ZL000074,DA42_ZL000074,0.0,0.0,50.46341463414634,0.0,0.0
ZL000074,DA45,0.0,0.0050546191968317,-100.0,0.0,0.0,0.0,-100.0,0.0,9901.599164454634,0.5055427513566828,DA45_ZL000074,DA33,1.4996934584892505,1.4996927002050084,0.0,0.1587301587301587,DA33_DA45,1.0,0.041666666666666664,DA33_ZL000074,DA45_ZL000074,0.0,0.0,50.46341463414634,0.0,0.0
ZL000074,DA45,0.0,0.0050546191968317,-100.0,0.0,0.0,0.0,-100.0,0.0,9901.599164454634,0.5055427513566828,DA45_ZL000074,DA34,1.932312417824651,1.932312417824651,0.0,0.1587301587301587,DA34_DA45,1.0,0.041666666666666664,DA34_ZL000074,DA45_ZL000074,0.0,0.0,50.46341463414634,0.0,0.0
ZL000074,DA45,0.0,0.0050546191968317,-100.0,0.0,0.0,0.0,-100.0,0.0,9901.599164454634,0.5055427513566828,DA45_ZL000074,DA36,1.661296887937131,1.661296709514968,0.0,0.1587301587301587,DA36_DA45,1.122125669682195,0.046755236236758126,DA36_ZL000074,DA45_ZL000074,0.0,0.0,50.46341463414634,0.0,0.0
ZL000074,DA45,0.0,0.0050546191968317,-100.0,0.0,0.0,0.0,-100.0,0.0,9901.599164454634,0.5055427513566828,DA45_ZL000074,DA37,1.2747471236068815,1.2747470593796983,0.0,0.1587301587301587,DA37_DA45,1.0,0.041666666666666664,DA37_ZL000074,DA45_ZL000074,0.0,0.0,50.46341463414634,0.0,0.0
ZL000074,DA45,0.0,0.0050546191968317,-100.0,0.0,0.0,0.0,-100.0,0.0,9901.599164454634,0.5055427513566828,DA45_ZL000074,DA38,1.0086620166052578,1.0086620166052578,0.0,0.1587301587301587,DA38_DA45,1.0,0.041666666666666664,DA38_ZL000074,DA45_ZL000074,0.0,0.0,50.46341463414634,0.0,0.0
ZL000074,DA45,0.0,0.0050546191968317,-100.0,0.0,0.0,0.0,-100.0,0.0,9901.599164454634,0.5055427513566828,DA45_ZL000074,DA40,7.109061718562948,7.109061718562948,0.0,0.1587301587301587,DA40_DA45,1.0,0.041666666666666664,DA40_ZL000074,DA45_ZL000074,0.0,0.0,50.46341463414634,0.0,0.0
ZL000074,DA35,0.0,0.0050546191968317,-100.0,0.0,0.0,0.0,-100.0,0.0,9901.599164454634,0.5055427513566828,DA35_ZL000074,DA33,1.4996934584892505,1.4996927002050084,0.0,0.1587301587301587,DA33_DA35,1.0,0.041666666666666664,DA33_ZL000074,DA35_ZL000074,0.0,0.0,50.46341463414634,0.0,0.0
ZL000074,DA35,0.0,0.0050546191968317,-100.0,0.0,0.0,0.0,-100.0,0.0,9901.599164454634,0.5055427513566828,DA35_ZL000074,DA34,1.932312417824651,1.932312417824651,0.0,0.1587301587301587,DA34_DA35,1.0,0.041666666666666664,DA34_ZL000074,DA35_ZL000074,0.0,0.0,50.46341463414634,0.0,0.0
ZL000074,DA35,0.0,0.0050546191968317,-100.0,0.0,0.0,0.0,-100.0,0.0,9901.599164454634,0.5055427513566828,DA35_ZL000074,DA36,1.661296887937131,1.661296709514968,0.0,0.1587301587301587,DA36_DA35,1.155992641604193,0.04816636006684138,DA36_ZL000074,DA35_ZL000074,0.0,0.0,50.46341463414634,0.0,0.0
ZL000074,DA35,0.0,0.0050546191968317,-100.0,0.0,0.0,0.0,-100.0,0.0,9901.599164454634,0.5055427513566828,DA35_ZL000074,DA37,1.2747471236068815,1.2747470593796983,0.0,0.1587301587301587,DA37_DA35,1.0,0.041666666666666664,DA37_ZL000074,DA35_ZL000074,0.0,0.0,50.46341463414634,0.0,0.0
ZL000074,DA35,0.0,0.0050546191968317,-100.0,0.0,0.0,0.0,-100.0,0.0,9901.599164454634,0.5055427513566828,DA35_ZL000074,DA38,1.0086620166052578,1.0086620166052578,0.0,0.1587301587301587,DA38_DA35,1.0,0.041666666666666664,DA38_ZL000074,DA35_ZL000074,0.0,0.0,50.46341463414634,0.0,0.0
ZL000074,DA35,0.0,0.0050546191968317,-100.0,0.0,0.0,0.0,-100.0,0.0,9901.599164454634,0.5055427513566828,DA35_ZL000074,DA40,7.109061718562948,7.109061718562948,0.0,0.1587301587301587,DA40_DA35,1.0,0.041666666666666664,DA40_ZL000074,DA35_ZL000074,0.0,0.0,50.46341463414634,0.0,0.0
ZL000074,DA46,0.0,0.0050546191968317,-100.0,0.0,0.0,0.0,-100.0,0.0,9901.599164454634,0.5055427513566828,DA46_ZL000074,DA33,1.4996934584892505,1.4996927002050084,0.0,0.1587301587301587,DA33_DA46,1.0,0.041666666666666664,DA33_ZL000074,DA46_ZL000074,0.0,0.0,50.46341463414634,0.0,0.0
ZL000074,DA46,0.0,0.0050546191968317,-100.0,0.0,0.0,0.0,-100.0,0.0,9901.599164454634,0.5055427513566828,DA46_ZL000074,DA34,1.932312417824651,1.932312417824651,0.0,0.1587301587301587,DA34_DA46,1.0,0.041666666666666664,DA34_ZL000074,DA46_ZL000074,0.0,0.0,50.46341463414634,0.0,0.0
ZL000074,DA46,0.0,0.0050546191968317,-100.0,0.0,0.0,0.0,-100.0,0.0,9901.599164454634,0.5055427513566828,DA46_ZL000074,DA36,1.661296887937131,1.661296709514968,0.0,0.1587301587301587,DA36_DA46,1.155992641604193,0.04816636006684138,DA36_ZL000074,DA46_ZL000074,0.0,0.0,50.46341463414634,0.0,0.0
ZL000074,DA46,0.0,0.0050546191968317,-100.0,0.0,0.0,0.0,-100.0,0.0,9901.599164454634,0.5055427513566828,DA46_ZL000074,DA37,1.2747471236068815,1.2747470593796983,0.0,0.1587301587301587,DA37_DA46,1.0,0.041666666666666664,DA37_ZL000074,DA46_ZL000074,0.0,0.0,50.46341463414634,0.0,0.0
ZL000074,DA46,0.0,0.0050546191968317,-100.0,0.0,0.0,0.0,-100.0,0.0,9901.599164454634,0.5055427513566828,DA46_ZL000074,DA38,1.0086620166052578,1.0086620166052578,0.0,0.1587301587301587,DA38_DA46,1.0,0.041666666666666664,DA38_ZL000074,DA46_ZL000074,0.0,0.0,50.46341463414634,0.0,0.0
ZL000074,DA46,0.0,0.0050546191968317,-100.0,0.0,0.0,0.0,-100.0,0.0,9901.599164454634,0.5055427513566828,DA46_ZL000074,DA40,7.109061718562948,7.109061718562948,0.0,0.1587301587301587,DA40_DA46,1.0,0.041666666666666664,DA40_ZL000074,DA46_ZL000074,0.0,0.0,50.46341463414634,0.0,0.0
ZL000074,DA44,0.0,0.0050546191968317,-100.0,0.0,0.0,0.0,-100.0,0.0,9901.599164454634,0.5055427513566828,DA44_ZL000074,DA33,1.4996934584892505,1.4996927002050084,0.0,0.1587301587301587,DA33_DA44,0.8393843194538297,0.034974346643909575,DA33_ZL000074,DA44_ZL000074,0.0,0.0,50.46341463414634,0.0,0.0
ZL000074,DA44,0.0,0.0050546191968317,-100.0,0.0,0.0,0.0,-100.0,0.0,9901.599164454634,0.5055427513566828,DA44_ZL000074,DA34,1.932312417824651,1.932312417824651,0.0,0.1587301587301587,DA34_DA44,0.7900523334733707,0.03291884722805711,DA34_ZL000074,DA44_ZL000074,0.0,0.0,50.46341463414634,0.0,0.0
ZL000074,DA44,0.0,0.0050546191968317,-100.0,0.0,0.0,0.0,-100.0,0.0,9901.599164454634,0.5055427513566828,DA44_ZL000074,DA36,1.661296887937131,1.661296709514968,0.0,0.1587301587301587,DA36_DA44,1.133414924166462,0.047225621840269245,DA36_ZL000074,DA44_ZL000074,0.0,0.0,50.46341463414634,0.0,0.0
ZL000074,DA44,0.0,0.0050546191968317,-100.0,0.0,0.0,0.0,-100.0,0.0,9901.599164454634,0.5055427513566828,DA44_ZL000074,DA37,1.2747471236068815,1.2747470593796983,0.0,0.1587301587301587,DA37_DA44,1.144703650963527,0.04769598545681363,DA37_ZL000074,DA44_ZL000074,0.0,0.0,50.46341463414634,0.0,0.0
ZL000074,DA44,0.0,0.0050546191968317,-100.0,0.0,0.0,0.0,-100.0,0.0,9901.599164454634,0.5055427513566828,DA44_ZL000074,DA38,1.0086620166052578,1.0086620166052578,0.0,0.1587301587301587,DA38_DA44,0.8574015485163325,0.035725064521513854,DA38_ZL000074,DA44_ZL000074,0.0,0.0,50.46341463414634,0.0,0.0
ZL000074,DA44,0.0,0.0050546191968317,-100.0,0.0,0.0,0.0,-100.0,0.0,9901.599164454634,0.5055427513566828,DA44_ZL000074,DA40,7.109061718562948,7.109061718562948,0.0,0.1587301587301587,DA40_DA44,1.233785527668648,0.051407730319527,DA40_ZL000074,DA44_ZL000074,0.0,0.0,50.46341463414634,0.0,0.0
ZL000070,DA39,0.0,0.0050546191968317,-100.0,0.0,0.0,0.0,-100.0,0.0,1332.363257862532,0.07240050820028349,DA39_ZL000070,DA33,0.2724980912990909,0.2724977633967274,0.0,0.1831501831501831,DA33_DA39,0.8393843194538297,0.034974346643909575,DA33_ZL000070,DA39_ZL000070,0.0,0.0,13.48025551684088,0.0,0.0
ZL000070,DA39,0.0,0.0050546191968317,-100.0,0.0,0.0,0.0,-100.0,0.0,1332.363257862532,0.07240050820028349,DA39_ZL000070,DA34,0.5069065586532008,0.5069057668549822,0.0,0.1831501831501831,DA34_DA39,0.7900523334733707,0.03291884722805711,DA34_ZL000070,DA39_ZL000070,0.0,0.0,13.48025551684088,0.0,0.0
ZL000070,DA39,0.0,0.0050546191968317,-100.0,0.0,0.0,0.0,-100.0,0.0,1332.363257862532,0.07240050820028349,DA39_ZL000070,DA36,1.5446810060003462,1.5446810060003462,0.0,0.1831501831501831,DA36_DA39,1.133414924166462,0.047225621840269245,DA36_ZL000070,DA39_ZL000070,0.0,0.0,13.48025551684088,0.0,0.0
ZL000070,DA39,0.0,0.0050546191968317,-100.0,0.0,0.0,0.0,-100.0,0.0,1332.363257862532,0.07240050820028349,DA39_ZL000070,DA37,0.06259548166911025,0.06259496324301221,0.0,0.1831501831501831,DA37_DA39,1.144703650963527,0.04769598545681363,DA37_ZL000070,DA39_ZL000070,0.0,0.0,13.48025551684088,0.0,0.0
ZL000070,DA39,0.0,0.0050546191968317,-100.0,0.0,0.0,0.0,-100.0,0.0,1332.363257862532,0.07240050820028349,DA39_ZL000070,DA38,0.3401536453937825,0.3401536453937825,0.0,0.1831501831501831,DA38_DA39,0.8574015485163325,0.035725064521513854,DA38_ZL000070,DA39_ZL000070,0.0,0.0,13.48025551684088,0.0,0.0
ZL000070,DA39,0.0,0.0050546191968317,-100.0,0.0,0.0,0.0,-100.0,0.0,1332.363257862532,0.07240050820028349,DA39_ZL000070,DA40,0.9260734217194523,0.9260725514835674,0.0,0.1831501831501831,DA40_DA39,1.233785527668648,0.051407730319527,DA40_ZL000070,DA39_ZL000070,0.0,0.0,13.48025551684088,0.0,0.0
ZL000070,DA42,0.0,0.0050546191968317,-100.0,0.0,0.0,0.0,-100.0,0.0,1332.363257862532,0.07240050820028349,DA42_ZL000070,DA33,0.2724980912990909,0.2724977633967274,0.0,0.1831501831501831,DA33_DA42,0.868735695119561,0.036197320629981704,DA33_ZL000070,DA42_ZL000070,0.0,0.0,13.48025551684088,0.0,0.0
ZL000070,DA42,0.0,0.0050546191968317,-100.0,0.0,0.0,0.0,-100.0,0.0,1332.363257862532,0.07240050820028349,DA42_ZL000070,DA34,0.5069065586532008,0.5069057668549822,0.0,0.1831501831501831,DA34_DA42,0.8194037091391021,0.03414182121412925,DA34_ZL000070,DA42_ZL000070,0.0,0.0,13.48025551684088,0.0,0.0
ZL000070,DA42,0.0,0.0050546191968317,-100.0,0.0,0.0,0.0,-100.0,0.0,1332.363257862532,0.07240050820028349,DA42_ZL000070,DA36,1.5446810060003462,1.5446810060003462,0.0,0.1831501831501831,DA36_DA42,1.162766299832193,0.048448595826341374,DA36_ZL000070,DA42_ZL000070,0.0,0.0,13.48025551684088,0.0,0.0
ZL000070,DA42,0.0,0.0050546191968317,-100.0,0.0,0.0,0.0,-100.0,0.0,1332.363257862532,0.07240050820028349,DA42_ZL000070,DA37,0.06259548166911025,0.06259496324301221,0.0,0.1831501831501831,DA37_DA42,1.174055026629258,0.04891895944288575,DA37_ZL000070,DA42_ZL000070,0.0,0.0,13.48025551684088,0.0,0.0
ZL000070,DA42,0.0,0.0050546191968317,-100.0,0.0,0.0,0.0,-100.0,0.0,1332.363257862532,0.07240050820028349,DA42_ZL000070,DA38,0.3401536453937825,0.3401536453937825,0.0,0.1831501831501831,DA38_DA42,0.8867529241820639,0.036948038507586,DA38_ZL000070,DA42_ZL000070,0.0,0.0,13.48025551684088,0.0,0.0
ZL000070,DA42,0.0,0.0050546191968317,-100.0,0.0,0.0,0.0,-100.0,0.0,1332.363257862532,0.07240050820028349,DA42_ZL000070,DA40,0.9260734217194523,0.9260725514835674,0.0,0.1831501831501831,DA40_DA42,1.263136903334379,0.05263070430559912,DA40_ZL000070,DA42_ZL000070,0.0,0.0,13.48025551684088,0.0,0.0
ZL000070,DA45,0.0,0.0050546191968317,-100.0,0.0,0.0,0.0,-100.0,0.0,1332.363257862532,0.07240050820028349,DA45_ZL000070,DA33,0.2724980912990909,0.2724977633967274,0.0,0.1831501831501831,DA33_DA45,1.0,0.041666666666666664,DA33_ZL000070,DA45_ZL000070,0.0,0.0,13.48025551684088,0.0,0.0
ZL000070,DA45,0.0,0.0050546191968317,-100.0,0.0,0.0,0.0,-100.0,0.0,1332.363257862532,0.07240050820028349,DA45_ZL000070,DA34,0.5069065586532008,0.5069057668549822,0.0,0.1831501831501831,DA34_DA45,1.0,0.041666666666666664,DA34_ZL000070,DA45_ZL000070,0.0,0.0,13.48025551684088,0.0,0.0
ZL000070,DA45,0.0,0.0050546191968317,-100.0,0.0,0.0,0.0,-100.0,0.0,1332.363257862532,0.07240050820028349,DA45_ZL000070,DA36,1.5446810060003462,1.5446810060003462,0.0,0.1831501831501831,DA36_DA45,1.122125669682195,0.046755236236758126,DA36_ZL000070,DA45_ZL000070,0.0,0.0,13.48025551684088,0.0,0.0
ZL000070,DA45,0.0,0.0050546191968317,-100.0,0.0,0.0,0.0,-100.0,0.0,1332.363257862532,0.07240050820028349,DA45_ZL000070,DA37,0.06259548166911025,0.06259496324301221,0.0,0.1831501831501831,DA37_DA45,1.0,0.041666666666666664,DA37_ZL000070,DA45_ZL000070,0.0,0.0,13.48025551684088,0.0,0.0
ZL000070,DA45,0.0,0.0050546191968317,-100.0,0.0,0.0,0.0,-100.0,0.0,1332.363257862532,0.07240050820028349,DA45_ZL000070,DA38,0.3401536453937825,0.3401536453937825,0.0,0.1831501831501831,DA38_DA45,1.0,0.041666666666666664,DA38_ZL000070,DA45_ZL000070,0.0,0.0,13.48025551684088,0.0,0.0
ZL000070,DA45,0.0,0.0050546191968317,-100.0,0.0,0.0,0.0,-100.0,0.0,1332.363257862532,0.07240050820028349,DA45_ZL000070,DA40,0.9260734217194523,0.9260725514835674,0.0,0.1831501831501831,DA40_DA45,1.0,0.041666666666666664,DA40_ZL000070,DA45_ZL000070,0.0,0.0,13.48025551684088,0.0,0.0
ZL000070,DA35,0.0,0.0050546191968317,-100.0,0.0,0.0,0.0,-100.0,0.0,1332.363257862532,0.07240050820028349,DA35_ZL000070,DA33,0.2724980912990909,0.2724977633967274,0.0,0.1831501831501831,DA33_DA35,1.0,0.041666666666666664,DA33_ZL000070,DA35_ZL000070,0.0,0.0,13.48025551684088,0.0,0.0
ZL000070,DA35,0.0,0.0050546191968317,-100.0,0.0,0.0,0.0,-100.0,0.0,1332.363257862532,0.07240050820028349,DA35_ZL000070,DA34,0.5069065586532008,0.5069057668549822,0.0,0.1831501831501831,DA34_DA35,1.0,0.041666666666666664,DA34_ZL000070,DA35_ZL000070,0.0,0.0,13.48025551684088,0.0,0.0
ZL000070,DA35,0.0,0.0050546191968317,-100.0,0.0,0.0,0.0,-100.0,0.0,1332.363257862532,0.07240050820028349,DA35_ZL000070,DA36,1.5446810060003462,1.5446810060003462,0.0,0.1831501831501831,DA36_DA35,1.155992641604193,0.04816636006684138,DA36_ZL000070,DA35_ZL000070,0.0,0.0,13.48025551684088,0.0,0.0
ZL000070,DA35,0.0,0.0050546191968317,-100.0,0.0,0.0,0.0,-100.0,0.0,1332.363257862532,0.07240050820028349,DA35_ZL000070,DA37,0.06259548166911025,0.06259496324301221,0.0,0.1831501831501831,DA37_DA35,1.0,0.041666666666666664,DA37_ZL000070,DA35_ZL000070,0.0,0.0,13.48025551684088,0.0,0.0
ZL000070,DA35,0.0,0.0050546191968317,-100.0,0.0,0.0,0.0,-100.0,0.0,1332.363257862532,0.07240050820028349,DA35_ZL000070,DA38,0.3401536453937825,0.3401536453937825,0.0,0.1831501831501831,DA38_DA35,1.0,0.041666666666666664,DA38_ZL000070,DA35_ZL000070,0.0,0.0,13.48025551684088,0.0,0.0
ZL000070,DA35,0.0,0.0050546191968317,-100.0,0.0,0.0,0.0,-100.0,0.0,1332.363257862532,0.07240050820028349,DA35_ZL000070,DA40,0.9260734217194523,0.9260725514835674,0.0,0.1831501831501831,DA40_DA35,1.0,0.041666666666666664,DA40_ZL000070,DA35_ZL000070,0.0,0.0,13.48025551684088,0.0,0.0
ZL000070,DA46,0.0,0.0050546191968317,-100.0,0.0,0.0,0.0,-100.0,0.0,1332.363257862532,0.07240050820028349,DA46_ZL000070,DA33,0.2724980912990909,0.2724977633967274,0.0,0.1831501831501831,DA33_DA46,1.0,0.041666666666666664,DA33_ZL000070,DA46_ZL000070,0.0,0.0,13.48025551684088,0.0,0.0
ZL000070,DA46,0.0,0.0050546191968317,-100.0,0.0,0.0,0.0,-100.0,0.0,1332.363257862532,0.07240050820028349,DA46_ZL000070,DA34,0.5069065586532008,0.5069057668549822,0.0,0.1831501831501831,DA34_DA46,1.0,0.041666666666666664,DA34_ZL000070,DA46_ZL000070,0.0,0.0,13.48025551684088,0.0,0.0
ZL000070,DA46,0.0,0.0050546191968317,-100.0,0.0,0.0,0.0,-100.0,0.0,1332.363257862532,0.07240050820028349,DA46_ZL000070,DA36,1.5446810060003462,1.5446810060003462,0.0,0.1831501831501831,DA36_DA46,1.155992641604193,0.04816636006684138,DA36_ZL000070,DA46_ZL000070,0.0,0.0,13.48025551684088,0.0,0.0
ZL000070,DA46,0.0,0.0050546191968317,-100.0,0.0,0.0,0.0,-100.0,0.0,1332.363257862532,0.07240050820028349,DA46_ZL000070,DA37,0.06259548166911025,0.06259496324301221,0.0,0.1831501831501831,DA37_DA46,1.0,0.041666666666666664,DA37_ZL000070,DA46_ZL000070,0.0,0.0,13.48025551684088,0.0,0.0
ZL000070,DA46,0.0,0.0050546191968317,-100.0,0.0,0.0,0.0,-100.0,0.0,1332.363257862532,0.07240050820028349,DA46_ZL000070,DA38,0.3401536453937825,0.3401536453937825,0.0,0.1831501831501831,DA38_DA46,1.0,0.041666666666666664,DA38_ZL000070,DA46_ZL000070,0.0,0.0,13.48025551684088,0.0,0.0
ZL000070,DA46,0.0,0.0050546191968317,-100.0,0.0,0.0,0.0,-100.0,0.0,1332.363257862532,0.07240050820028349,DA46_ZL000070,DA40,0.9260734217194523,0.9260725514835674,0.0,0.1831501831501831,DA40_DA46,1.0,0.041666666666666664,DA40_ZL000070,DA46_ZL000070,0.0,0.0,13.48025551684088,0.0,0.0
ZL000070,DA44,0.0,0.0050546191968317,-100.0,0.0,0.0,0.0,-100.0,0.0,1332.363257862532,0.07240050820028349,DA44_ZL000070,DA33,0.2724980912990909,0.2724977633967274,0.0,0.1831501831501831,DA33_DA44,0.8393843194538297,0.034974346643909575,DA33_ZL000070,DA44_ZL000070,0.0,0.0,13.48025551684088,0.0,0.0
ZL000070,DA44,0.0,0.0050546191968317,-100.0,0.0,0.0,0.0,-100.0,0.0,1332.363257862532,0.07240050820028349,DA44_ZL000070,DA34,0.5069065586532008,0.5069057668549822,0.0,0.1831501831501831,DA34_DA44,0.7900523334733707,0.03291884722805711,DA34_ZL000070,DA44_ZL000070,0.0,0.0,13.48025551684088,0.0,0.0
ZL000070,DA44,0.0,0.0050546191968317,-100.0,0.0,0.0,0.0,-100.0,0.0,1332.363257862532,0.07240050820028349,DA44_ZL000070,DA36,1.5446810060003462,1.5446810060003462,0.0,0.1831501831501831,DA36_DA44,1.133414924166462,0.047225621840269245,DA36_ZL000070,DA44_ZL000070,0.0,0.0,13.48025551684088,0.0,0.0
ZL000070,DA44,0.0,0.0050546191968317,-100.0,0.0,0.0,0.0,-100.0,0.0,1332.363257862532,0.07240050820028349,DA44_ZL000070,DA37,0.06259548166911025,0.06259496324301221,0.0,0.1831501831501831,DA37_DA44,1.144703650963527,0.04769598545681363,DA37_ZL000070,DA44_ZL000070,0.0,0.0,13.48025551684088,0.0,0.0
ZL000070,DA44,0.0,0.0050546191968317,-100.0,0.0,0.0,0.0,-100.0,0.0,1332.363257862532,0.07240050820028349,DA44_ZL000070,DA38,0.3401536453937825,0.3401536453937825,0.0,0.1831501831501831,DA38_DA44,0.8574015485163325,0.035725064521513854,DA38_ZL000070,DA44_ZL000070,0.0,0.0,13.48025551684088,0.0,0.0
ZL000070,DA44,0.0,0.0050546191968317,-100.0,0.0,0.0,0.0,-100.0,0.0,1332.363257862532,0.07240050820028349,DA44_ZL000070,DA40,0.9260734217194523,0.9260725514835674,0.0,0.1831501831501831,DA40_DA44,1.233785527668648,0.051407730319527,DA40_ZL000070,DA44_ZL000070,0.0,0.0,13.48025551684088,0.0,0.0
ZL000067,DA39,0.0,0.0050546191968317,-100.0,0.0,0.0,0.0,-100.0,0.0,4761.24001445764,0.24571717097484,DA39_ZL000067,DA33,0.1780056470057452,0.1780055849262712,0.0,0.2380952380952381,DA33_DA39,0.8393843194538297,0.034974346643909575,DA33_ZL000067,DA39_ZL000067,0.0,0.0,107.0344076655052,0.0,0.0
ZL000067,DA39,0.0,0.0050546191968317,-100.0,0.0,0.0,0.0,-100.0,0.0,4761.24001445764,0.24571717097484,DA39_ZL000067,DA34,5.276476730987935,5.276476159049931,0.0,0.2380952380952381,DA34_DA39,0.7900523334733707,0.03291884722805711,DA34_ZL000067,DA39_ZL000067,0.0,0.0,107.0344076655052,0.0,0.0
ZL000067,DA39,0.0,0.0050546191968317,-100.0,0.0,0.0,0.0,-100.0,0.0,4761.24001445764,0.24571717097484,DA39_ZL000067,DA36,1.757752969911291,1.7577511668339956,0.0,0.2380952380952381,DA36_DA39,1.133414924166462,0.047225621840269245,DA36_ZL000067,DA39_ZL000067,0.0,0.0,107.0344076655052,0.0,0.0
ZL000067,DA39,0.0,0.0050546191968317,-100.0,0.0,0.0,0.0,-100.0,0.0,4761.24001445764,0.24571717097484,DA39_ZL000067,DA37,1.6682095676230557,1.6682092107296698,0.0,0.2380952380952381,DA37_DA39,1.144703650963527,0.04769598545681363,DA37_ZL000067,DA39_ZL000067,0.0,0.0,107.0344076655052,0.0,0.0
ZL000067,DA39,0.0,0.0050546191968317,-100.0,0.0,0.0,0.0,-100.0,0.0,4761.24001445764,0.24571717097484,DA39_ZL000067,DA38,3.341122424467806,3.341122424467806,0.0,0.2380952380952381,DA38_DA39,0.8574015485163325,0.035725064521513854,DA38_ZL000067,DA39_ZL000067,0.0,0.0,107.0344076655052,0.0,0.0
ZL000067,DA39,0.0,0.0050546191968317,-100.0,0.0,0.0,0.0,-100.0,0.0,4761.24001445764,0.24571717097484,DA39_ZL000067,DA40,1.1632305169383321,1.1632305169383321,0.0,0.2380952380952381,DA40_DA39,1.233785527668648,0.051407730319527,DA40_ZL000067,DA39_ZL000067,0.0,0.0,107.0344076655052,0.0,0.0
ZL000067,DA42,0.0,0.0050546191968317,-100.0,0.0,0.0,0.0,-100.0,0.0,4761.24001445764,0.24571717097484,DA42_ZL000067,DA33,0.1780056470057452,0.1780055849262712,0.0,0.2380952380952381,DA33_DA42,0.868735695119561,0.036197320629981704,DA33_ZL000067,DA42_ZL000067,0.0,0.0,107.0344076655052,0.0,0.0
ZL000067,DA42,0.0,0.0050546191968317,-100.0,0.0,0.0,0.0,-100.0,0.0,4761.24001445764,0.24571717097484,DA42_ZL000067,DA34,5.276476730987935,5.276476159049931,0.0,0.2380952380952381,DA34_DA42,0.8194037091391021,0.03414182121412925,DA34_ZL000067,DA42_ZL000067,0.0,0.0,107.0344076655052,0.0,0.0
ZL000067,DA42,0.0,0.0050546191968317,-100.0,0.0,0.0,0.0,-100.0,0.0,4761.24001445764,0.24571717097484,DA42_ZL000067,DA36,1.757752969911291,1.7577511668339956,0.0,0.2380952380952381,DA36_DA42,1.162766299832193,0.048448595826341374,DA36_ZL000067,DA42_ZL000067,0.0,0.0,107.0344076655052,0.0,0.0
ZL000067,DA42,0.0,0.0050546191968317,-100.0,0.0,0.0,0.0,-100.0,0.0,4761.24001445764,0.24571717097484,DA42_ZL000067,DA37,1.6682095676230557,1.6682092107296698,0.0,0.2380952380952381,DA37_DA42,1.174055026629258,0.04891895944288575,DA37_ZL000067,DA42_ZL000067,0.0,0.0,107.0344076655052,0.0,0.0
ZL000067,DA42,0.0,0.0050546191968317,-100.0,0.0,0.0,0.0,-100.0,0.0,4761.24001445764,0.24571717097484,DA42_ZL000067,DA38,3.341122424467806,3.341122424467806,0.0,0.2380952380952381,DA38_DA42,0.8867529241820639,0.036948038507586,DA38_ZL000067,DA42_ZL000067,0.0,0.0,107.0344076655052,0.0,0.0
ZL000067,DA42,0.0,0.0050546191968317,-100.0,0.0,0.0,0.0,-100.0,0.0,4761.24001445764,0.24571717097484,DA42_ZL000067,DA40,1.1632305169383321,1.1632305169383321,0.0,0.2380952380952381,DA40_DA42,1.263136903334379,0.05263070430559912,DA40_ZL000067,DA42_ZL000067,0.0,0.0,107.0344076655052,0.0,0.0
ZL000067,DA45,0.0,0.0050546191968317,-100.0,0.0,0.0,0.0,-100.0,0.0,4761.24001445764,0.24571717097484,DA45_ZL000067,DA33,0.1780056470057452,0.1780055849262712,0.0,0.2380952380952381,DA33_DA45,1.0,0.041666666666666664,DA33_ZL000067,DA45_ZL000067,0.0,0.0,107.0344076655052,0.0,0.0
ZL000067,DA45,0.0,0.0050546191968317,-100.0,0.0,0.0,0.0,-100.0,0.0,4761.24001445764,0.24571717097484,DA45_ZL000067,DA34,5.276476730987935,5.276476159049931,0.0,0.2380952380952381,DA34_DA45,1.0,0.041666666666666664,DA34_ZL000067,DA45_ZL000067,0.0,0.0,107.0344076655052,0.0,0.0
ZL000067,DA45,0.0,0.0050546191968317,-100.0,0.0,0.0,0.0,-100.0,0.0,4761.24001445764,0.24571717097484,DA45_ZL000067,DA36,1.757752969911291,1.7577511668339956,0.0,0.2380952380952381,DA36_DA45,1.122125669682195,0.046755236236758126,DA36_ZL000067,DA45_ZL000067,0.0,0.0,107.0344076655052,0.0,0.0
ZL000067,DA45,0.0,0.0050546191968317,-100.0,0.0,0.0,0.0,-100.0,0.0,4761.24001445764,0.24571717097484,DA45_ZL000067,DA37,1.6682095676230557,1.6682092107296698,0.0,0.2380952380952381,DA37_DA45,1.0,0.041666666666666664,DA37_ZL000067,DA45_ZL000067,0.0,0.0,107.0344076655052,0.0,0.0
ZL000067,DA45,0.0,0.0050546191968317,-100.0,0.0,0.0,0.0,-100.0,0.0,4761.24001445764,0.24571717097484,DA45_ZL000067,DA38,3.341122424467806,3.341122424467806,0.0,0.2380952380952381,DA38_DA45,1.0,0.041666666666666664,DA38_ZL000067,DA45_ZL000067,0.0,0.0,107.0344076655052,0.0,0.0
ZL000067,DA45,0.0,0.0050546191968317,-100.0,0.0,0.0,0.0,-100.0,0.0,4761.24001445764,0.24571717097484,DA45_ZL000067,DA40,1.1632305169383321,1.1632305169383321,0.0,0.2380952380952381,DA40_DA45,1.0,0.041666666666666664,DA40_ZL000067,DA45_ZL000067,0.0,0.0,107.0344076655052,0.0,0.0
ZL000067,DA35,0.0,0.0050546191968317,-100.0,0.0,0.0,0.0,-100.0,0.0,4761.24001445764,0.24571717097484,DA35_ZL000067,DA33,0.1780056470057452,0.1780055849262712,0.0,0.2380952380952381,DA33_DA35,1.0,0.041666666666666664,DA33_ZL000067,DA35_ZL000067,0.0,0.0,107.0344076655052,0.0,0.0
ZL000067,DA35,0.0,0.0050546191968317,-100.0,0.0,0.0,0.0,-100.0,0.0,4761.24001445764,0.24571717097484,DA35_ZL000067,DA34,5.276476730987935,5.276476159049931,0.0,0.2380952380952381,DA34_DA35,1.0,0.041666666666666664,DA34_ZL000067,DA35_ZL000067,0.0,0.0,107.0344076655052,0.0,0.0
ZL000067,DA35,0.0,0.0050546191968317,-100.0,0.0,0.0,0.0,-100.0,0.0,4761.24001445764,0.24571717097484,DA35_ZL000067,DA36,1.757752969911291,1.7577511668339956,0.0,0.2380952380952381,DA36_DA35,1.155992641604193,0.04816636006684138,DA36_ZL000067,DA35_ZL000067,0.0,0.0,107.0344076655052,0.0,0.0
ZL000067,DA35,0.0,0.0050546191968317,-100.0,0.0,0.0,0.0,-100.0,0.0,4761.24001445764,0.24571717097484,DA35_ZL000067,DA37,1.6682095676230557,1.6682092107296698,0.0,0.2380952380952381,DA37_DA35,1.0,0.041666666666666664,DA37_ZL000067,DA35_ZL000067,0.0,0.0,107.0344076655052,0.0,0.0
ZL000067,DA35,0.0,0.0050546191968317,-100.0,0.0,0.0,0.0,-100.0,0.0,4761.24001445764,0.24571717097484,DA35_ZL000067,DA38,3.341122424467806,3.341122424467806,0.0,0.2380952380952381,DA38_DA35,1.0,0.041666666666666664,DA38_ZL000067,DA35_ZL000067,0.0,0.0,107.0344076655052,0.0,0.0
ZL000067,DA35,0.0,0.0050546191968317,-100.0,0.0,0.0,0.0,-100.0,0.0,4761.24001445764,0.24571717097484,DA35_ZL000067,DA40,1.1632305169383321,1.1632305169383321,0.0,0.2380952380952381,DA40_DA35,1.0,0.041666666666666664,DA40_ZL000067,DA35_ZL000067,0.0,0.0,107.0344076655052,0.0,0.0
ZL000067,DA46,0.0,7.067278380299361e-05,-100.0,0.0,0.0,0.0,-100.0,0.0,4761.24001445764,0.0034355736455622637,DA46_ZL000067,DA33,0.1780056470057452,0.1780055849262712,0.0,0.2380952380952381,DA33_DA46,1.0,0.041666666666666664,DA33_ZL000067,DA46_ZL000067,0.0,0.0,107.0344076655052,0.0,0.0
ZL000067,DA46,0.0,7.067278380299361e-05,-100.0,0.0,0.0,0.0,-100.0,0.0,4761.24001445764,0.0034355736455622637,DA46_ZL000067,DA34,5.276476730987935,5.276476159049931,0.0,0.2380952380952381,DA34_DA46,1.0,0.041666666666666664,DA34_ZL000067,DA46_ZL000067,0.0,0.0,107.0344076655052,0.0,0.0
ZL000067,DA46,0.0,7.067278380299361e-05,-100.0,0.0,0.0,0.0,-100.0,0.0,4761.24001445764,0.0034355736455622637,DA46_ZL000067,DA36,1.757752969911291,1.7577511668339956,0.0,0.2380952380952381,DA36_DA46,1.155992641604193,0.04816636006684138,DA36_ZL000067,DA46_ZL000067,0.0,0.0,107.0344076655052,0.0,0.0
ZL000067,DA46,0.0,7.067278380299361e-05,-100.0,0.0,0.0,0.0,-100.0,0.0,4761.24001445764,0.0034355736455622637,DA46_ZL000067,DA37,1.6682095676230557,1.6682092107296698,0.0,0.2380952380952381,DA37_DA46,1.0,0.041666666666666664,DA37_ZL000067,DA46_ZL000067,0.0,0.0,107.0344076655052,0.0,0.0
ZL000067,DA46,0.0,7.067278380299361e-05,-100.0,0.0,0.0,0.0,-100.0,0.0,4761.24001445764,0.0034355736455622637,DA46_ZL000067,DA38,3.341122424467806,3.341122424467806,0.0,0.2380952380952381,DA38_DA46,1.0,0.041666666666666664,DA38_ZL000067,DA46_ZL000067,0.0,0.0,107.0344076655052,0.0,0.0
ZL000067,DA46,0.0,7.067278380299361e-05,-100.0,0.0,0.0,0.0,-100.0,0.0,4761.24001445764,0.0034355736455622637,DA46_ZL000067,DA40,1.1632305169383321,1.1632305169383321,0.0,0.2380952380952381,DA40_DA46,1.0,0.041666666666666664,DA40_ZL000067,DA46_ZL000067,0.0,0.0,107.0344076655052,0.0,0.0
ZL000067,DA44,0.0,0.0050546191968317,-100.0,0.0,0.0,0.0,-100.0,0.0,4761.24001445764,0.24571717097484,DA44_ZL000067,DA33,0.1780056470057452,0.1780055849262712,0.0,0.2380952380952381,DA33_DA44,0.8393843194538297,0.034974346643909575,DA33_ZL000067,DA44_ZL000067,0.0,0.0,107.0344076655052,0.0,0.0
ZL000067,DA44,0.0,0.0050546191968317,-100.0,0.0,0.0,0.0,-100.0,0.0,4761.24001445764,0.24571717097484,DA44_ZL000067,DA34,5.276476730987935,5.276476159049931,0.0,0.2380952380952381,DA34_DA44,0.7900523334733707,0.03291884722805711,DA34_ZL000067,DA44_ZL000067,0.0,0.0,107.0344076655052,0.0,0.0
ZL000067,DA44,0.0,0.0050546191968317,-100.0,0.0,0.0,0.0,-100.0,0.0,4761.24001445764,0.24571717097484,DA44_ZL000067,DA36,1.757752969911291,1.7577511668339956,0.0,0.2380952380952381,DA36_DA44,1.133414924166462,0.047225621840269245,DA36_ZL000067,DA44_ZL000067,0.0,0.0,107.0344076655052,0.0,0.0
ZL000067,DA44,0.0,0.0050546191968317,-100.0,0.0,0.0,0.0,-100.0,0.0,4761.24001445764,0.24571717097484,DA44_ZL000067,DA37,1.6682095676230557,1.6682092107296698,0.0,0.2380952380952381,DA37_DA44,1.144703650963527,0.04769598545681363,DA37_ZL000067,DA44_ZL000067,0.0,0.0,107.0344076655052,0.0,0.0
ZL000067,DA44,0.0,0.0050546191968317,-100.0,0.0,0.0,0.0,-100.0,0.0,4761.24001445764,0.24571717097484,DA44_ZL000067,DA38,3.341122424467806,3.341122424467806,0.0,0.2380952380952381,DA38_DA44,0.8574015485163325,0.035725064521513854,DA38_ZL000067,DA44_ZL000067,0.0,0.0,107.0344076655052,0.0,0.0
ZL000067,DA44,0.0,0.0050546191968317,-100.0,0.0,0.0,0.0,-100.0,0.0,4761.24001445764,0.24571717097484,DA44_ZL000067,DA40,1.1632305169383321,1.1632305169383321,0.0,0.2380952380952381,DA40_DA44,1.233785527668648,0.051407730319527,DA40_ZL000067,DA44_ZL000067,0.0,0.0,107.0344076655052,0.0,0.0
ZL000066,DA33,0.06375000000000001,0.1219023411066945,-47.70403962611095,0.0,0.6063153086847812,-0.5425653086847813,-545.08,0.0,179.97239212605493,0.8838558402517517,DA33_ZL000066,DA36,0.4247143452380944,0.4247143452380944,0.0,0.1443001443001443,DA36_DA33,0.8574469683224957,0.03572695701343732,DA36_ZL000066,DA33_ZL000066,0.0,0.0,27.29427990708477,0.0,0.0
ZL000066,DA33,0.06375000000000001,0.1219023411066945,-47.70403962611095,0.0,0.6063153086847812,-0.5425653086847813,-545.08,0.0,179.97239212605493,0.8838558402517517,DA33_ZL000066,DA37,0.7625966152056316,0.7625913691654083,0.0,0.1443001443001443,DA37_DA33,0.868735695119561,0.036197320629981704,DA37_ZL000066,DA33_ZL000066,0.0,0.0,27.29427990708477,0.0,0.0
ZL000066,DA33,0.06375000000000001,0.1219023411066945,-47.70403962611095,0.0,0.6063153086847812,-0.5425653086847813,-545.08,0.0,179.97239212605493,0.8838558402517517,DA33_ZL000066,DA38,1.0660770492268645,1.0660715805188818,0.0,0.1443001443001443,DA38_DA33,0.5814335926723664,0.024226399694681933,DA38_ZL000066,DA33_ZL000066,0.0,0.0,27.29427990708477,0.0,0.0
ZL000066,DA33,0.06375000000000001,0.1219023411066945,-47.70403962611095,0.0,0.6063153086847812,-0.5425653086847813,-545.08,0.0,179.97239212605493,0.8838558402517517,DA33_ZL000066,DA39,0.2111074173143596,0.2111074173143596,0.0,0.1443001443001443,DA39_DA33,0.8393843194538297,0.034974346643909575,DA39_ZL000066,DA33_ZL000066,0.0,0.0,27.29427990708477,0.0,0.0
ZL000066,DA33,0.06375000000000001,0.1219023411066945,-47.70403962611095,0.0,0.6063153086847812,-0.5425653086847813,-545.08,0.0,179.97239212605493,0.8838558402517517,DA33_ZL000066,DA40,1.0750799982017423,1.0750799982017423,0.0,0.1443001443001443,DA40_DA33,0.9578175718246816,0.039909065492695066,DA40_ZL000066,DA33_ZL000066,0.0,0.0,27.29427990708477,0.0,0.0
ZL000066,DA33,0.06375000000000001,0.1219023411066945,-47.70403962611095,0.0,0.6063153086847812,-0.5425653086847813,-545.08,0.0,179.97239212605493,0.8838558402517517,DA33_ZL000066,DA45,1.05549765275725,1.0554955217660695,0.0,0.1443001443001443,DA45_DA33,1.0,0.041666666666666664,DA45_ZL000066,DA33_ZL000066,0.0,0.0,27.29427990708477,0.0,0.0
ZL000066,DA33,0.06375000000000001,0.1219023411066945,-47.70403962611095,0.0,0.6063153086847812,-0.5425653086847813,-545.08,0.0,179.97239212605493,0.8838558402517517,DA33_ZL000066,DA46,1.5927511788505877,1.5927511788505877,0.0,0.1443001443001443,DA46_DA33,1.0,0.041666666666666664,DA46_ZL000066,DA33_ZL000066,0.0,0.0,27.29427990708477,0.0,0.0
ZL000066,DA34,0.8850000000000001,0.3367606883654566,162.79789493706815,0.0,1.572211936084827,-0.6872119360848269,-304.07,0.0,179.97239212605493,1.6300644917043252,DA34_ZL000066,DA36,0.4247143452380944,0.4247143452380944,0.0,0.1443001443001443,DA36_DA34,0.8081149823420368,0.033671457597584865,DA36_ZL000066,DA34_ZL000066,0.0,0.0,27.29427990708477,0.0,0.0
ZL000066,DA34,0.8850000000000001,0.3367606883654566,162.79789493706815,0.0,1.572211936084827,-0.6872119360848269,-304.07,0.0,179.97239212605493,1.6300644917043252,DA34_ZL000066,DA37,0.7625966152056316,0.7625913691654083,0.0,0.1443001443001443,DA37_DA34,0.8194037091391021,0.03414182121412925,DA37_ZL000066,DA34_ZL000066,0.0,0.0,27.29427990708477,0.0,0.0
ZL000066,DA34,0.8850000000000001,0.3367606883654566,162.79789493706815,0.0,1.572211936084827,-0.6872119360848269,-304.07,0.0,179.97239212605493,1.6300644917043252,DA34_ZL000066,DA38,1.0660770492268645,1.0660715805188818,0.0,0.1443001443001443,DA38_DA34,0.5321016066919075,0.02217090027882948,DA38_ZL000066,DA34_ZL000066,0.0,0.0,27.29427990708477,0.0,0.0
ZL000066,DA34,0.8850000000000001,0.3367606883654566,162.79789493706815,0.0,1.572211936084827,-0.6872119360848269,-304.07,0.0,179.97239212605493,1.6300644917043252,DA34_ZL000066,DA39,0.2111074173143596,0.2111074173143596,0.0,0.1443001443001443,DA39_DA34,0.7900523334733707,0.03291884722805711,DA39_ZL000066,DA34_ZL000066,0.0,0.0,27.29427990708477,0.0,0.0
ZL000066,DA34,0.8850000000000001,0.3367606883654566,162.79789493706815,0.0,1.572211936084827,-0.6872119360848269,-304.07,0.0,179.97239212605493,1.6300644917043252,DA34_ZL000066,DA40,1.0750799982017423,1.0750799982017423,0.0,0.1443001443001443,DA40_DA34,0.9084855858442228,0.037853566076842614,DA40_ZL000066,DA34_ZL000066,0.0,0.0,27.29427990708477,0.0,0.0
ZL000066,DA34,0.8850000000000001,0.3367606883654566,162.79789493706815,0.0,1.572211936084827,-0.6872119360848269,-304.07,0.0,179.97239212605493,1.6300644917043252,DA34_ZL000066,DA45,1.05549765275725,1.0554955217660695,0.0,0.1443001443001443,DA45_DA34,1.0,0.041666666666666664,DA45_ZL000066,DA34_ZL000066,0.0,0.0,27.29427990708477,0.0,0.0
ZL000066,DA34,0.8850000000000001,0.3367606883654566,162.79789493706815,0.0,1.572211936084827,-0.6872119360848269,-304.07,0.0,179.97239212605493,1.6300644917043252,DA34_ZL000066,DA46,1.5927511788505877,1.5927511788505877,0.0,0.1443001443001443,DA46_DA34,1.0,0.041666666666666664,DA46_ZL000066,DA34_ZL000066,0.0,0.0,27.29427990708477,0.0,0.0
ZL000066,DA35,0.7612500000000001,0.1525500711956512,399.01648293803044,0.0,0.7376517477900018,0.02359825220999834,-84.53,0.0,179.97239212605493,0.4034985875024973,DA35_ZL000066,DA36,0.4247143452380944,0.4247143452380944,0.0,0.1443001443001443,DA36_DA35,1.155992641604193,0.04816636006684138,DA36_ZL000066,DA35_ZL000066,0.0,0.0,27.29427990708477,0.0,0.0
ZL000066,DA35,0.7612500000000001,0.1525500711956512,399.01648293803044,0.0,0.7376517477900018,0.02359825220999834,-84.53,0.0,179.97239212605493,0.4034985875024973,DA35_ZL000066,DA37,0.7625966152056316,0.7625913691654083,0.0,0.1443001443001443,DA37_DA35,1.0,0.041666666666666664,DA37_ZL000066,DA35_ZL000066,0.0,0.0,27.29427990708477,0.0,0.0
ZL000066,DA35,0.7612500000000001,0.1525500711956512,399.01648293803044,0.0,0.7376517477900018,0.02359825220999834,-84.53,0.0,179.97239212605493,0.4034985875024973,DA35_ZL000066,DA38,1.0660770492268645,1.0660715805188818,0.0,0.1443001443001443,DA38_DA35,1.0,0.041666666666666664,DA38_ZL000066,DA35_ZL000066,0.0,0.0,27.29427990708477,0.0,0.0
ZL000066,DA35,0.7612500000000001,0.1525500711956512,399.01648293803044,0.0,0.7376517477900018,0.02359825220999834,-84.53,0.0,179.97239212605493,0.4034985875024973,DA35_ZL000066,DA39,0.2111074173143596,0.2111074173143596,0.0,0.1443001443001443,DA39_DA35,1.0,0.041666666666666664,DA39_ZL000066,DA35_ZL000066,0.0,0.0,27.29427990708477,0.0,0.0
ZL000066,DA35,0.7612500000000001,0.1525500711956512,399.01648293803044,0.0,0.7376517477900018,0.02359825220999834,-84.53,0.0,179.97239212605493,0.4034985875024973,DA35_ZL000066,DA40,1.0750799982017423,1.0750799982017423,0.0,0.1443001443001443,DA40_DA35,1.0,0.041666666666666664,DA40_ZL000066,DA35_ZL000066,0.0,0.0,27.29427990708477,0.0,0.0
ZL000066,DA35,0.7612500000000001,0.1525500711956512,399.01648293803044,0.0,0.7376517477900018,0.02359825220999834,-84.53,0.0,179.97239212605493,0.4034985875024973,DA35_ZL000066,DA45,1.05549765275725,1.0554955217660695,0.0,0.1443001443001443,DA45_DA35,1.230499979832588,0.0512708324930245,DA45_ZL000066,DA35_ZL000066,0.0,0.0,27.29427990708477,0.0,0.0
ZL000066,DA35,0.7612500000000001,0.1525500711956512,399.01648293803044,0.0,0.7376517477900018,0.02359825220999834,-84.53,0.0,179.97239212605493,0.4034985875024973,DA35_ZL000066,DA46,1.5927511788505877,1.5927511788505877,0.0,0.1443001443001443,DA46_DA35,1.264366951754586,0.052681956323107744,DA46_ZL000066,DA35_ZL000066,0.0,0.0,27.29427990708477,0.0,0.0
ZL000066,DA42,0.8362500000000002,0.159398139543291,424.62971173693205,0.0,0.8205339666428114,0.01571603335718874,-90.14,0.0,179.97239212605493,0.43055412772481044,DA42_ZL000066,DA36,0.4247143452380944,0.4247143452380944,0.0,0.1443001443001443,DA36_DA42,1.162766299832193,0.048448595826341374,DA36_ZL000066,DA42_ZL000066,0.0,0.0,27.29427990708477,0.0,0.0
ZL000066,DA42,0.8362500000000002,0.159398139543291,424.62971173693205,0.0,0.8205339666428114,0.01571603335718874,-90.14,0.0,179.97239212605493,0.43055412772481044,DA42_ZL000066,DA37,0.7625966152056316,0.7625913691654083,0.0,0.1443001443001443,DA37_DA42,1.174055026629258,0.04891895944288575,DA37_ZL000066,DA42_ZL000066,0.0,0.0,27.29427990708477,0.0,0.0
ZL000066,DA42,0.8362500000000002,0.159398139543291,424.62971173693205,0.0,0.8205339666428114,0.01571603335718874,-90.14,0.0,179.97239212605493,0.43055412772481044,DA42_ZL000066,DA38,1.0660770492268645,1.0660715805188818,0.0,0.1443001443001443,DA38_DA42,0.8867529241820639,0.036948038507586,DA38_ZL000066,DA42_ZL000066,0.0,0.0,27.29427990708477,0.0,0.0
ZL000066,DA42,0.8362500000000002,0.159398139543291,424.62971173693205,0.0,0.8205339666428114,0.01571603335718874,-90.14,0.0,179.97239212605493,0.43055412772481044,DA42_ZL000066,DA39,0.2111074173143596,0.2111074173143596,0.0,0.1443001443001443,DA39_DA42,1.144703650963527,0.04769598545681363,DA39_ZL000066,DA42_ZL000066,0.0,0.0,27.29427990708477,0.0,0.0
ZL000066,DA42,0.8362500000000002,0.159398139543291,424.62971173693205,0.0,0.8205339666428114,0.01571603335718874,-90.14,0.0,179.97239212605493,0.43055412772481044,DA42_ZL000066,DA40,1.0750799982017423,1.0750799982017423,0.0,0.1443001443001443,DA40_DA42,1.263136903334379,0.05263070430559912,DA40_ZL000066,DA42_ZL000066,0.0,0.0,27.29427990708477,0.0,0.0
ZL000066,DA42,0.8362500000000002,0.159398139543291,424.62971173693205,0.0,0.8205339666428114,0.01571603335718874,-90.14,0.0,179.97239212605493,0.43055412772481044,DA42_ZL000066,DA45,1.05549765275725,1.0554955217660695,0.0,0.1443001443001443,DA45_DA42,1.0,0.041666666666666664,DA45_ZL000066,DA42_ZL000066,0.0,0.0,27.29427990708477,0.0,0.0
ZL000066,DA42,0.8362500000000002,0.159398139543291,424.62971173693205,0.0,0.8205339666428114,0.01571603335718874,-90.14,0.0,179.97239212605493,0.43055412772481044,DA42_ZL000066,DA46,1.5927511788505877,1.5927511788505877,0.0,0.1443001443001443,DA46_DA42,1.0,0.041666666666666664,DA46_ZL000066,DA42_ZL000066,0.0,0.0,27.29427990708477,0.0,0.0
ZL000066,DA44,0.42,0.1225336481714038,242.76299307802472,0.0,0.5935641980920413,-0.17356419809204132,-241.65,0.0,179.97239212605493,0.5166292985795966,DA44_ZL000066,DA36,0.4247143452380944,0.4247143452380944,0.0,0.1443001443001443,DA36_DA44,1.133414924166462,0.047225621840269245,DA36_ZL000066,DA44_ZL000066,0.0,0.0,27.29427990708477,0.0,0.0
ZL000066,DA44,0.42,0.1225336481714038,242.76299307802472,0.0,0.5935641980920413,-0.17356419809204132,-241.65,0.0,179.97239212605493,0.5166292985795966,DA44_ZL000066,DA37,0.7625966152056316,0.7625913691654083,0.0,0.1443001443001443,DA37_DA44,1.144703650963527,0.04769598545681363,DA37_ZL000066,DA44_ZL000066,0.0,0.0,27.29427990708477,0.0,0.0
ZL000066,DA44,0.42,0.1225336481714038,242.76299307802472,0.0,0.5935641980920413,-0.17356419809204132,-241.65,0.0,179.97239212605493,0.5166292985795966,DA44_ZL000066,DA38,1.0660770492268645,1.0660715805188818,0.0,0.1443001443001443,DA38_DA44,0.8574015485163325,0.035725064521513854,DA38_ZL000066,DA44_ZL000066,0.0,0.0,27.29427990708477,0.0,0.0
ZL000066,DA44,0.42,0.1225336481714038,242.76299307802472,0.0,0.5935641980920413,-0.17356419809204132,-241.65,0.0,179.97239212605493,0.5166292985795966,DA44_ZL000066,DA39,0.2111074173143596,0.2111074173143596,0.0,0.1443001443001443,DA39_DA44,1.115352275297796,0.0464730114707415,DA39_ZL000066,DA44_ZL000066,0.0,0.0,27.29427990708477,0.0,0.0
ZL000066,DA44,0.42,0.1225336481714038,242.76299307802472,0.0,0.5935641980920413,-0.17356419809204132,-241.65,0.0,179.97239212605493,0.5166292985795966,DA44_ZL000066,DA40,1.0750799982017423,1.0750799982017423,0.0,0.1443001443001443,DA40_DA44,1.233785527668648,0.051407730319527,DA40_ZL000066,DA44_ZL000066,0.0,0.0,27.29427990708477,0.0,0.0
ZL000066,DA44,0.42,0.1225336481714038,242.76299307802472,0.0,0.5935641980920413,-0.17356419809204132,-241.65,0.0,179.97239212605493,0.5166292985795966,DA44_ZL000066,DA45,1.05549765275725,1.0554955217660695,0.0,0.1443001443001443,DA45_DA44,1.0,0.041666666666666664,DA45_ZL000066,DA44_ZL000066,0.0,0.0,27.29427990708477,0.0,0.0
ZL000066,DA44,0.42,0.1225336481714038,242.76299307802472,0.0,0.5935641980920413,-0.17356419809204132,-241.65,0.0,179.97239212605493,0.5166292985795966,DA44_ZL000066,DA46,1.5927511788505877,1.5927511788505877,0.0,0.1443001443001443,DA46_DA44,1.0,0.041666666666666664,DA46_ZL000066,DA44_ZL000066,0.0,0.0,27.29427990708477,0.0,0.0
ZL000062,DA34,0.0315,0.01174433362856132,168.2144512941493,0.0,0.09370141301691534,-0.06220141301691534,-629.63,0.0,1042.4518000237792,0.19637486513724614,DA34_ZL000062,DA33,0.17209120934501765,0.17209113914416066,3.295807069030195,0.1653439153439153,DA33_DA34,0.5140843776294046,0.02142018240122519,DA33_ZL000062,DA34_ZL000062,0.0245,0.0245,26.41688443670151,0.12476138421725705,3.295807069030195
ZL000062,DA34,0.0315,0.01174433362856132,168.2144512941493,0.0,0.09370141301691534,-0.06220141301691534,-629.63,0.0,1042.4518000237792,0.19637486513724614,DA34_ZL000062,DA37,0.023205716526622535,0.02320490956929637,3.295807069030195,0.1653439153439153,DA37_DA34,0.8194037091391021,0.03414182121412925,DA37_ZL000062,DA34_ZL000062,0.0245,0.0245,26.41688443670151,0.12476138421725705,3.295807069030195
ZL000062,DA34,0.0315,0.01174433362856132,168.2144512941493,0.0,0.09370141301691534,-0.06220141301691534,-629.63,0.0,1042.4518000237792,0.19637486513724614,DA34_ZL000062,DA38,0.6888565022657616,0.6888560190746861,3.295807069030195,0.1653439153439153,DA38_DA34,0.5321016066919075,0.02217090027882948,DA38_ZL000062,DA34_ZL000062,0.0245,0.0245,26.41688443670151,0.12476138421725705,3.295807069030195
ZL000062,DA34,0.0315,0.01174433362856132,168.2144512941493,0.0,0.09370141301691534,-0.06220141301691534,-629.63,0.0,1042.4518000237792,0.19637486513724614,DA34_ZL000062,DA40,0.7271533241102025,0.7271533241102025,3.295807069030195,0.1653439153439153,DA40_DA34,0.9084855858442228,0.037853566076842614,DA40_ZL000062,DA34_ZL000062,0.0245,0.0245,26.41688443670151,0.12476138421725705,3.295807069030195
ZL000062,DA34,0.0315,0.01174433362856132,168.2144512941493,0.0,0.09370141301691534,-0.06220141301691534,-629.63,0.0,1042.4518000237792,0.19637486513724614,DA34_ZL000062,DA42,0.023986290831185718,0.023986290831185718,3.295807069030195,0.1653439153439153,DA42_DA34,0.8194037091391021,0.03414182121412925,DA42_ZL000062,DA34_ZL000062,0.0245,0.0245,26.41688443670151,0.12476138421725705,3.295807069030195
ZL000062,DA36,0.091,0.01328174070676318,585.1511560804827,0.0,0.1240735951672259,-0.0330735951672259,-349.02,0.0,1042.4518000237792,0.18481167648688862,DA36_ZL000062,DA33,0.17209120934501765,0.17209113914416066,0.0,0.1653439153439153,DA33_DA36,0.8574469683224957,0.03572695701343732,DA33_ZL000062,DA36_ZL000062,0.0,0.0,26.41688443670151,0.0,0.0
ZL000062,DA36,0.091,0.01328174070676318,585.1511560804827,0.0,0.1240735951672259,-0.0330735951672259,-349.02,0.0,1042.4518000237792,0.18481167648688862,DA36_ZL000062,DA37,0.023205716526622535,0.02320490956929637,0.0,0.1653439153439153,DA37_DA36,1.162766299832193,0.048448595826341374,DA37_ZL000062,DA36_ZL000062,0.0,0.0,26.41688443670151,0.0,0.0
ZL000062,DA36,0.091,0.01328174070676318,585.1511560804827,0.0,0.1240735951672259,-0.0330735951672259,-349.02,0.0,1042.4518000237792,0.18481167648688862,DA36_ZL000062,DA38,0.6888565022657616,0.6888560190746861,0.0,0.1653439153439153,DA38_DA36,0.8754641973849986,0.03647767489104161,DA38_ZL000062,DA36_ZL000062,0.0,0.0,26.41688443670151,0.0,0.0
ZL000062,DA36,0.091,0.01328174070676318,585.1511560804827,0.0,0.1240735951672259,-0.0330735951672259,-349.02,0.0,1042.4518000237792,0.18481167648688862,DA36_ZL000062,DA40,0.7271533241102025,0.7271533241102025,0.0,0.1653439153439153,DA40_DA36,1.251848176537314,0.05216034068905475,DA40_ZL000062,DA36_ZL000062,0.0,0.0,26.41688443670151,0.0,0.0
ZL000062,DA36,0.091,0.01328174070676318,585.1511560804827,0.0,0.1240735951672259,-0.0330735951672259,-349.02,0.0,1042.4518000237792,0.18481167648688862,DA36_ZL000062,DA42,0.023986290831185718,0.023986290831185718,0.0,0.1653439153439153,DA42_DA36,1.162766299832193,0.048448595826341374,DA42_ZL000062,DA36_ZL000062,0.0,0.0,26.41688443670151,0.0,0.0
ZL000062,DA39,0.0,0.0050546191968317,-100.0,0.0,0.0,0.0,-100.0,0.0,1042.4518000237792,0.05774658799855125,DA39_ZL000062,DA33,0.17209120934501765,0.17209113914416066,0.0,0.1653439153439153,DA33_DA39,0.8393843194538297,0.034974346643909575,DA33_ZL000062,DA39_ZL000062,0.0,0.0,26.41688443670151,0.0,0.0
ZL000062,DA39,0.0,0.0050546191968317,-100.0,0.0,0.0,0.0,-100.0,0.0,1042.4518000237792,0.05774658799855125,DA39_ZL000062,DA37,0.023205716526622535,0.02320490956929637,0.0,0.1653439153439153,DA37_DA39,1.144703650963527,0.04769598545681363,DA37_ZL000062,DA39_ZL000062,0.0,0.0,26.41688443670151,0.0,0.0
ZL000062,DA39,0.0,0.0050546191968317,-100.0,0.0,0.0,0.0,-100.0,0.0,1042.4518000237792,0.05774658799855125,DA39_ZL000062,DA38,0.6888565022657616,0.6888560190746861,0.0,0.1653439153439153,DA38_DA39,0.8574015485163325,0.035725064521513854,DA38_ZL000062,DA39_ZL000062,0.0,0.0,26.41688443670151,0.0,0.0
ZL000062,DA39,0.0,0.0050546191968317,-100.0,0.0,0.0,0.0,-100.0,0.0,1042.4518000237792,0.05774658799855125,DA39_ZL000062,DA40,0.7271533241102025,0.7271533241102025,0.0,0.1653439153439153,DA40_DA39,1.233785527668648,0.051407730319527,DA40_ZL000062,DA39_ZL000062,0.0,0.0,26.41688443670151,0.0,0.0
ZL000062,DA39,0.0,0.0050546191968317,-100.0,0.0,0.0,0.0,-100.0,0.0,1042.4518000237792,0.05774658799855125,DA39_ZL000062,DA42,0.023986290831185718,0.023986290831185718,0.0,0.1653439153439153,DA42_DA39,1.144703650963527,0.04769598545681363,DA42_ZL000062,DA39_ZL000062,0.0,0.0,26.41688443670151,0.0,0.0
ZL000062,DA45,0.0,0.00831770352689336,-100.0,0.0,0.0,0.0,-100.0,0.0,1042.4518000237792,0.09502575366363457,DA45_ZL000062,DA33,0.17209120934501765,0.17209113914416066,0.0,0.1653439153439153,DA33_DA45,1.0,0.041666666666666664,DA33_ZL000062,DA45_ZL000062,0.0,0.0,26.41688443670151,0.0,0.0
ZL000062,DA45,0.0,0.00831770352689336,-100.0,0.0,0.0,0.0,-100.0,0.0,1042.4518000237792,0.09502575366363457,DA45_ZL000062,DA37,0.023205716526622535,0.02320490956929637,0.0,0.1653439153439153,DA37_DA45,1.0,0.041666666666666664,DA37_ZL000062,DA45_ZL000062,0.0,0.0,26.41688443670151,0.0,0.0
ZL000062,DA45,0.0,0.00831770352689336,-100.0,0.0,0.0,0.0,-100.0,0.0,1042.4518000237792,0.09502575366363457,DA45_ZL000062,DA38,0.6888565022657616,0.6888560190746861,0.0,0.1653439153439153,DA38_DA45,1.0,0.041666666666666664,DA38_ZL000062,DA45_ZL000062,0.0,0.0,26.41688443670151,0.0,0.0
ZL000062,DA45,0.0,0.00831770352689336,-100.0,0.0,0.0,0.0,-100.0,0.0,1042.4518000237792,0.09502575366363457,DA45_ZL000062,DA40,0.7271533241102025,0.7271533241102025,0.0,0.1653439153439153,DA40_DA45,1.0,0.041666666666666664,DA40_ZL000062,DA45_ZL000062,0.0,0.0,26.41688443670151,0.0,0.0
ZL000062,DA45,0.0,0.00831770352689336,-100.0,0.0,0.0,0.0,-100.0,0.0,1042.4518000237792,0.09502575366363457,DA45_ZL000062,DA42,0.023986290831185718,0.023986290831185718,0.0,0.1653439153439153,DA42_DA45,1.0,0.041666666666666664,DA42_ZL000062,DA45_ZL000062,0.0,0.0,26.41688443670151,0.0,0.0
ZL000062,DA35,0.0,0.00151930030078811,-100.0,0.0,0.0,0.0,-100.0,0.0,1042.4518000237792,0.017357273634120457,DA35_ZL000062,DA33,0.17209120934501765,0.17209113914416066,0.0,0.1653439153439153,DA33_DA35,1.0,0.041666666666666664,DA33_ZL000062,DA35_ZL000062,0.0,0.0,26.41688443670151,0.0,0.0
ZL000062,DA35,0.0,0.00151930030078811,-100.0,0.0,0.0,0.0,-100.0,0.0,1042.4518000237792,0.017357273634120457,DA35_ZL000062,DA37,0.023205716526622535,0.02320490956929637,0.0,0.1653439153439153,DA37_DA35,1.0,0.041666666666666664,DA37_ZL000062,DA35_ZL000062,0.0,0.0,26.41688443670151,0.0,0.0
ZL000062,DA35,0.0,0.00151930030078811,-100.0,0.0,0.0,0.0,-100.0,0.0,1042.4518000237792,0.017357273634120457,DA35_ZL000062,DA38,0.6888565022657616,0.6888560190746861,0.0,0.1653439153439153,DA38_DA35,1.0,0.041666666666666664,DA38_ZL000062,DA35_ZL000062,0.0,0.0,26.41688443670151,0.0,0.0
ZL000062,DA35,0.0,0.00151930030078811,-100.0,0.0,0.0,0.0,-100.0,0.0,1042.4518000237792,0.017357273634120457,DA35_ZL000062,DA40,0.7271533241102025,0.7271533241102025,0.0,0.1653439153439153,DA40_DA35,1.0,0.041666666666666664,DA40_ZL000062,DA35_ZL000062,0.0,0.0,26.41688443670151,0.0,0.0
ZL000062,DA35,0.0,0.00151930030078811,-100.0,0.0,0.0,0.0,-100.0,0.0,1042.4518000237792,0.017357273634120457,DA35_ZL000062,DA42,0.023986290831185718,0.023986290831185718,0.0,0.1653439153439153,DA42_DA35,1.0,0.041666666666666664,DA42_ZL000062,DA35_ZL000062,0.0,0.0,26.41688443670151,0.0,0.0
ZL000062,DA46,0.0,0.000759650150394055,-100.0,0.0,0.0,0.0,-100.0,0.0,1042.4518000237792,0.008678636817060228,DA46_ZL000062,DA33,0.17209120934501765,0.17209113914416066,0.0,0.1653439153439153,DA33_DA46,1.0,0.041666666666666664,DA33_ZL000062,DA46_ZL000062,0.0,0.0,26.41688443670151,0.0,0.0
ZL000062,DA46,0.0,0.000759650150394055,-100.0,0.0,0.0,0.0,-100.0,0.0,1042.4518000237792,0.008678636817060228,DA46_ZL000062,DA37,0.023205716526622535,0.02320490956929637,0.0,0.1653439153439153,DA37_DA46,1.0,0.041666666666666664,DA37_ZL000062,DA46_ZL000062,0.0,0.0,26.41688443670151,0.0,0.0
ZL000062,DA46,0.0,0.000759650150394055,-100.0,0.0,0.0,0.0,-100.0,0.0,1042.4518000237792,0.008678636817060228,DA46_ZL000062,DA38,0.6888565022657616,0.6888560190746861,0.0,0.1653439153439153,DA38_DA46,1.0,0.041666666666666664,DA38_ZL000062,DA46_ZL000062,0.0,0.0,26.41688443670151,0.0,0.0
ZL000062,DA46,0.0,0.000759650150394055,-100.0,0.0,0.0,0.0,-100.0,0.0,1042.4518000237792,0.008678636817060228,DA46_ZL000062,DA40,0.7271533241102025,0.7271533241102025,0.0,0.1653439153439153,DA40_DA46,1.0,0.041666666666666664,DA40_ZL000062,DA46_ZL000062,0.0,0.0,26.41688443670151,0.0,0.0
ZL000062,DA46,0.0,0.000759650150394055,-100.0,0.0,0.0,0.0,-100.0,0.0,1042.4518000237792,0.008678636817060228,DA46_ZL000062,DA42,0.023986290831185718,0.023986290831185718,0.0,0.1653439153439153,DA42_DA46,1.0,0.041666666666666664,DA42_ZL000062,DA46_ZL000062,0.0,0.0,26.41688443670151,0.0,0.0
ZL000062,DA44,0.0,0.0050546191968317,-100.0,0.0,0.0,0.0,-100.0,0.0,1042.4518000237792,0.05774658799855125,DA44_ZL000062,DA33,0.17209120934501765,0.17209113914416066,0.0,0.1653439153439153,DA33_DA44,0.8393843194538297,0.034974346643909575,DA33_ZL000062,DA44_ZL000062,0.0,0.0,26.41688443670151,0.0,0.0
ZL000062,DA44,0.0,0.0050546191968317,-100.0,0.0,0.0,0.0,-100.0,0.0,1042.4518000237792,0.05774658799855125,DA44_ZL000062,DA37,0.023205716526622535,0.02320490956929637,0.0,0.1653439153439153,DA37_DA44,1.144703650963527,0.04769598545681363,DA37_ZL000062,DA44_ZL000062,0.0,0.0,26.41688443670151,0.0,0.0
ZL000062,DA44,0.0,0.0050546191968317,-100.0,0.0,0.0,0.0,-100.0,0.0,1042.4518000237792,0.05774658799855125,DA44_ZL000062,DA38,0.6888565022657616,0.6888560190746861,0.0,0.1653439153439153,DA38_DA44,0.8574015485163325,0.035725064521513854,DA38_ZL000062,DA44_ZL000062,0.0,0.0,26.41688443670151,0.0,0.0
ZL000062,DA44,0.0,0.0050546191968317,-100.0,0.0,0.0,0.0,-100.0,0.0,1042.4518000237792,0.05774658799855125,DA44_ZL000062,DA40,0.7271533241102025,0.7271533241102025,0.0,0.1653439153439153,DA40_DA44,1.233785527668648,0.051407730319527,DA40_ZL000062,DA44_ZL000062,0.0,0.0,26.41688443670151,0.0,0.0
ZL000062,DA44,0.0,0.0050546191968317,-100.0,0.0,0.0,0.0,-100.0,0.0,1042.4518000237792,0.05774658799855125,DA44_ZL000062,DA42,0.023986290831185718,0.023986290831185718,0.0,0.1653439153439153,DA42_DA44,1.144703650963527,0.04769598545681363,DA42_ZL000062,DA44_ZL000062,0.0,0.0,26.41688443670151,0.0,0.0
ZL000060,DA33,0.2135,0.01842597713119135,1058.6902473605533,0.0,0.22487812292973958,-0.011378122929739581,-161.75,0.0,626.9772067970445,0.1453306947519077,DA33_ZL000060,DA35,1.2870375764813886,1.2870375764813886,0.0,0.1653439153439153,DA35_DA33,1.0,0.041666666666666664,DA35_ZL000060,DA33_ZL000060,0.0,0.0,26.41688443670151,0.0,0.0
ZL000060,DA33,0.2135,0.01842597713119135,1058.6902473605533,0.0,0.22487812292973958,-0.011378122929739581,-161.75,0.0,626.9772067970445,0.1453306947519077,DA33_ZL000060,DA38,0.30112629744614483,0.30112629744614483,0.0,0.1653439153439153,DA38_DA33,0.5814335926723664,0.024226399694681933,DA38_ZL000060,DA33_ZL000060,0.0,0.0,26.41688443670151,0.0,0.0
ZL000060,DA33,0.2135,0.01842597713119135,1058.6902473605533,0.0,0.22487812292973958,-0.011378122929739581,-161.75,0.0,626.9772067970445,0.1453306947519077,DA33_ZL000060,DA40,2.4180596133763803,2.4180559415766187,0.0,0.1653439153439153,DA40_DA33,0.9578175718246816,0.039909065492695066,DA40_ZL000060,DA33_ZL000060,0.0,0.0,26.41688443670151,0.0,0.0
ZL000060,DA33,0.2135,0.01842597713119135,1058.6902473605533,0.0,0.22487812292973958,-0.011378122929739581,-161.75,0.0,626.9772067970445,0.1453306947519077,DA33_ZL000060,DA44,0.7943695683155826,0.7943683613532325,0.0,0.1653439153439153,DA44_DA33,0.8393843194538297,0.034974346643909575,DA44_ZL000060,DA33_ZL000060,0.0,0.0,26.41688443670151,0.0,0.0
ZL000060,DA33,0.2135,0.01842597713119135,1058.6902473605533,0.0,0.22487812292973958,-0.011378122929739581,-161.75,0.0,626.9772067970445,0.1453306947519077,DA33_ZL000060,DA45,1.2055943821012916,1.2055932293252452,0.0,0.1653439153439153,DA45_DA33,1.0,0.041666666666666664,DA45_ZL000060,DA33_ZL000060,0.0,0.0,26.41688443670151,0.0,0.0
ZL000060,DA33,0.2135,0.01842597713119135,1058.6902473605533,0.0,0.22487812292973958,-0.011378122929739581,-161.75,0.0,626.9772067970445,0.1453306947519077,DA33_ZL000060,DA46,0.8300163657248522,0.8300158446560839,0.0,0.1653439153439153,DA46_DA33,1.0,0.041666666666666664,DA46_ZL000060,DA33_ZL000060,0.0,0.0,26.41688443670151,0.0,0.0
ZL000060,DA34,0.1295,0.05169245918180659,150.52009915902426,0.0,0.6428581122882773,-0.5133581122882773,-1093.1,0.0,626.9772067970445,0.889150208019121,DA34_ZL000060,DA35,1.2870375764813886,1.2870375764813886,0.0,0.1653439153439153,DA35_DA34,1.0,0.041666666666666664,DA35_ZL000060,DA34_ZL000060,0.0,0.0,26.41688443670151,0.0,0.0
ZL000060,DA34,0.1295,0.05169245918180659,150.52009915902426,0.0,0.6428581122882773,-0.5133581122882773,-1093.1,0.0,626.9772067970445,0.889150208019121,DA34_ZL000060,DA38,0.30112629744614483,0.30112629744614483,0.0,0.1653439153439153,DA38_DA34,0.5321016066919075,0.02217090027882948,DA38_ZL000060,DA34_ZL000060,0.0,0.0,26.41688443670151,0.0,0.0
ZL000060,DA34,0.1295,0.05169245918180659,150.52009915902426,0.0,0.6428581122882773,-0.5133581122882773,-1093.1,0.0,626.9772067970445,0.889150208019121,DA34_ZL000060,DA40,2.4180596133763803,2.4180559415766187,0.0,0.1653439153439153,DA40_DA34,0.9084855858442228,0.037853566076842614,DA40_ZL000060,DA34_ZL000060,0.0,0.0,26.41688443670151,0.0,0.0
ZL000060,DA34,0.1295,0.05169245918180659,150.52009915902426,0.0,0.6428581122882773,-0.5133581122882773,-1093.1,0.0,626.9772067970445,0.889150208019121,DA34_ZL000060,DA44,0.7943695683155826,0.7943683613532325,0.0,0.1653439153439153,DA44_DA34,0.7900523334733707,0.03291884722805711,DA44_ZL000060,DA34_ZL000060,0.0,0.0,26.41688443670151,0.0,0.0
ZL000060,DA34,0.1295,0.05169245918180659,150.52009915902426,0.0,0.6428581122882773,-0.5133581122882773,-1093.1,0.0,626.9772067970445,0.889150208019121,DA34_ZL000060,DA45,1.2055943821012916,1.2055932293252452,0.0,0.1653439153439153,DA45_DA34,1.0,0.041666666666666664,DA45_ZL000060,DA34_ZL000060,0.0,0.0,26.41688443670151,0.0,0.0
ZL000060,DA34,0.1295,0.05169245918180659,150.52009915902426,0.0,0.6428581122882773,-0.5133581122882773,-1093.1,0.0,626.9772067970445,0.889150208019121,DA34_ZL000060,DA46,0.8300163657248522,0.8300158446560839,0.0,0.1653439153439153,DA46_DA34,1.0,0.041666666666666664,DA46_ZL000060,DA34_ZL000060,0.0,0.0,26.41688443670151,0.0,0.0
ZL000060,DA36,0.4095,0.0347034713803291,1079.99722711347,0.0,0.46442221039837517,-0.05492221039837519,-258.26,0.0,626.9772067970445,0.30720804070883706,DA36_ZL000060,DA35,1.2870375764813886,1.2870375764813886,0.0,0.1653439153439153,DA35_DA36,1.155992641604193,0.04816636006684138,DA35_ZL000060,DA36_ZL000060,0.0,0.0,26.41688443670151,0.0,0.0
ZL000060,DA36,0.4095,0.0347034713803291,1079.99722711347,0.0,0.46442221039837517,-0.05492221039837519,-258.26,0.0,626.9772067970445,0.30720804070883706,DA36_ZL000060,DA38,0.30112629744614483,0.30112629744614483,0.0,0.1653439153439153,DA38_DA36,0.8754641973849986,0.03647767489104161,DA38_ZL000060,DA36_ZL000060,0.0,0.0,26.41688443670151,0.0,0.0
ZL000060,DA36,0.4095,0.0347034713803291,1079.99722711347,0.0,0.46442221039837517,-0.05492221039837519,-258.26,0.0,626.9772067970445,0.30720804070883706,DA36_ZL000060,DA40,2.4180596133763803,2.4180559415766187,0.0,0.1653439153439153,DA40_DA36,1.251848176537314,0.05216034068905475,DA40_ZL000060,DA36_ZL000060,0.0,0.0,26.41688443670151,0.0,0.0
ZL000060,DA36,0.4095,0.0347034713803291,1079.99722711347,0.0,0.46442221039837517,-0.05492221039837519,-258.26,0.0,626.9772067970445,0.30720804070883706,DA36_ZL000060,DA44,0.7943695683155826,0.7943683613532325,0.0,0.1653439153439153,DA44_DA36,1.133414924166462,0.047225621840269245,DA44_ZL000060,DA36_ZL000060,0.0,0.0,26.41688443670151,0.0,0.0
ZL000060,DA36,0.4095,0.0347034713803291,1079.99722711347,0.0,0.46442221039837517,-0.05492221039837519,-258.26,0.0,626.9772067970445,0.30720804070883706,DA36_ZL000060,DA45,1.2055943821012916,1.2055932293252452,0.0,0.1653439153439153,DA45_DA36,1.122125669682195,0.046755236236758126,DA45_ZL000060,DA36_ZL000060,0.0,0.0,26.41688443670151,0.0,0.0
ZL000060,DA36,0.4095,0.0347034713803291,1079.99722711347,0.0,0.46442221039837517,-0.05492221039837519,-258.26,0.0,626.9772067970445,0.30720804070883706,DA36_ZL000060,DA46,0.8300163657248522,0.8300158446560839,0.0,0.1653439153439153,DA46_DA36,1.155992641604193,0.04816636006684138,DA46_ZL000060,DA36_ZL000060,0.0,0.0,26.41688443670151,0.0,0.0
ZL000060,DA37,0.217,0.1257491807144621,72.56573662514796,0.0,1.552147913699833,-1.335147913699833,-1161.75,0.0,626.9772067970445,2.2493098077639653,DA37_ZL000060,DA35,1.2870375764813886,1.2870375764813886,0.0,0.1653439153439153,DA35_DA37,1.0,0.041666666666666664,DA35_ZL000060,DA37_ZL000060,0.0,0.0,26.41688443670151,0.0,0.0
ZL000060,DA37,0.217,0.1257491807144621,72.56573662514796,0.0,1.552147913699833,-1.335147913699833,-1161.75,0.0,626.9772067970445,2.2493098077639653,DA37_ZL000060,DA38,0.30112629744614483,0.30112629744614483,0.0,0.1653439153439153,DA38_DA37,0.8867529241820639,0.036948038507586,DA38_ZL000060,DA37_ZL000060,0.0,0.0,26.41688443670151,0.0,0.0
ZL000060,DA37,0.217,0.1257491807144621,72.56573662514796,0.0,1.552147913699833,-1.335147913699833,-1161.75,0.0,626.9772067970445,2.2493098077639653,DA37_ZL000060,DA40,2.4180596133763803,2.4180559415766187,0.0,0.1653439153439153,DA40_DA37,1.263136903334379,0.05263070430559912,DA40_ZL000060,DA37_ZL000060,0.0,0.0,26.41688443670151,0.0,0.0
ZL000060,DA37,0.217,0.1257491807144621,72.56573662514796,0.0,1.552147913699833,-1.335147913699833,-1161.75,0.0,626.9772067970445,2.2493098077639653,DA37_ZL000060,DA44,0.7943695683155826,0.7943683613532325,0.0,0.1653439153439153,DA44_DA37,1.144703650963527,0.04769598545681363,DA44_ZL000060,DA37_ZL000060,0.0,0.0,26.41688443670151,0.0,0.0
ZL000060,DA37,0.217,0.1257491807144621,72.56573662514796,0.0,1.552147913699833,-1.335147913699833,-1161.75,0.0,626.9772067970445,2.2493098077639653,DA37_ZL000060,DA45,1.2055943821012916,1.2055932293252452,0.0,0.1653439153439153,DA45_DA37,1.0,0.041666666666666664,DA45_ZL000060,DA37_ZL000060,0.0,0.0,26.41688443670151,0.0,0.0
ZL000060,DA37,0.217,0.1257491807144621,72.56573662514796,0.0,1.552147913699833,-1.335147913699833,-1161.75,0.0,626.9772067970445,2.2493098077639653,DA37_ZL000060,DA46,0.8300163657248522,0.8300158446560839,0.0,0.1653439153439153,DA46_DA37,1.0,0.041666666666666664,DA46_ZL000060,DA37_ZL000060,0.0,0.0,26.41688443670151,0.0,0.0
ZL000060,DA42,0.0945,0.0533049119729123,77.28197365380062,0.0,0.7039662978670111,-0.6094662978670111,-1243.36,0.0,626.9772067970445,0.9969816016797913,DA42_ZL000060,DA35,1.2870375764813886,1.2870375764813886,0.0,0.1653439153439153,DA35_DA42,1.0,0.041666666666666664,DA35_ZL000060,DA42_ZL000060,0.0,0.0,26.41688443670151,0.0,0.0
ZL000060,DA42,0.0945,0.0533049119729123,77.28197365380062,0.0,0.7039662978670111,-0.6094662978670111,-1243.36,0.0,626.9772067970445,0.9969816016797913,DA42_ZL000060,DA38,0.30112629744614483,0.30112629744614483,0.0,0.1653439153439153,DA38_DA42,0.8867529241820639,0.036948038507586,DA38_ZL000060,DA42_ZL000060,0.0,0.0,26.41688443670151,0.0,0.0
ZL000060,DA42,0.0945,0.0533049119729123,77.28197365380062,0.0,0.7039662978670111,-0.6094662978670111,-1243.36,0.0,626.9772067970445,0.9969816016797913,DA42_ZL000060,DA40,2.4180596133763803,2.4180559415766187,0.0,0.1653439153439153,DA40_DA42,1.263136903334379,0.05263070430559912,DA40_ZL000060,DA42_ZL000060,0.0,0.0,26.41688443670151,0.0,0.0
ZL000060,DA42,0.0945,0.0533049119729123,77.28197365380062,0.0,0.7039662978670111,-0.6094662978670111,-1243.36,0.0,626.9772067970445,0.9969816016797913,DA42_ZL000060,DA44,0.7943695683155826,0.7943683613532325,0.0,0.1653439153439153,DA44_DA42,1.144703650963527,0.04769598545681363,DA44_ZL000060,DA42_ZL000060,0.0,0.0,26.41688443670151,0.0,0.0
ZL000060,DA42,0.0945,0.0533049119729123,77.28197365380062,0.0,0.7039662978670111,-0.6094662978670111,-1243.36,0.0,626.9772067970445,0.9969816016797913,DA42_ZL000060,DA45,1.2055943821012916,1.2055932293252452,0.0,0.1653439153439153,DA45_DA42,1.0,0.041666666666666664,DA45_ZL000060,DA42_ZL000060,0.0,0.0,26.41688443670151,0.0,0.0
ZL000060,DA42,0.0945,0.0533049119729123,77.28197365380062,0.0,0.7039662978670111,-0.6094662978670111,-1243.36,0.0,626.9772067970445,0.9969816016797913,DA42_ZL000060,DA46,0.8300163657248522,0.8300158446560839,0.0,0.1653439153439153,DA46_DA42,1.0,0.041666666666666664,DA46_ZL000060,DA42_ZL000060,0.0,0.0,26.41688443670151,0.0,0.0
ZL000060,DA39,0.0,0.0050546191968317,-100.0,0.0,0.0,0.0,-100.0,0.0,626.9772067970445,0.0367459294513543,DA39_ZL000060,DA35,1.2870375764813886,1.2870375764813886,0.0,0.1653439153439153,DA35_DA39,1.0,0.041666666666666664,DA35_ZL000060,DA39_ZL000060,0.0,0.0,26.41688443670151,0.0,0.0
ZL000060,DA39,0.0,0.0050546191968317,-100.0,0.0,0.0,0.0,-100.0,0.0,626.9772067970445,0.0367459294513543,DA39_ZL000060,DA38,0.30112629744614483,0.30112629744614483,0.0,0.1653439153439153,DA38_DA39,0.8574015485163325,0.035725064521513854,DA38_ZL000060,DA39_ZL000060,0.0,0.0,26.41688443670151,0.0,0.0
ZL000060,DA39,0.0,0.0050546191968317,-100.0,0.0,0.0,0.0,-100.0,0.0,626.9772067970445,0.0367459294513543,DA39_ZL000060,DA40,2.4180596133763803,2.4180559415766187,0.0,0.1653439153439153,DA40_DA39,1.233785527668648,0.051407730319527,DA40_ZL000060,DA39_ZL000060,0.0,0.0,26.41688443670151,0.0,0.0
ZL000060,DA39,0.0,0.0050546191968317,-100.0,0.0,0.0,0.0,-100.0,0.0,626.9772067970445,0.0367459294513543,DA39_ZL000060,DA44,0.7943695683155826,0.7943683613532325,0.0,0.1653439153439153,DA44_DA39,1.115352275297796,0.0464730114707415,DA44_ZL000060,DA39_ZL000060,0.0,0.0,26.41688443670151,0.0,0.0
ZL000060,DA39,0.0,0.0050546191968317,-100.0,0.0,0.0,0.0,-100.0,0.0,626.9772067970445,0.0367459294513543,DA39_ZL000060,DA45,1.2055943821012916,1.2055932293252452,0.0,0.1653439153439153,DA45_DA39,1.0,0.041666666666666664,DA45_ZL000060,DA39_ZL000060,0.0,0.0,26.41688443670151,0.0,0.0
ZL000060,DA39,0.0,0.0050546191968317,-100.0,0.0,0.0,0.0,-100.0,0.0,626.9772067970445,0.0367459294513543,DA39_ZL000060,DA46,0.8300163657248522,0.8300158446560839,0.0,0.1653439153439153,DA46_DA39,1.0,0.041666666666666664,DA46_ZL000060,DA39_ZL000060,0.0,0.0,26.41688443670151,0.0,0.0
ZL000056,DA39,0.0,0.0050546191968317,-100.0,0.0,0.0,0.0,-100.0,0.0,1883.1567723919577,0.10024102292059184,DA39_ZL000056,DA33,0.22193745396582082,0.2219373139819348,0.0,0.1984126984126984,DA33_DA39,0.8393843194538297,0.034974346643909575,DA33_ZL000056,DA39_ZL000056,0.0,0.0,26.41688443670151,0.0,0.0
ZL000056,DA39,0.0,0.0050546191968317,-100.0,0.0,0.0,0.0,-100.0,0.0,1883.1567723919577,0.10024102292059184,DA39_ZL000056,DA34,0.31220529032545563,0.31220529032545563,0.0,0.1984126984126984,DA34_DA39,0.7900523334733707,0.03291884722805711,DA34_ZL000056,DA39_ZL000056,0.0,0.0,26.41688443670151,0.0,0.0
ZL000056,DA39,0.0,0.0050546191968317,-100.0,0.0,0.0,0.0,-100.0,0.0,1883.1567723919577,0.10024102292059184,DA39_ZL000056,DA36,0.8407744273885268,0.8407739170705475,0.0,0.1984126984126984,DA36_DA39,1.133414924166462,0.047225621840269245,DA36_ZL000056,DA39_ZL000056,0.0,0.0,26.41688443670151,0.0,0.0
ZL000056,DA39,0.0,0.0050546191968317,-100.0,0.0,0.0,0.0,-100.0,0.0,1883.1567723919577,0.10024102292059184,DA39_ZL000056,DA38,0.7225241240662735,0.7225241240662735,0.0,0.1984126984126984,DA38_DA39,0.8574015485163325,0.035725064521513854,DA38_ZL000056,DA39_ZL000056,0.0,0.0,26.41688443670151,0.0,0.0
ZL000056,DA39,0.0,0.0050546191968317,-100.0,0.0,0.0,0.0,-100.0,0.0,1883.1567723919577,0.10024102292059184,DA39_ZL000056,DA40,1.872712119792152,1.8727120399956219,0.0,0.1984126984126984,DA40_DA39,1.233785527668648,0.051407730319527,DA40_ZL000056,DA39_ZL000056,0.0,0.0,26.41688443670151,0.0,0.0
ZL000056,DA42,0.0,0.0050546191968317,-100.0,0.0,0.0,0.0,-100.0,0.0,1883.1567723919577,0.10024102292059184,DA42_ZL000056,DA33,0.22193745396582082,0.2219373139819348,0.0,0.1984126984126984,DA33_DA42,0.868735695119561,0.036197320629981704,DA33_ZL000056,DA42_ZL000056,0.0,0.0,26.41688443670151,0.0,0.0
ZL000056,DA42,0.0,0.0050546191968317,-100.0,0.0,0.0,0.0,-100.0,0.0,1883.1567723919577,0.10024102292059184,DA42_ZL000056,DA34,0.31220529032545563,0.31220529032545563,0.0,0.1984126984126984,DA34_DA42,0.8194037091391021,0.03414182121412925,DA34_ZL000056,DA42_ZL000056,0.0,0.0,26.41688443670151,0.0,0.0
ZL000056,DA42,0.0,0.0050546191968317,-100.0,0.0,0.0,0.0,-100.0,0.0,1883.1567723919577,0.10024102292059184,DA42_ZL000056,DA36,0.8407744273885268,0.8407739170705475,0.0,0.1984126984126984,DA36_DA42,1.162766299832193,0.048448595826341374,DA36_ZL000056,DA42_ZL000056,0.0,0.0,26.41688443670151,0.0,0.0
ZL000056,DA42,0.0,0.0050546191968317,-100.0,0.0,0.0,0.0,-100.0,0.0,1883.1567723919577,0.10024102292059184,DA42_ZL000056,DA38,0.7225241240662735,0.7225241240662735,0.0,0.1984126984126984,DA38_DA42,0.8867529241820639,0.036948038507586,DA38_ZL000056,DA42_ZL000056,0.0,0.0,26.41688443670151,0.0,0.0
ZL000056,DA42,0.0,0.0050546191968317,-100.0,0.0,0.0,0.0,-100.0,0.0,1883.1567723919577,0.10024102292059184,DA42_ZL000056,DA40,1.872712119792152,1.8727120399956219,0.0,0.1984126984126984,DA40_DA42,1.263136903334379,0.05263070430559912,DA40_ZL000056,DA42_ZL000056,0.0,0.0,26.41688443670151,0.0,0.0
ZL000056,DA45,0.0,0.00887818118557486,-100.0,0.0,0.0,0.0,-100.0,0.0,1883.1567723919577,0.17606825144695643,DA45_ZL000056,DA33,0.22193745396582082,0.2219373139819348,0.0,0.1984126984126984,DA33_DA45,1.0,0.041666666666666664,DA33_ZL000056,DA45_ZL000056,0.0,0.0,26.41688443670151,0.0,0.0
ZL000056,DA45,0.0,0.00887818118557486,-100.0,0.0,0.0,0.0,-100.0,0.0,1883.1567723919577,0.17606825144695643,DA45_ZL000056,DA34,0.31220529032545563,0.31220529032545563,0.0,0.1984126984126984,DA34_DA45,1.0,0.041666666666666664,DA34_ZL000056,DA45_ZL000056,0.0,0.0,26.41688443670151,0.0,0.0
ZL000056,DA45,0.0,0.00887818118557486,-100.0,0.0,0.0,0.0,-100.0,0.0,1883.1567723919577,0.17606825144695643,DA45_ZL000056,DA36,0.8407744273885268,0.8407739170705475,0.0,0.1984126984126984,DA36_DA45,1.122125669682195,0.046755236236758126,DA36_ZL000056,DA45_ZL000056,0.0,0.0,26.41688443670151,0.0,0.0
ZL000056,DA45,0.0,0.00887818118557486,-100.0,0.0,0.0,0.0,-100.0,0.0,1883.1567723919577,0.17606825144695643,DA45_ZL000056,DA38,0.7225241240662735,0.7225241240662735,0.0,0.1984126984126984,DA38_DA45,1.0,0.041666666666666664,DA38_ZL000056,DA45_ZL000056,0.0,0.0,26.41688443670151,0.0,0.0
ZL000056,DA45,0.0,0.00887818118557486,-100.0,0.0,0.0,0.0,-100.0,0.0,1883.1567723919577,0.17606825144695643,DA45_ZL000056,DA40,1.872712119792152,1.8727120399956219,0.0,0.1984126984126984,DA40_DA45,1.0,0.041666666666666664,DA40_ZL000056,DA45_ZL000056,0.0,0.0,26.41688443670151,0.0,0.0
ZL000056,DA35,0.0,0.01095452625862444,-100.0,0.0,0.0,0.0,-100.0,0.0,1883.1567723919577,0.21724542938136593,DA35_ZL000056,DA33,0.22193745396582082,0.2219373139819348,0.0,0.1984126984126984,DA33_DA35,1.0,0.041666666666666664,DA33_ZL000056,DA35_ZL000056,0.0,0.0,26.41688443670151,0.0,0.0
ZL000056,DA35,0.0,0.01095452625862444,-100.0,0.0,0.0,0.0,-100.0,0.0,1883.1567723919577,0.21724542938136593,DA35_ZL000056,DA34,0.31220529032545563,0.31220529032545563,0.0,0.1984126984126984,DA34_DA35,1.0,0.041666666666666664,DA34_ZL000056,DA35_ZL000056,0.0,0.0,26.41688443670151,0.0,0.0
ZL000056,DA35,0.0,0.01095452625862444,-100.0,0.0,0.0,0.0,-100.0,0.0,1883.1567723919577,0.21724542938136593,DA35_ZL000056,DA36,0.8407744273885268,0.8407739170705475,0.0,0.1984126984126984,DA36_DA35,1.155992641604193,0.04816636006684138,DA36_ZL000056,DA35_ZL000056,0.0,0.0,26.41688443670151,0.0,0.0
ZL000056,DA35,0.0,0.01095452625862444,-100.0,0.0,0.0,0.0,-100.0,0.0,1883.1567723919577,0.21724542938136593,DA35_ZL000056,DA38,0.7225241240662735,0.7225241240662735,0.0,0.1984126984126984,DA38_DA35,1.0,0.041666666666666664,DA38_ZL000056,DA35_ZL000056,0.0,0.0,26.41688443670151,0.0,0.0
ZL000056,DA35,0.0,0.01095452625862444,-100.0,0.0,0.0,0.0,-100.0,0.0,1883.1567723919577,0.21724542938136593,DA35_ZL000056,DA40,1.872712119792152,1.8727120399956219,0.0,0.1984126984126984,DA40_DA35,1.0,0.041666666666666664,DA40_ZL000056,DA35_ZL000056,0.0,0.0,26.41688443670151,0.0,0.0
ZL000056,DA46,0.0,0.0530688756065742,-100.0,0.0,0.5940116839506633,-0.5940116839506633,-1219.32,0.0,1883.1567723919577,1.6464495390635463,DA46_ZL000056,DA33,0.22193745396582082,0.2219373139819348,0.0,0.1984126984126984,DA33_DA46,1.0,0.041666666666666664,DA33_ZL000056,DA46_ZL000056,0.0,0.0,26.41688443670151,0.0,0.0
ZL000056,DA46,0.0,0.0530688756065742,-100.0,0.0,0.5940116839506633,-0.5940116839506633,-1219.32,0.0,1883.1567723919577,1.6464495390635463,DA46_ZL000056,DA34,0.31220529032545563,0.31220529032545563,0.0,0.1984126984126984,DA34_DA46,1.0,0.041666666666666664,DA34_ZL000056,DA46_ZL000056,0.0,0.0,26.41688443670151,0.0,0.0
ZL000056,DA46,0.0,0.0530688756065742,-100.0,0.0,0.5940116839506633,-0.5940116839506633,-1219.32,0.0,1883.1567723919577,1.6464495390635463,DA46_ZL000056,DA36,0.8407744273885268,0.8407739170705475,0.0,0.1984126984126984,DA36_DA46,1.155992641604193,0.04816636006684138,DA36_ZL000056,DA46_ZL000056,0.0,0.0,26.41688443670151,0.0,0.0
ZL000056,DA46,0.0,0.0530688756065742,-100.0,0.0,0.5940116839506633,-0.5940116839506633,-1219.32,0.0,1883.1567723919577,1.6464495390635463,DA46_ZL000056,DA38,0.7225241240662735,0.7225241240662735,0.0,0.1984126984126984,DA38_DA46,1.0,0.041666666666666664,DA38_ZL000056,DA46_ZL000056,0.0,0.0,26.41688443670151,0.0,0.0
ZL000056,DA46,0.0,0.0530688756065742,-100.0,0.0,0.5940116839506633,-0.5940116839506633,-1219.32,0.0,1883.1567723919577,1.6464495390635463,DA46_ZL000056,DA40,1.872712119792152,1.8727120399956219,0.0,0.1984126984126984,DA40_DA46,1.0,0.041666666666666664,DA40_ZL000056,DA46_ZL000056,0.0,0.0,26.41688443670151,0.0,0.0
ZL000056,DA44,0.0,0.0050546191968317,-100.0,0.0,0.0,0.0,-100.0,0.0,1883.1567723919577,0.10024102292059184,DA44_ZL000056,DA33,0.22193745396582082,0.2219373139819348,0.0,0.1984126984126984,DA33_DA44,0.8393843194538297,0.034974346643909575,DA33_ZL000056,DA44_ZL000056,0.0,0.0,26.41688443670151,0.0,0.0
ZL000056,DA44,0.0,0.0050546191968317,-100.0,0.0,0.0,0.0,-100.0,0.0,1883.1567723919577,0.10024102292059184,DA44_ZL000056,DA34,0.31220529032545563,0.31220529032545563,0.0,0.1984126984126984,DA34_DA44,0.7900523334733707,0.03291884722805711,DA34_ZL000056,DA44_ZL000056,0.0,0.0,26.41688443670151,0.0,0.0
ZL000056,DA44,0.0,0.0050546191968317,-100.0,0.0,0.0,0.0,-100.0,0.0,1883.1567723919577,0.10024102292059184,DA44_ZL000056,DA36,0.8407744273885268,0.8407739170705475,0.0,0.1984126984126984,DA36_DA44,1.133414924166462,0.047225621840269245,DA36_ZL000056,DA44_ZL000056,0.0,0.0,26.41688443670151,0.0,0.0
ZL000056,DA44,0.0,0.0050546191968317,-100.0,0.0,0.0,0.0,-100.0,0.0,1883.1567723919577,0.10024102292059184,DA44_ZL000056,DA38,0.7225241240662735,0.7225241240662735,0.0,0.1984126984126984,DA38_DA44,0.8574015485163325,0.035725064521513854,DA38_ZL000056,DA44_ZL000056,0.0,0.0,26.41688443670151,0.0,0.0
ZL000056,DA44,0.0,0.0050546191968317,-100.0,0.0,0.0,0.0,-100.0,0.0,1883.1567723919577,0.10024102292059184,DA44_ZL000056,DA40,1.872712119792152,1.8727120399956219,0.0,0.1984126984126984,DA40_DA44,1.233785527668648,0.051407730319527,DA40_ZL000056,DA44_ZL000056,0.0,0.0,26.41688443670151,0.0,0.0
ZL000056,DA37,0.0,0.0050546191968317,-100.0,0.0,0.0,0.0,-100.0,0.0,1883.1567723919577,0.10024102292059184,DA37_ZL000056,DA33,0.22193745396582082,0.2219373139819348,0.0,0.1984126984126984,DA33_DA37,0.868735695119561,0.036197320629981704,DA33_ZL000056,DA37_ZL000056,0.0,0.0,26.41688443670151,0.0,0.0
ZL000056,DA37,0.0,0.0050546191968317,-100.0,0.0,0.0,0.0,-100.0,0.0,1883.1567723919577,0.10024102292059184,DA37_ZL000056,DA34,0.31220529032545563,0.31220529032545563,0.0,0.1984126984126984,DA34_DA37,0.8194037091391021,0.03414182121412925,DA34_ZL000056,DA37_ZL000056,0.0,0.0,26.41688443670151,0.0,0.0
ZL000056,DA37,0.0,0.0050546191968317,-100.0,0.0,0.0,0.0,-100.0,0.0,1883.1567723919577,0.10024102292059184,DA37_ZL000056,DA36,0.8407744273885268,0.8407739170705475,0.0,0.1984126984126984,DA36_DA37,1.162766299832193,0.048448595826341374,DA36_ZL000056,DA37_ZL000056,0.0,0.0,26.41688443670151,0.0,0.0
ZL000056,DA37,0.0,0.0050546191968317,-100.0,0.0,0.0,0.0,-100.0,0.0,1883.1567723919577,0.10024102292059184,DA37_ZL000056,DA38,0.7225241240662735,0.7225241240662735,0.0,0.1984126984126984,DA38_DA37,0.8867529241820639,0.036948038507586,DA38_ZL000056,DA37_ZL000056,0.0,0.0,26.41688443670151,0.0,0.0
ZL000056,DA37,0.0,0.0050546191968317,-100.0,0.0,0.0,0.0,-100.0,0.0,1883.1567723919577,0.10024102292059184,DA37_ZL000056,DA40,1.872712119792152,1.8727120399956219,0.0,0.1984126984126984,DA40_DA37,1.263136903334379,0.05263070430559912,DA40_ZL000056,DA37_ZL000056,0.0,0.0,26.41688443670151,0.0,0.0
ZL000046,DA39,0.0,0.0050546191968317,-100.0,0.0,0.0,0.0,-100.0,0.0,85.47391277025127,0.009375000000000003,DA39_ZL000046,DA33,0.07744535894809626,0.07744535894809626,0.0,0.1587301587301587,DA33_DA39,0.8393843194538297,0.034974346643909575,DA33_ZL000046,DA39_ZL000046,0.0,0.0,26.41688443670151,0.0,0.0
ZL000046,DA39,0.0,0.0050546191968317,-100.0,0.0,0.0,0.0,-100.0,0.0,85.47391277025127,0.009375000000000003,DA39_ZL000046,DA46,0.024945556660203805,0.02494538080316831,0.0,0.1587301587301587,DA46_DA39,1.0,0.041666666666666664,DA46_ZL000046,DA39_ZL000046,0.0,0.0,26.41688443670151,0.0,0.0
ZL000046,DA42,0.0,0.0050546191968317,-100.0,0.0,0.0,0.0,-100.0,0.0,85.47391277025127,0.009375000000000003,DA42_ZL000046,DA33,0.07744535894809626,0.07744535894809626,0.0,0.1587301587301587,DA33_DA42,0.868735695119561,0.036197320629981704,DA33_ZL000046,DA42_ZL000046,0.0,0.0,26.41688443670151,0.0,0.0
ZL000046,DA42,0.0,0.0050546191968317,-100.0,0.0,0.0,0.0,-100.0,0.0,85.47391277025127,0.009375000000000003,DA42_ZL000046,DA46,0.024945556660203805,0.02494538080316831,0.0,0.1587301587301587,DA46_DA42,1.0,0.041666666666666664,DA46_ZL000046,DA42_ZL000046,0.0,0.0,26.41688443670151,0.0,0.0
ZL000046,DA34,0.0,0.0050546191968317,-100.0,0.0,0.0,0.0,-100.0,0.0,85.47391277025127,0.009375000000000003,DA34_ZL000046,DA33,0.07744535894809626,0.07744535894809626,0.0,0.1587301587301587,DA33_DA34,0.5140843776294046,0.02142018240122519,DA33_ZL000046,DA34_ZL000046,0.0,0.0,26.41688443670151,0.0,0.0
ZL000046,DA34,0.0,0.0050546191968317,-100.0,0.0,0.0,0.0,-100.0,0.0,85.47391277025127,0.009375000000000003,DA34_ZL000046,DA46,0.024945556660203805,0.02494538080316831,0.0,0.1587301587301587,DA46_DA34,1.0,0.041666666666666664,DA46_ZL000046,DA34_ZL000046,0.0,0.0,26.41688443670151,0.0,0.0
ZL000046,DA45,0.0,0.0050546191968317,-100.0,0.0,0.0,0.0,-100.0,0.0,85.47391277025127,0.009375000000000003,DA45_ZL000046,DA33,0.07744535894809626,0.07744535894809626,0.0,0.1587301587301587,DA33_DA45,1.0,0.041666666666666664,DA33_ZL000046,DA45_ZL000046,0.0,0.0,26.41688443670151,0.0,0.0
ZL000046,DA45,0.0,0.0050546191968317,-100.0,0.0,0.0,0.0,-100.0,0.0,85.47391277025127,0.009375000000000003,DA45_ZL000046,DA46,0.024945556660203805,0.02494538080316831,0.0,0.1587301587301587,DA46_DA45,1.230499979832588,0.0512708324930245,DA46_ZL000046,DA45_ZL000046,0.0,0.0,26.41688443670151,0.0,0.0
ZL000046,DA38,0.0,0.0050546191968317,-100.0,0.0,0.0,0.0,-100.0,0.0,85.47391277025127,0.009375000000000003,DA38_ZL000046,DA33,0.07744535894809626,0.07744535894809626,0.0,0.1587301587301587,DA33_DA38,0.5814335926723664,0.024226399694681933,DA33_ZL000046,DA38_ZL000046,0.0,0.0,26.41688443670151,0.0,0.0
ZL000046,DA38,0.0,0.0050546191968317,-100.0,0.0,0.0,0.0,-100.0,0.0,85.47391277025127,0.009375000000000003,DA38_ZL000046,DA46,0.024945556660203805,0.02494538080316831,0.0,0.1587301587301587,DA46_DA38,1.0,0.041666666666666664,DA46_ZL000046,DA38_ZL000046,0.0,0.0,26.41688443670151,0.0,0.0
ZL000046,DA35,0.0,0.0050546191968317,-100.0,0.0,0.0,0.0,-100.0,0.0,85.47391277025127,0.009375000000000003,DA35_ZL000046,DA33,0.07744535894809626,0.07744535894809626,0.0,0.1587301587301587,DA33_DA35,1.0,0.041666666666666664,DA33_ZL000046,DA35_ZL000046,0.0,0.0,26.41688443670151,0.0,0.0
ZL000046,DA35,0.0,0.0050546191968317,-100.0,0.0,0.0,0.0,-100.0,0.0,85.47391277025127,0.009375000000000003,DA35_ZL000046,DA46,0.024945556660203805,0.02494538080316831,0.0,0.1587301587301587,DA46_DA35,1.264366951754586,0.052681956323107744,DA46_ZL000046,DA35_ZL000046,0.0,0.0,26.41688443670151,0.0,0.0
ZL000046,DA36,0.0,0.0050546191968317,-100.0,0.0,0.0,0.0,-100.0,0.0,85.47391277025127,0.009375000000000003,DA36_ZL000046,DA33,0.07744535894809626,0.07744535894809626,0.0,0.1587301587301587,DA33_DA36,0.8574469683224957,0.03572695701343732,DA33_ZL000046,DA36_ZL000046,0.0,0.0,26.41688443670151,0.0,0.0
ZL000046,DA36,0.0,0.0050546191968317,-100.0,0.0,0.0,0.0,-100.0,0.0,85.47391277025127,0.009375000000000003,DA36_ZL000046,DA46,0.024945556660203805,0.02494538080316831,0.0,0.1587301587301587,DA46_DA36,1.155992641604193,0.04816636006684138,DA46_ZL000046,DA36_ZL000046,0.0,0.0,26.41688443670151,0.0,0.0
ZL000046,DA44,0.0,0.0050546191968317,-100.0,0.0,0.0,0.0,-100.0,0.0,85.47391277025127,0.009375000000000003,DA44_ZL000046,DA33,0.07744535894809626,0.07744535894809626,0.0,0.1587301587301587,DA33_DA44,0.8393843194538297,0.034974346643909575,DA33_ZL000046,DA44_ZL000046,0.0,0.0,26.41688443670151,0.0,0.0
ZL000046,DA44,0.0,0.0050546191968317,-100.0,0.0,0.0,0.0,-100.0,0.0,85.47391277025127,0.009375000000000003,DA44_ZL000046,DA46,0.024945556660203805,0.02494538080316831,0.0,0.1587301587301587,DA46_DA44,1.0,0.041666666666666664,DA46_ZL000046,DA44_ZL000046,0.0,0.0,26.41688443670151,0.0,0.0
ZL000046,DA37,0.0,0.0050546191968317,-100.0,0.0,0.0,0.0,-100.0,0.0,85.47391277025127,0.009375000000000003,DA37_ZL000046,DA33,0.07744535894809626,0.07744535894809626,0.0,0.1587301587301587,DA33_DA37,0.868735695119561,0.036197320629981704,DA33_ZL000046,DA37_ZL000046,0.0,0.0,26.41688443670151,0.0,0.0
ZL000046,DA37,0.0,0.0050546191968317,-100.0,0.0,0.0,0.0,-100.0,0.0,85.47391277025127,0.009375000000000003,DA37_ZL000046,DA46,0.024945556660203805,0.02494538080316831,0.0,0.1587301587301587,DA46_DA37,1.0,0.041666666666666664,DA46_ZL000046,DA37_ZL000046,0.0,0.0,26.41688443670151,0.0,0.0
ZL000046,DA40,0.0,0.0050546191968317,-100.0,0.0,0.0,0.0,-100.0,0.0,85.47391277025127,0.009375000000000003,DA40_ZL000046,DA33,0.07744535894809626,0.07744535894809626,0.0,0.1587301587301587,DA33_DA40,0.9578175718246816,0.039909065492695066,DA33_ZL000046,DA40_ZL000046,0.0,0.0,26.41688443670151,0.0,0.0
ZL000046,DA40,0.0,0.0050546191968317,-100.0,0.0,0.0,0.0,-100.0,0.0,85.47391277025127,0.009375000000000003,DA40_ZL000046,DA46,0.024945556660203805,0.02494538080316831,0.0,0.1587301587301587,DA46_DA40,1.0,0.041666666666666664,DA46_ZL000046,DA40_ZL000046,0.0,0.0,26.41688443670151,0.0,0.0
ZL000044,DA33,0.357,0.0946146996807807,277.31980464396923,0.0,0.6068098708308524,-0.24980987083085238,-364.03,0.0,-343.2763511555073,0.344425891247946,DA33_ZL000044,DA37,1.6333144332603933,1.6333144332603933,0.0,0.2834467120181406,DA37_DA33,0.868735695119561,0.036197320629981704,DA37_ZL000044,DA33_ZL000044,0.0,0.0,33.19279907084785,0.0,0.0
ZL000044,DA33,0.357,0.0946146996807807,277.31980464396923,0.0,0.6068098708308524,-0.24980987083085238,-364.03,0.0,-343.2763511555073,0.344425891247946,DA33_ZL000044,DA38,0.23970016488896415,0.23969973875271772,0.0,0.2834467120181406,DA38_DA33,0.5814335926723664,0.024226399694681933,DA38_ZL000044,DA33_ZL000044,0.0,0.0,33.19279907084785,0.0,0.0
ZL000044,DA34,0.0035,0.1558930711917188,-97.75487135300858,0.0,0.6544775747452949,-0.6509775747452949,-517.58,0.0,-343.2763511555073,0.8068713578740982,DA34_ZL000044,DA37,1.6333144332603933,1.6333144332603933,0.0,0.2834467120181406,DA37_DA34,0.8194037091391021,0.03414182121412925,DA37_ZL000044,DA34_ZL000044,0.0,0.0,33.19279907084785,0.0,0.0
ZL000044,DA34,0.0035,0.1558930711917188,-97.75487135300858,0.0,0.6544775747452949,-0.6509775747452949,-517.58,0.0,-343.2763511555073,0.8068713578740982,DA34_ZL000044,DA38,0.23970016488896415,0.23969973875271772,0.0,0.2834467120181406,DA38_DA34,0.5321016066919075,0.02217090027882948,DA38_ZL000044,DA34_ZL000044,0.0,0.0,33.19279907084785,0.0,0.0
ZL000044,DA39,0.0,0.0050546191968317,-100.0,0.0,0.0,0.0,-100.0,0.0,-343.2763511555073,0.0050546191968317,DA39_ZL000044,DA37,1.6333144332603933,1.6333144332603933,0.0,0.2834467120181406,DA37_DA39,1.144703650963527,0.04769598545681363,DA37_ZL000044,DA39_ZL000044,0.0,0.0,33.19279907084785,0.0,0.0
ZL000044,DA39,0.0,0.0050546191968317,-100.0,0.0,0.0,0.0,-100.0,0.0,-343.2763511555073,0.0050546191968317,DA39_ZL000044,DA38,0.23970016488896415,0.23969973875271772,0.0,0.2834467120181406,DA38_DA39,0.8574015485163325,0.035725064521513854,DA38_ZL000044,DA39_ZL000044,0.0,0.0,33.19279907084785,0.0,0.0
ZL000044,DA42,0.0,0.0050546191968317,-100.0,0.0,0.0,0.0,-100.0,0.0,-343.2763511555073,0.0050546191968317,DA42_ZL000044,DA37,1.6333144332603933,1.6333144332603933,0.0,0.2834467120181406,DA37_DA42,1.174055026629258,0.04891895944288575,DA37_ZL000044,DA42_ZL000044,0.0,0.0,33.19279907084785,0.0,0.0
ZL000044,DA42,0.0,0.0050546191968317,-100.0,0.0,0.0,0.0,-100.0,0.0,-343.2763511555073,0.0050546191968317,DA42_ZL000044,DA38,0.23970016488896415,0.23969973875271772,0.0,0.2834467120181406,DA38_DA42,0.8867529241820639,0.036948038507586,DA38_ZL000044,DA42_ZL000044,0.0,0.0,33.19279907084785,0.0,0.0
ZL000044,DA45,0.0,0.06241418122417695,-100.0,0.0,0.2149813446541355,-0.2149813446541355,-444.44,0.0,-343.2763511555073,0.27739358703273204,DA45_ZL000044,DA37,1.6333144332603933,1.6333144332603933,10.051404402590663,0.2834467120181406,DA37_DA45,1.0,0.041666666666666664,DA37_ZL000044,DA45_ZL000044,0.08399999999999999,0.08399999999999999,33.19279907084785,0.3028188246835285,10.051404402590663
ZL000044,DA45,0.0,0.06241418122417695,-100.0,0.0,0.2149813446541355,-0.2149813446541355,-444.44,0.0,-343.2763511555073,0.27739358703273204,DA45_ZL000044,DA38,0.23970016488896415,0.23969973875271772,10.051404402590663,0.2834467120181406,DA38_DA45,1.0,0.041666666666666664,DA38_ZL000044,DA45_ZL000044,0.08399999999999999,0.08399999999999999,33.19279907084785,0.3028188246835285,10.051404402590663
ZL000044,DA35,0.0,0.02901487910720253,-100.0,0.0,0.0,0.0,-100.0,0.0,-343.2763511555073,0.02901487910720253,DA35_ZL000044,DA37,1.6333144332603933,1.6333144332603933,0.0,0.2834467120181406,DA37_DA35,1.0,0.041666666666666664,DA37_ZL000044,DA35_ZL000044,0.0,0.0,33.19279907084785,0.0,0.0
ZL000044,DA35,0.0,0.02901487910720253,-100.0,0.0,0.0,0.0,-100.0,0.0,-343.2763511555073,0.02901487910720253,DA35_ZL000044,DA38,0.23970016488896415,0.23969973875271772,0.0,0.2834467120181406,DA38_DA35,1.0,0.041666666666666664,DA38_ZL000044,DA35_ZL000044,0.0,0.0,33.19279907084785,0.0,0.0
ZL000044,DA46,0.0,0.03242249161679468,-100.0,0.0,0.23214171806333472,-0.23214171806333472,-815.99,0.0,-343.2763511555073,0.26456428934388293,DA46_ZL000044,DA37,1.6333144332603933,1.6333144332603933,0.0,0.2834467120181406,DA37_DA46,1.0,0.041666666666666664,DA37_ZL000044,DA46_ZL000044,0.0,0.0,33.19279907084785,0.0,0.0
ZL000044,DA46,0.0,0.03242249161679468,-100.0,0.0,0.23214171806333472,-0.23214171806333472,-815.99,0.0,-343.2763511555073,0.26456428934388293,DA46_ZL000044,DA38,0.23970016488896415,0.23969973875271772,0.0,0.2834467120181406,DA38_DA46,1.0,0.041666666666666664,DA38_ZL000044,DA46_ZL000044,0.0,0.0,33.19279907084785,0.0,0.0
ZL000044,DA36,0.0,0.2629865518198066,-100.0,0.0,0.562478906190421,-0.562478906190421,-313.88,0.0,-343.2763511555073,0.825462188852009,DA36_ZL000044,DA37,1.6333144332603933,1.6333144332603933,33.19279907084785,0.2834467120181406,DA37_DA36,1.162766299832193,0.048448595826341374,DA37_ZL000044,DA36_ZL000044,1.47,0.825462188852009,33.19279907084785,1.0,33.19279907084785
ZL000044,DA36,0.0,0.2629865518198066,-100.0,0.0,0.562478906190421,-0.562478906190421,-313.88,0.0,-343.2763511555073,0.825462188852009,DA36_ZL000044,DA38,0.23970016488896415,0.23969973875271772,33.19279907084785,0.2834467120181406,DA38_DA36,0.8754641973849986,0.03647767489104161,DA38_ZL000044,DA36_ZL000044,1.47,0.825462188852009,33.19279907084785,1.0,33.19279907084785
ZL000044,DA44,0.0,0.0050546191968317,-100.0,0.0,0.0,0.0,-100.0,0.0,-343.2763511555073,0.0050546191968317,DA44_ZL000044,DA37,1.6333144332603933,1.6333144332603933,0.0,0.2834467120181406,DA37_DA44,1.144703650963527,0.04769598545681363,DA37_ZL000044,DA44_ZL000044,0.0,0.0,33.19279907084785,0.0,0.0
ZL000044,DA44,0.0,0.0050546191968317,-100.0,0.0,0.0,0.0,-100.0,0.0,-343.2763511555073,0.0050546191968317,DA44_ZL000044,DA38,0.23970016488896415,0.23969973875271772,0.0,0.2834467120181406,DA38_DA44,0.8574015485163325,0.035725064521513854,DA38_ZL000044,DA44_ZL000044,0.0,0.0,33.19279907084785,0.0,0.0
ZL000044,DA40,0.0,2.192537968245498,-100.0,0.0,9.018252903573368,-9.018252903573368,-511.32,0.0,-343.2763511555073,11.21088513923288,DA40_ZL000044,DA37,1.6333144332603933,1.6333144332603933,3.9792684874721744,0.2834467120181406,DA37_DA40,1.263136903334379,0.05263070430559912,DA37_ZL000044,DA40_ZL000044,1.3439999999999999,1.3439999999999999,33.19279907084785,0.1198834867459863,3.9792684874721744
ZL000044,DA40,0.0,2.192537968245498,-100.0,0.0,9.018252903573368,-9.018252903573368,-511.32,0.0,-343.2763511555073,11.21088513923288,DA40_ZL000044,DA38,0.23970016488896415,0.23969973875271772,3.9792684874721744,0.2834467120181406,DA38_DA40,0.9758348008871847,0.04065978337029936,DA38_ZL000044,DA40_ZL000044,1.3439999999999999,1.3439999999999999,33.19279907084785,0.1198834867459863,3.9792684874721744
ZL000041,DA35,1.6275,0.328881022640956,394.8598088545731,0.0,2.044330823696053,-0.4168308236960532,-226.74,0.0,576.6896102935941,2.6423275185338198,DA35_ZL000041,DA33,2.782718392818433,2.782718302965247,0.0,0.15220700152207,DA33_DA35,1.0,0.041666666666666664,DA33_ZL000041,DA35_ZL000041,0.0,0.0,47.38283972125434,0.0,0.0
ZL000041,DA35,1.6275,0.328881022640956,394.8598088545731,0.0,2.044330823696053,-0.4168308236960532,-226.74,0.0,576.6896102935941,2.6423275185338198,DA35_ZL000041,DA34,0.40944519220519904,0.40944519220519904,0.0,0.15220700152207,DA34_DA35,1.0,0.041666666666666664,DA34_ZL000041,DA35_ZL000041,0.0,0.0,47.38283972125434,0.0,0.0
ZL000041,DA35,1.6275,0.328881022640956,394.8598088545731,0.0,2.044330823696053,-0.4168308236960532,-226.74,0.0,576.6896102935941,2.6423275185338198,DA35_ZL000041,DA36,4.131112547791718,4.131112547791718,0.0,0.15220700152207,DA36_DA35,1.155992641604193,0.04816636006684138,DA36_ZL000041,DA35_ZL000041,0.0,0.0,47.38283972125434,0.0,0.0
ZL000041,DA35,1.6275,0.328881022640956,394.8598088545731,0.0,2.044330823696053,-0.4168308236960532,-226.74,0.0,576.6896102935941,2.6423275185338198,DA35_ZL000041,DA37,2.113892802033063,2.1138866304438615,0.0,0.15220700152207,DA37_DA35,1.0,0.041666666666666664,DA37_ZL000041,DA35_ZL000041,0.0,0.0,47.38283972125434,0.0,0.0
ZL000041,DA35,1.6275,0.328881022640956,394.8598088545731,0.0,2.044330823696053,-0.4168308236960532,-226.74,0.0,576.6896102935941,2.6423275185338198,DA35_ZL000041,DA38,1.8231437026674595,1.8231437026674595,0.0,0.15220700152207,DA38_DA35,1.0,0.041666666666666664,DA38_ZL000041,DA35_ZL000041,0.0,0.0,47.38283972125434,0.0,0.0
ZL000041,DA35,1.6275,0.328881022640956,394.8598088545731,0.0,2.044330823696053,-0.4168308236960532,-226.74,0.0,576.6896102935941,2.6423275185338198,DA35_ZL000041,DA39,6.6350590337725714,6.63505305912913,0.0,0.15220700152207,DA39_DA35,1.0,0.041666666666666664,DA39_ZL000041,DA35_ZL000041,0.0,0.0,47.38283972125434,0.0,0.0
ZL000041,DA35,1.6275,0.328881022640956,394.8598088545731,0.0,2.044330823696053,-0.4168308236960532,-226.74,0.0,576.6896102935941,2.6423275185338198,DA35_ZL000041,DA40,1.1061089860463558,1.1061089860463558,0.0,0.15220700152207,DA40_DA35,1.0,0.041666666666666664,DA40_ZL000041,DA35_ZL000041,0.0,0.0,47.38283972125434,0.0,0.0
ZL000041,DA35,1.6275,0.328881022640956,394.8598088545731,0.0,2.044330823696053,-0.4168308236960532,-226.74,0.0,576.6896102935941,2.6423275185338198,DA35_ZL000041,DA42,0.020172415559170542,0.020167614555720192,0.0,0.15220700152207,DA42_DA35,1.0,0.041666666666666664,DA42_ZL000041,DA35_ZL000041,0.0,0.0,47.38283972125434,0.0,0.0
ZL000041,DA35,1.6275,0.328881022640956,394.8598088545731,0.0,2.044330823696053,-0.4168308236960532,-226.74,0.0,576.6896102935941,2.6423275185338198,DA35_ZL000041,DA44,1.3734967919933654,1.3734967919933654,0.0,0.15220700152207,DA44_DA35,1.0,0.041666666666666664,DA44_ZL000041,DA35_ZL000041,0.0,0.0,47.38283972125434,0.0,0.0
ZL000041,DA35,1.6275,0.328881022640956,394.8598088545731,0.0,2.044330823696053,-0.4168308236960532,-226.74,0.0,576.6896102935941,2.6423275185338198,DA35_ZL000041,DA45,0.030252573837831996,0.03025018959102499,0.0,0.15220700152207,DA45_DA35,1.230499979832588,0.0512708324930245,DA45_ZL000041,DA35_ZL000041,0.0,0.0,47.38283972125434,0.0,0.0
ZL000041,DA35,1.6275,0.328881022640956,394.8598088545731,0.0,2.044330823696053,-0.4168308236960532,-226.74,0.0,576.6896102935941,2.6423275185338198,DA35_ZL000041,DA46,3.225378114329863,3.2253639759785324,0.0,0.15220700152207,DA46_DA35,1.264366951754586,0.052681956323107744,DA46_ZL000041,DA35_ZL000041,0.0,0.0,47.38283972125434,0.0,0.0
ZL000032,DA34,3.71,0.903175501132278,310.77287806732016,0.0,5.75398401661684,-2.0439840166168404,-326.31,0.0,-142.40311486696163,2.947151977744736,DA34_ZL000032,DA33,0.6267463529740114,0.6267436034297889,0.0,0.1322751322751323,DA33_DA34,0.5140843776294046,0.02142018240122519,DA33_ZL000032,DA34_ZL000032,0.0,0.0,26.41688443670151,0.0,0.0
ZL000032,DA34,3.71,0.903175501132278,310.77287806732016,0.0,5.75398401661684,-2.0439840166168404,-326.31,0.0,-142.40311486696163,2.947151977744736,DA34_ZL000032,DA37,1.4718566168552576,1.4718566168552576,0.0,0.1322751322751323,DA37_DA34,0.8194037091391021,0.03414182121412925,DA37_ZL000032,DA34_ZL000032,0.0,0.0,26.41688443670151,0.0,0.0
ZL000032,DA34,3.71,0.903175501132278,310.77287806732016,0.0,5.75398401661684,-2.0439840166168404,-326.31,0.0,-142.40311486696163,2.947151977744736,DA34_ZL000032,DA42,0.276920575335834,0.276920575335834,0.0,0.1322751322751323,DA42_DA34,0.8194037091391021,0.03414182121412925,DA42_ZL000032,DA34_ZL000032,0.0,0.0,26.41688443670151,0.0,0.0
ZL000032,DA34,3.71,0.903175501132278,310.77287806732016,0.0,5.75398401661684,-2.0439840166168404,-326.31,0.0,-142.40311486696163,2.947151977744736,DA34_ZL000032,DA45,0.004204064315999106,0.004204064315999106,0.0,0.1322751322751323,DA45_DA34,1.0,0.041666666666666664,DA45_ZL000032,DA34_ZL000032,0.0,0.0,26.41688443670151,0.0,0.0
ZL000032,DA38,4.578,0.9556316515278521,379.05487356773403,0.0,6.746512728107856,-2.1685127281078556,-326.92,0.0,-142.40311486696163,3.1241509951748543,DA38_ZL000032,DA33,0.6267463529740114,0.6267436034297889,0.0,0.1322751322751323,DA33_DA38,0.5814335926723664,0.024226399694681933,DA33_ZL000032,DA38_ZL000032,0.0,0.0,26.41688443670151,0.0,0.0
ZL000032,DA38,4.578,0.9556316515278521,379.05487356773403,0.0,6.746512728107856,-2.1685127281078556,-326.92,0.0,-142.40311486696163,3.1241509951748543,DA38_ZL000032,DA37,1.4718566168552576,1.4718566168552576,0.0,0.1322751322751323,DA37_DA38,0.8867529241820639,0.036948038507586,DA37_ZL000032,DA38_ZL000032,0.0,0.0,26.41688443670151,0.0,0.0
ZL000032,DA38,4.578,0.9556316515278521,379.05487356773403,0.0,6.746512728107856,-2.1685127281078556,-326.92,0.0,-142.40311486696163,3.1241509951748543,DA38_ZL000032,DA42,0.276920575335834,0.276920575335834,0.0,0.1322751322751323,DA42_DA38,0.8867529241820639,0.036948038507586,DA42_ZL000032,DA38_ZL000032,0.0,0.0,26.41688443670151,0.0,0.0
ZL000032,DA38,4.578,0.9556316515278521,379.05487356773403,0.0,6.746512728107856,-2.1685127281078556,-326.92,0.0,-142.40311486696163,3.1241509951748543,DA38_ZL000032,DA45,0.004204064315999106,0.004204064315999106,0.0,0.1322751322751323,DA45_DA38,1.0,0.041666666666666664,DA45_ZL000032,DA38_ZL000032,0.0,0.0,26.41688443670151,0.0,0.0
ZL000032,DA39,0.0,0.06922747475451692,-100.0,0.0,0.0,0.0,-100.0,0.0,-142.40311486696163,0.06922747475451692,DA39_ZL000032,DA33,0.6267463529740114,0.6267436034297889,0.0,0.1322751322751323,DA33_DA39,0.8393843194538297,0.034974346643909575,DA33_ZL000032,DA39_ZL000032,0.0,0.0,26.41688443670151,0.0,0.0
ZL000032,DA39,0.0,0.06922747475451692,-100.0,0.0,0.0,0.0,-100.0,0.0,-142.40311486696163,0.06922747475451692,DA39_ZL000032,DA37,1.4718566168552576,1.4718566168552576,0.0,0.1322751322751323,DA37_DA39,1.144703650963527,0.04769598545681363,DA37_ZL000032,DA39_ZL000032,0.0,0.0,26.41688443670151,0.0,0.0
ZL000032,DA39,0.0,0.06922747475451692,-100.0,0.0,0.0,0.0,-100.0,0.0,-142.40311486696163,0.06922747475451692,DA39_ZL000032,DA42,0.276920575335834,0.276920575335834,0.0,0.1322751322751323,DA42_DA39,1.144703650963527,0.04769598545681363,DA42_ZL000032,DA39_ZL000032,0.0,0.0,26.41688443670151,0.0,0.0
ZL000032,DA39,0.0,0.06922747475451692,-100.0,0.0,0.0,0.0,-100.0,0.0,-142.40311486696163,0.06922747475451692,DA39_ZL000032,DA45,0.004204064315999106,0.004204064315999106,0.0,0.1322751322751323,DA45_DA39,1.0,0.041666666666666664,DA45_ZL000032,DA39_ZL000032,0.0,0.0,26.41688443670151,0.0,0.0
ZL000032,DA35,0.0,0.0050546191968317,-100.0,0.0,0.0,0.0,-100.0,0.0,-142.40311486696163,0.0050546191968317,DA35_ZL000032,DA33,0.6267463529740114,0.6267436034297889,0.0,0.1322751322751323,DA33_DA35,1.0,0.041666666666666664,DA33_ZL000032,DA35_ZL000032,0.0,0.0,26.41688443670151,0.0,0.0
ZL000032,DA35,0.0,0.0050546191968317,-100.0,0.0,0.0,0.0,-100.0,0.0,-142.40311486696163,0.0050546191968317,DA35_ZL000032,DA37,1.4718566168552576,1.4718566168552576,0.0,0.1322751322751323,DA37_DA35,1.0,0.041666666666666664,DA37_ZL000032,DA35_ZL000032,0.0,0.0,26.41688443670151,0.0,0.0
ZL000032,DA35,0.0,0.0050546191968317,-100.0,0.0,0.0,0.0,-100.0,0.0,-142.40311486696163,0.0050546191968317,DA35_ZL000032,DA42,0.276920575335834,0.276920575335834,0.0,0.1322751322751323,DA42_DA35,1.0,0.041666666666666664,DA42_ZL000032,DA35_ZL000032,0.0,0.0,26.41688443670151,0.0,0.0
ZL000032,DA35,0.0,0.0050546191968317,-100.0,0.0,0.0,0.0,-100.0,0.0,-142.40311486696163,0.0050546191968317,DA35_ZL000032,DA45,0.004204064315999106,0.004204064315999106,0.0,0.1322751322751323,DA45_DA35,1.230499979832588,0.0512708324930245,DA45_ZL000032,DA35_ZL000032,0.0,0.0,26.41688443670151,0.0,0.0
ZL000032,DA46,0.0,0.0050546191968317,-100.0,0.0,0.0,0.0,-100.0,0.0,-142.40311486696163,0.0050546191968317,DA46_ZL000032,DA33,0.6267463529740114,0.6267436034297889,0.0,0.1322751322751323,DA33_DA46,1.0,0.041666666666666664,DA33_ZL000032,DA46_ZL000032,0.0,0.0,26.41688443670151,0.0,0.0
ZL000032,DA46,0.0,0.0050546191968317,-100.0,0.0,0.0,0.0,-100.0,0.0,-142.40311486696163,0.0050546191968317,DA46_ZL000032,DA37,1.4718566168552576,1.4718566168552576,0.0,0.1322751322751323,DA37_DA46,1.0,0.041666666666666664,DA37_ZL000032,DA46_ZL000032,0.0,0.0,26.41688443670151,0.0,0.0
ZL000032,DA46,0.0,0.0050546191968317,-100.0,0.0,0.0,0.0,-100.0,0.0,-142.40311486696163,0.0050546191968317,DA46_ZL000032,DA42,0.276920575335834,0.276920575335834,0.0,0.1322751322751323,DA42_DA46,1.0,0.041666666666666664,DA42_ZL000032,DA46_ZL000032,0.0,0.0,26.41688443670151,0.0,0.0
ZL000032,DA46,0.0,0.0050546191968317,-100.0,0.0,0.0,0.0,-100.0,0.0,-142.40311486696163,0.0050546191968317,DA46_ZL000032,DA45,0.004204064315999106,0.004204064315999106,0.0,0.1322751322751323,DA45_DA46,1.230499979832588,0.0512708324930245,DA45_ZL000032,DA46_ZL000032,0.0,0.0,26.41688443670151,0.0,0.0
ZL000032,DA36,0.0,0.0050546191968317,-100.0,0.0,0.0,0.0,-100.0,0.0,-142.40311486696163,0.0050546191968317,DA36_ZL000032,DA33,0.6267463529740114,0.6267436034297889,0.0,0.1322751322751323,DA33_DA36,0.8574469683224957,0.03572695701343732,DA33_ZL000032,DA36_ZL000032,0.0,0.0,26.41688443670151,0.0,0.0
ZL000032,DA36,0.0,0.0050546191968317,-100.0,0.0,0.0,0.0,-100.0,0.0,-142.40311486696163,0.0050546191968317,DA36_ZL000032,DA37,1.4718566168552576,1.4718566168552576,0.0,0.1322751322751323,DA37_DA36,1.162766299832193,0.048448595826341374,DA37_ZL000032,DA36_ZL000032,0.0,0.0,26.41688443670151,0.0,0.0
ZL000032,DA36,0.0,0.0050546191968317,-100.0,0.0,0.0,0.0,-100.0,0.0,-142.40311486696163,0.0050546191968317,DA36_ZL000032,DA42,0.276920575335834,0.276920575335834,0.0,0.1322751322751323,DA42_DA36,1.162766299832193,0.048448595826341374,DA42_ZL000032,DA36_ZL000032,0.0,0.0,26.41688443670151,0.0,0.0
ZL000032,DA36,0.0,0.0050546191968317,-100.0,0.0,0.0,0.0,-100.0,0.0,-142.40311486696163,0.0050546191968317,DA36_ZL000032,DA45,0.004204064315999106,0.004204064315999106,0.0,0.1322751322751323,DA45_DA36,1.122125669682195,0.046755236236758126,DA45_ZL000032,DA36_ZL000032,0.0,0.0,26.41688443670151,0.0,0.0
ZL000032,DA44,0.0,0.0446060493664546,-100.0,0.0,0.0,0.0,-100.0,0.0,-142.40311486696163,0.0446060493664546,DA44_ZL000032,DA33,0.6267463529740114,0.6267436034297889,0.0,0.1322751322751323,DA33_DA44,0.8393843194538297,0.034974346643909575,DA33_ZL000032,DA44_ZL000032,0.0,0.0,26.41688443670151,0.0,0.0
ZL000032,DA44,0.0,0.0446060493664546,-100.0,0.0,0.0,0.0,-100.0,0.0,-142.40311486696163,0.0446060493664546,DA44_ZL000032,DA37,1.4718566168552576,1.4718566168552576,0.0,0.1322751322751323,DA37_DA44,1.144703650963527,0.04769598545681363,DA37_ZL000032,DA44_ZL000032,0.0,0.0,26.41688443670151,0.0,0.0
ZL000032,DA44,0.0,0.0446060493664546,-100.0,0.0,0.0,0.0,-100.0,0.0,-142.40311486696163,0.0446060493664546,DA44_ZL000032,DA42,0.276920575335834,0.276920575335834,0.0,0.1322751322751323,DA42_DA44,1.144703650963527,0.04769598545681363,DA42_ZL000032,DA44_ZL000032,0.0,0.0,26.41688443670151,0.0,0.0
ZL000032,DA44,0.0,0.0446060493664546,-100.0,0.0,0.0,0.0,-100.0,0.0,-142.40311486696163,0.0446060493664546,DA44_ZL000032,DA45,0.004204064315999106,0.004204064315999106,0.0,0.1322751322751323,DA45_DA44,1.0,0.041666666666666664,DA45_ZL000032,DA44_ZL000032,0.0,0.0,26.41688443670151,0.0,0.0
ZL000032,DA40,0.0,0.0050546191968317,-100.0,0.0,0.0,0.0,-100.0,0.0,-142.40311486696163,0.0050546191968317,DA40_ZL000032,DA33,0.6267463529740114,0.6267436034297889,0.0,0.1322751322751323,DA33_DA40,0.9578175718246816,0.039909065492695066,DA33_ZL000032,DA40_ZL000032,0.0,0.0,26.41688443670151,0.0,0.0
ZL000032,DA40,0.0,0.0050546191968317,-100.0,0.0,0.0,0.0,-100.0,0.0,-142.40311486696163,0.0050546191968317,DA40_ZL000032,DA37,1.4718566168552576,1.4718566168552576,0.0,0.1322751322751323,DA37_DA40,1.263136903334379,0.05263070430559912,DA37_ZL000032,DA40_ZL000032,0.0,0.0,26.41688443670151,0.0,0.0
ZL000032,DA40,0.0,0.0050546191968317,-100.0,0.0,0.0,0.0,-100.0,0.0,-142.40311486696163,0.0050546191968317,DA40_ZL000032,DA42,0.276920575335834,0.276920575335834,0.0,0.1322751322751323,DA42_DA40,1.263136903334379,0.05263070430559912,DA42_ZL000032,DA40_ZL000032,0.0,0.0,26.41688443670151,0.0,0.0
ZL000032,DA40,0.0,0.0050546191968317,-100.0,0.0,0.0,0.0,-100.0,0.0,-142.40311486696163,0.0050546191968317,DA40_ZL000032,DA45,0.004204064315999106,0.004204064315999106,0.0,0.1322751322751323,DA45_DA40,1.0,0.041666666666666664,DA45_ZL000032,DA40_ZL000032,0.0,0.0,26.41688443670151,0.0,0.0
ZL000031,DA33,1.31075,5.828700642912238,-77.51214069307393,0.0,3.1660277318988,-1.8552777318987999,-131.83,0.0,-144.19913570525858,7.683976057551203,DA33_ZL000031,DA42,0.15244529312876534,0.15244529312876534,0.0,0.3174603174603174,DA42_DA33,0.868735695119561,0.036197320629981704,DA42_ZL000031,DA33_ZL000031,0.0,0.0,36.00522648083624,0.0,0.0
ZL000031,DA33,1.31075,5.828700642912238,-77.51214069307393,0.0,3.1660277318988,-1.8552777318987999,-131.83,0.0,-144.19913570525858,7.683976057551203,DA33_ZL000031,DA45,0.010695574220495878,0.0106953808031683,0.0,0.3174603174603174,DA45_DA33,1.0,0.041666666666666664,DA45_ZL000031,DA33_ZL000031,0.0,0.0,36.00522648083624,0.0,0.0
ZL000031,DA37,1.54525,1.137894322193566,35.79907816229873,0.0,0.8018054156498449,0.7434445843501551,-34.66,0.0,-144.19913570525858,0.39439417207228994,DA37_ZL000031,DA42,0.15244529312876534,0.15244529312876534,0.0,0.3174603174603174,DA42_DA37,1.174055026629258,0.04891895944288575,DA42_ZL000031,DA37_ZL000031,0.0,0.0,36.00522648083624,0.0,0.0
ZL000031,DA37,1.54525,1.137894322193566,35.79907816229873,0.0,0.8018054156498449,0.7434445843501551,-34.66,0.0,-144.19913570525858,0.39439417207228994,DA37_ZL000031,DA45,0.010695574220495878,0.0106953808031683,0.0,0.3174603174603174,DA45_DA37,1.0,0.041666666666666664,DA45_ZL000031,DA37_ZL000031,0.0,0.0,36.00522648083624,0.0,0.0
ZL000031,DA38,0.021,11.35697980894167,-99.8150916849965,0.0,6.648250515489077,-6.627250515489077,-158.35,0.0,-144.19913570525858,17.983777527459132,DA38_ZL000031,DA42,0.15244529312876534,0.15244529312876534,0.0,0.3174603174603174,DA42_DA38,0.8867529241820639,0.036948038507586,DA42_ZL000031,DA38_ZL000031,0.0,0.0,36.00522648083624,0.0,0.0
ZL000031,DA38,0.021,11.35697980894167,-99.8150916849965,0.0,6.648250515489077,-6.627250515489077,-158.35,0.0,-144.19913570525858,17.983777527459132,DA38_ZL000031,DA45,0.010695574220495878,0.0106953808031683,0.0,0.3174603174603174,DA45_DA38,1.0,0.041666666666666664,DA45_ZL000031,DA38_ZL000031,0.0,0.0,36.00522648083624,0.0,0.0
ZL000031,DA39,0.0,0.0050546191968317,-100.0,0.0,0.0,0.0,-100.0,0.0,-144.19913570525858,0.0050546191968317,DA39_ZL000031,DA42,0.15244529312876534,0.15244529312876534,0.0,0.3174603174603174,DA42_DA39,1.144703650963527,0.04769598545681363,DA42_ZL000031,DA39_ZL000031,0.0,0.0,36.00522648083624,0.0,0.0
ZL000031,DA39,0.0,0.0050546191968317,-100.0,0.0,0.0,0.0,-100.0,0.0,-144.19913570525858,0.0050546191968317,DA39_ZL000031,DA45,0.010695574220495878,0.0106953808031683,0.0,0.3174603174603174,DA45_DA39,1.0,0.041666666666666664,DA45_ZL000031,DA39_ZL000031,0.0,0.0,36.00522648083624,0.0,0.0
ZL000031,DA34,0.0,9.109693267116096,-100.0,0.0,4.5773064908490255,-4.5773064908490255,-150.25,0.0,-144.19913570525858,13.687314133841934,DA34_ZL000031,DA42,0.15244529312876534,0.15244529312876534,0.35907069616255105,0.3174603174603174,DA42_DA34,0.8194037091391021,0.03414182121412925,DA42_ZL000031,DA34_ZL000031,0.1365,0.1365,36.00522648083624,0.009972738162157269,0.35907069616255105
ZL000031,DA34,0.0,9.109693267116096,-100.0,0.0,4.5773064908490255,-4.5773064908490255,-150.25,0.0,-144.19913570525858,13.687314133841934,DA34_ZL000031,DA45,0.010695574220495878,0.0106953808031683,0.35907069616255105,0.3174603174603174,DA45_DA34,1.0,0.041666666666666664,DA45_ZL000031,DA34_ZL000031,0.1365,0.1365,36.00522648083624,0.009972738162157269,0.35907069616255105
ZL000031,DA35,0.0,0.0050546191968317,-100.0,0.0,0.0,0.0,-100.0,0.0,-144.19913570525858,0.0050546191968317,DA35_ZL000031,DA42,0.15244529312876534,0.15244529312876534,0.0,0.3174603174603174,DA42_DA35,1.0,0.041666666666666664,DA42_ZL000031,DA35_ZL000031,0.0,0.0,36.00522648083624,0.0,0.0
ZL000031,DA35,0.0,0.0050546191968317,-100.0,0.0,0.0,0.0,-100.0,0.0,-144.19913570525858,0.0050546191968317,DA35_ZL000031,DA45,0.010695574220495878,0.0106953808031683,0.0,0.3174603174603174,DA45_DA35,1.230499979832588,0.0512708324930245,DA45_ZL000031,DA35_ZL000031,0.0,0.0,36.00522648083624,0.0,0.0
ZL000031,DA46,0.0,0.0050546191968317,-100.0,0.0,0.0,0.0,-100.0,0.0,-144.19913570525858,0.0050546191968317,DA46_ZL000031,DA42,0.15244529312876534,0.15244529312876534,0.0,0.3174603174603174,DA42_DA46,1.0,0.041666666666666664,DA42_ZL000031,DA46_ZL000031,0.0,0.0,36.00522648083624,0.0,0.0
ZL000031,DA46,0.0,0.0050546191968317,-100.0,0.0,0.0,0.0,-100.0,0.0,-144.19913570525858,0.0050546191968317,DA46_ZL000031,DA45,0.010695574220495878,0.0106953808031683,0.0,0.3174603174603174,DA45_DA46,1.230499979832588,0.0512708324930245,DA45_ZL000031,DA46_ZL000031,0.0,0.0,36.00522648083624,0.0,0.0
ZL000031,DA36,0.0,0.0050546191968317,-100.0,0.0,0.0,0.0,-100.0,0.0,-144.19913570525858,0.0050546191968317,DA36_ZL000031,DA42,0.15244529312876534,0.15244529312876534,0.0,0.3174603174603174,DA42_DA36,1.162766299832193,0.048448595826341374,DA42_ZL000031,DA36_ZL000031,0.0,0.0,36.00522648083624,0.0,0.0
ZL000031,DA36,0.0,0.0050546191968317,-100.0,0.0,0.0,0.0,-100.0,0.0,-144.19913570525858,0.0050546191968317,DA36_ZL000031,DA45,0.010695574220495878,0.0106953808031683,0.0,0.3174603174603174,DA45_DA36,1.122125669682195,0.046755236236758126,DA45_ZL000031,DA36_ZL000031,0.0,0.0,36.00522648083624,0.0,0.0
ZL000031,DA44,0.0,0.0050546191968317,-100.0,0.0,0.0,0.0,-100.0,0.0,-144.19913570525858,0.0050546191968317,DA44_ZL000031,DA42,0.15244529312876534,0.15244529312876534,0.0,0.3174603174603174,DA42_DA44,1.144703650963527,0.04769598545681363,DA42_ZL000031,DA44_ZL000031,0.0,0.0,36.00522648083624,0.0,0.0
ZL000031,DA44,0.0,0.0050546191968317,-100.0,0.0,0.0,0.0,-100.0,0.0,-144.19913570525858,0.0050546191968317,DA44_ZL000031,DA45,0.010695574220495878,0.0106953808031683,0.0,0.3174603174603174,DA45_DA44,1.0,0.041666666666666664,DA45_ZL000031,DA44_ZL000031,0.0,0.0,36.00522648083624,0.0,0.0
ZL000031,DA40,0.0,0.0050546191968317,-100.0,0.0,0.0,0.0,-100.0,0.0,-144.19913570525858,0.0050546191968317,DA40_ZL000031,DA42,0.15244529312876534,0.15244529312876534,36.00522648083624,0.3174603174603174,DA42_DA40,1.263136903334379,0.05263070430559912,DA42_ZL000031,DA40_ZL000031,0.02625,0.0050546191968317,36.00522648083624,1.0,36.00522648083624
ZL000031,DA40,0.0,0.0050546191968317,-100.0,0.0,0.0,0.0,-100.0,0.0,-144.19913570525858,0.0050546191968317,DA40_ZL000031,DA45,0.010695574220495878,0.0106953808031683,36.00522648083624,0.3174603174603174,DA45_DA40,1.0,0.041666666666666664,DA45_ZL000031,DA40_ZL000031,0.02625,0.0050546191968317,36.00522648083624,1.0,36.00522648083624
ZL000030,DA33,0.08375,1.432019258954954,-94.15161496772619,0.0,1.722478302042234,-1.638728302042234,-214.43,0.0,-100.9099751341211,3.0706788969771077,DA33_ZL000030,DA40,0.04744518309106075,0.04744518309106075,3.4980720928545406,0.2777777777777778,DA40_DA33,0.9578175718246816,0.039909065492695066,DA40_ZL000030,DA33_ZL000030,0.26375,0.26375,40.72590011614402,0.08589305780544017,3.4980720928545406
ZL000030,DA33,0.08375,1.432019258954954,-94.15161496772619,0.0,1.722478302042234,-1.638728302042234,-214.43,0.0,-100.9099751341211,3.0706788969771077,DA33_ZL000030,DA42,3.5431057667835524,3.5431039655673113,3.4980720928545406,0.2777777777777778,DA42_DA33,0.868735695119561,0.036197320629981704,DA42_ZL000030,DA33_ZL000030,0.26375,0.26375,40.72590011614402,0.08589305780544017,3.4980720928545406
ZL000030,DA34,0.40875,2.703657273005718,-84.88158968664015,0.0,2.9031944891770842,-2.4944444891770843,-192.26,0.0,-100.9099751341211,5.198051473080793,DA34_ZL000030,DA40,0.04744518309106075,0.04744518309106075,0.0,0.2777777777777778,DA40_DA34,0.9084855858442228,0.037853566076842614,DA40_ZL000030,DA34_ZL000030,0.0,0.0,40.72590011614402,0.0,0.0
ZL000030,DA34,0.40875,2.703657273005718,-84.88158968664015,0.0,2.9031944891770842,-2.4944444891770843,-192.26,0.0,-100.9099751341211,5.198051473080793,DA34_ZL000030,DA42,3.5431057667835524,3.5431039655673113,0.0,0.2777777777777778,DA42_DA34,0.8194037091391021,0.03414182121412925,DA42_ZL000030,DA34_ZL000030,0.0,0.0,40.72590011614402,0.0,0.0
ZL000030,DA37,0.465,0.4550562620284818,2.185166714812911,0.0,0.5426461652358198,-0.07764616523581974,-117.06,0.0,-100.9099751341211,0.5326888603305409,DA37_ZL000030,DA40,0.04744518309106075,0.04744518309106075,0.0,0.2777777777777778,DA40_DA37,1.263136903334379,0.05263070430559912,DA40_ZL000030,DA37_ZL000030,0.0,0.0,40.72590011614402,0.0,0.0
ZL000030,DA37,0.465,0.4550562620284818,2.185166714812911,0.0,0.5426461652358198,-0.07764616523581974,-117.06,0.0,-100.9099751341211,0.5326888603305409,DA37_ZL000030,DA42,3.5431057667835524,3.5431039655673113,0.0,0.2777777777777778,DA42_DA37,1.174055026629258,0.04891895944288575,DA42_ZL000030,DA37_ZL000030,0.0,0.0,40.72590011614402,0.0,0.0
ZL000030,DA38,2.6,1.743152386322514,49.1550607049999,0.0,2.0931900730993664,0.5068099269006336,-70.93,0.0,-100.9099751341211,1.2364179876185593,DA38_ZL000030,DA40,0.04744518309106075,0.04744518309106075,0.0,0.2777777777777778,DA40_DA38,0.9758348008871847,0.04065978337029936,DA40_ZL000030,DA38_ZL000030,0.0,0.0,40.72590011614402,0.0,0.0
ZL000030,DA38,2.6,1.743152386322514,49.1550607049999,0.0,2.0931900730993664,0.5068099269006336,-70.93,0.0,-100.9099751341211,1.2364179876185593,DA38_ZL000030,DA42,3.5431057667835524,3.5431039655673113,0.0,0.2777777777777778,DA42_DA38,0.8867529241820639,0.036948038507586,DA42_ZL000030,DA38_ZL000030,0.0,0.0,40.72590011614402,0.0,0.0
ZL000030,DA39,0.0,0.0050546191968317,-100.0,0.0,0.0,0.0,-100.0,0.0,-100.9099751341211,0.0050546191968317,DA39_ZL000030,DA40,0.04744518309106075,0.04744518309106075,0.0,0.2777777777777778,DA40_DA39,1.233785527668648,0.051407730319527,DA40_ZL000030,DA39_ZL000030,0.0,0.0,40.72590011614402,0.0,0.0
ZL000030,DA39,0.0,0.0050546191968317,-100.0,0.0,0.0,0.0,-100.0,0.0,-100.9099751341211,0.0050546191968317,DA39_ZL000030,DA42,3.5431057667835524,3.5431039655673113,0.0,0.2777777777777778,DA42_DA39,1.144703650963527,0.04769598545681363,DA42_ZL000030,DA39_ZL000030,0.0,0.0,40.72590011614402,0.0,0.0
ZL000030,DA45,0.0,0.0050546191968317,-100.0,0.0,0.0,0.0,-100.0,0.0,-100.9099751341211,0.0050546191968317,DA45_ZL000030,DA40,0.04744518309106075,0.04744518309106075,0.0,0.2777777777777778,DA40_DA45,1.0,0.041666666666666664,DA40_ZL000030,DA45_ZL000030,0.0,0.0,40.72590011614402,0.0,0.0
ZL000030,DA45,0.0,0.0050546191968317,-100.0,0.0,0.0,0.0,-100.0,0.0,-100.9099751341211,0.0050546191968317,DA45_ZL000030,DA42,3.5431057667835524,3.5431039655673113,0.0,0.2777777777777778,DA42_DA45,1.0,0.041666666666666664,DA42_ZL000030,DA45_ZL000030,0.0,0.0,40.72590011614402,0.0,0.0
ZL000030,DA35,0.0,0.0050546191968317,-100.0,0.0,0.0,0.0,-100.0,0.0,-100.9099751341211,0.0050546191968317,DA35_ZL000030,DA40,0.04744518309106075,0.04744518309106075,0.0,0.2777777777777778,DA40_DA35,1.0,0.041666666666666664,DA40_ZL000030,DA35_ZL000030,0.0,0.0,40.72590011614402,0.0,0.0
ZL000030,DA35,0.0,0.0050546191968317,-100.0,0.0,0.0,0.0,-100.0,0.0,-100.9099751341211,0.0050546191968317,DA35_ZL000030,DA42,3.5431057667835524,3.5431039655673113,0.0,0.2777777777777778,DA42_DA35,1.0,0.041666666666666664,DA42_ZL000030,DA35_ZL000030,0.0,0.0,40.72590011614402,0.0,0.0
ZL000030,DA46,0.0,0.0050546191968317,-100.0,0.0,0.0,0.0,-100.0,0.0,-100.9099751341211,0.0050546191968317,DA46_ZL000030,DA40,0.04744518309106075,0.04744518309106075,0.0,0.2777777777777778,DA40_DA46,1.0,0.041666666666666664,DA40_ZL000030,DA46_ZL000030,0.0,0.0,40.72590011614402,0.0,0.0
ZL000030,DA46,0.0,0.0050546191968317,-100.0,0.0,0.0,0.0,-100.0,0.0,-100.9099751341211,0.0050546191968317,DA46_ZL000030,DA42,3.5431057667835524,3.5431039655673113,0.0,0.2777777777777778,DA42_DA46,1.0,0.041666666666666664,DA42_ZL000030,DA46_ZL000030,0.0,0.0,40.72590011614402,0.0,0.0
ZL000030,DA36,0.0,0.0050546191968317,-100.0,0.0,0.0,0.0,-100.0,0.0,-100.9099751341211,0.0050546191968317,DA36_ZL000030,DA40,0.04744518309106075,0.04744518309106075,0.0,0.2777777777777778,DA40_DA36,1.251848176537314,0.05216034068905475,DA40_ZL000030,DA36_ZL000030,0.0,0.0,40.72590011614402,0.0,0.0
ZL000030,DA36,0.0,0.0050546191968317,-100.0,0.0,0.0,0.0,-100.0,0.0,-100.9099751341211,0.0050546191968317,DA36_ZL000030,DA42,3.5431057667835524,3.5431039655673113,0.0,0.2777777777777778,DA42_DA36,1.162766299832193,0.048448595826341374,DA42_ZL000030,DA36_ZL000030,0.0,0.0,40.72590011614402,0.0,0.0
ZL000030,DA44,0.0,0.0050546191968317,-100.0,0.0,0.0,0.0,-100.0,0.0,-100.9099751341211,0.0050546191968317,DA44_ZL000030,DA40,0.04744518309106075,0.04744518309106075,0.0,0.2777777777777778,DA40_DA44,1.233785527668648,0.051407730319527,DA40_ZL000030,DA44_ZL000030,0.0,0.0,40.72590011614402,0.0,0.0
ZL000030,DA44,0.0,0.0050546191968317,-100.0,0.0,0.0,0.0,-100.0,0.0,-100.9099751341211,0.0050546191968317,DA44_ZL000030,DA42,3.5431057667835524,3.5431039655673113,0.0,0.2777777777777778,DA42_DA44,1.144703650963527,0.04769598545681363,DA42_ZL000030,DA44_ZL000030,0.0,0.0,40.72590011614402,0.0,0.0
ZL000029,DA39,0.0,0.0050546191968317,-100.0,0.0,0.0,0.0,-100.0,0.0,85.47391277025125,0.009375000000000001,DA39_ZL000029,DA33,0.009945468731686053,0.0099453808031683,0.0,0.1709401709401709,DA33_DA39,0.8393843194538297,0.034974346643909575,DA33_ZL000029,DA39_ZL000029,0.0,0.0,26.41688443670151,0.0,0.0
ZL000029,DA39,0.0,0.0050546191968317,-100.0,0.0,0.0,0.0,-100.0,0.0,85.47391277025125,0.009375000000000001,DA39_ZL000029,DA34,0.024945556660203805,0.02494538080316831,0.0,0.1709401709401709,DA34_DA39,0.7900523334733707,0.03291884722805711,DA34_ZL000029,DA39_ZL000029,0.0,0.0,26.41688443670151,0.0,0.0
ZL000029,DA39,0.0,0.0050546191968317,-100.0,0.0,0.0,0.0,-100.0,0.0,85.47391277025125,0.009375000000000001,DA39_ZL000029,DA40,0.06244527101957851,0.06244527101957851,0.0,0.1709401709401709,DA40_DA39,1.233785527668648,0.051407730319527,DA40_ZL000029,DA39_ZL000029,0.0,0.0,26.41688443670151,0.0,0.0
ZL000029,DA42,0.0,0.0050546191968317,-100.0,0.0,0.0,0.0,-100.0,0.0,85.47391277025125,0.009375000000000001,DA42_ZL000029,DA33,0.009945468731686053,0.0099453808031683,0.0,0.1709401709401709,DA33_DA42,0.868735695119561,0.036197320629981704,DA33_ZL000029,DA42_ZL000029,0.0,0.0,26.41688443670151,0.0,0.0
ZL000029,DA42,0.0,0.0050546191968317,-100.0,0.0,0.0,0.0,-100.0,0.0,85.47391277025125,0.009375000000000001,DA42_ZL000029,DA34,0.024945556660203805,0.02494538080316831,0.0,0.1709401709401709,DA34_DA42,0.8194037091391021,0.03414182121412925,DA34_ZL000029,DA42_ZL000029,0.0,0.0,26.41688443670151,0.0,0.0
ZL000029,DA42,0.0,0.0050546191968317,-100.0,0.0,0.0,0.0,-100.0,0.0,85.47391277025125,0.009375000000000001,DA42_ZL000029,DA40,0.06244527101957851,0.06244527101957851,0.0,0.1709401709401709,DA40_DA42,1.263136903334379,0.05263070430559912,DA40_ZL000029,DA42_ZL000029,0.0,0.0,26.41688443670151,0.0,0.0
ZL000029,DA45,0.0,0.0050546191968317,-100.0,0.0,0.0,0.0,-100.0,0.0,85.47391277025125,0.009375000000000001,DA45_ZL000029,DA33,0.009945468731686053,0.0099453808031683,0.0,0.1709401709401709,DA33_DA45,1.0,0.041666666666666664,DA33_ZL000029,DA45_ZL000029,0.0,0.0,26.41688443670151,0.0,0.0
ZL000029,DA45,0.0,0.0050546191968317,-100.0,0.0,0.0,0.0,-100.0,0.0,85.47391277025125,0.009375000000000001,DA45_ZL000029,DA34,0.024945556660203805,0.02494538080316831,0.0,0.1709401709401709,DA34_DA45,1.0,0.041666666666666664,DA34_ZL000029,DA45_ZL000029,0.0,0.0,26.41688443670151,0.0,0.0
ZL000029,DA45,0.0,0.0050546191968317,-100.0,0.0,0.0,0.0,-100.0,0.0,85.47391277025125,0.009375000000000001,DA45_ZL000029,DA40,0.06244527101957851,0.06244527101957851,0.0,0.1709401709401709,DA40_DA45,1.0,0.041666666666666664,DA40_ZL000029,DA45_ZL000029,0.0,0.0,26.41688443670151,0.0,0.0
ZL000029,DA38,0.0,0.0050546191968317,-100.0,0.0,0.0,0.0,-100.0,0.0,85.47391277025125,0.009375000000000001,DA38_ZL000029,DA33,0.009945468731686053,0.0099453808031683,0.0,0.1709401709401709,DA33_DA38,0.5814335926723664,0.024226399694681933,DA33_ZL000029,DA38_ZL000029,0.0,0.0,26.41688443670151,0.0,0.0
ZL000029,DA38,0.0,0.0050546191968317,-100.0,0.0,0.0,0.0,-100.0,0.0,85.47391277025125,0.009375000000000001,DA38_ZL000029,DA34,0.024945556660203805,0.02494538080316831,0.0,0.1709401709401709,DA34_DA38,0.5321016066919075,0.02217090027882948,DA34_ZL000029,DA38_ZL000029,0.0,0.0,26.41688443670151,0.0,0.0
ZL000029,DA38,0.0,0.0050546191968317,-100.0,0.0,0.0,0.0,-100.0,0.0,85.47391277025125,0.009375000000000001,DA38_ZL000029,DA40,0.06244527101957851,0.06244527101957851,0.0,0.1709401709401709,DA40_DA38,0.9758348008871847,0.04065978337029936,DA40_ZL000029,DA38_ZL000029,0.0,0.0,26.41688443670151,0.0,0.0
ZL000029,DA35,0.0,0.0050546191968317,-100.0,0.0,0.0,0.0,-100.0,0.0,85.47391277025125,0.009375000000000001,DA35_ZL000029,DA33,0.009945468731686053,0.0099453808031683,0.0,0.1709401709401709,DA33_DA35,1.0,0.041666666666666664,DA33_ZL000029,DA35_ZL000029,0.0,0.0,26.41688443670151,0.0,0.0
ZL000029,DA35,0.0,0.0050546191968317,-100.0,0.0,0.0,0.0,-100.0,0.0,85.47391277025125,0.009375000000000001,DA35_ZL000029,DA34,0.024945556660203805,0.02494538080316831,0.0,0.1709401709401709,DA34_DA35,1.0,0.041666666666666664,DA34_ZL000029,DA35_ZL000029,0.0,0.0,26.41688443670151,0.0,0.0
ZL000029,DA35,0.0,0.0050546191968317,-100.0,0.0,0.0,0.0,-100.0,0.0,85.47391277025125,0.009375000000000001,DA35_ZL000029,DA40,0.06244527101957851,0.06244527101957851,0.0,0.1709401709401709,DA40_DA35,1.0,0.041666666666666664,DA40_ZL000029,DA35_ZL000029,0.0,0.0,26.41688443670151,0.0,0.0
ZL000029,DA46,0.0,0.0050546191968317,-100.0,0.0,0.0,0.0,-100.0,0.0,85.47391277025125,0.009375000000000001,DA46_ZL000029,DA33,0.009945468731686053,0.0099453808031683,0.0,0.1709401709401709,DA33_DA46,1.0,0.041666666666666664,DA33_ZL000029,DA46_ZL000029,0.0,0.0,26.41688443670151,0.0,0.0
ZL000029,DA46,0.0,0.0050546191968317,-100.0,0.0,0.0,0.0,-100.0,0.0,85.47391277025125,0.009375000000000001,DA46_ZL000029,DA34,0.024945556660203805,0.02494538080316831,0.0,0.1709401709401709,DA34_DA46,1.0,0.041666666666666664,DA34_ZL000029,DA46_ZL000029,0.0,0.0,26.41688443670151,0.0,0.0
ZL000029,DA46,0.0,0.0050546191968317,-100.0,0.0,0.0,0.0,-100.0,0.0,85.47391277025125,0.009375000000000001,DA46_ZL000029,DA40,0.06244527101957851,0.06244527101957851,0.0,0.1709401709401709,DA40_DA46,1.0,0.041666666666666664,DA40_ZL000029,DA46_ZL000029,0.0,0.0,26.41688443670151,0.0,0.0
ZL000029,DA36,0.0,0.0050546191968317,-100.0,0.0,0.0,0.0,-100.0,0.0,85.47391277025125,0.009375000000000001,DA36_ZL000029,DA33,0.009945468731686053,0.0099453808031683,0.0,0.1709401709401709,DA33_DA36,0.8574469683224957,0.03572695701343732,DA33_ZL000029,DA36_ZL000029,0.0,0.0,26.41688443670151,0.0,0.0
ZL000029,DA36,0.0,0.0050546191968317,-100.0,0.0,0.0,0.0,-100.0,0.0,85.47391277025125,0.009375000000000001,DA36_ZL000029,DA34,0.024945556660203805,0.02494538080316831,0.0,0.1709401709401709,DA34_DA36,0.8081149823420368,0.033671457597584865,DA34_ZL000029,DA36_ZL000029,0.0,0.0,26.41688443670151,0.0,0.0
ZL000029,DA36,0.0,0.0050546191968317,-100.0,0.0,0.0,0.0,-100.0,0.0,85.47391277025125,0.009375000000000001,DA36_ZL000029,DA40,0.06244527101957851,0.06244527101957851,0.0,0.1709401709401709,DA40_DA36,1.251848176537314,0.05216034068905475,DA40_ZL000029,DA36_ZL000029,0.0,0.0,26.41688443670151,0.0,0.0
ZL000029,DA44,0.0,0.0050546191968317,-100.0,0.0,0.0,0.0,-100.0,0.0,85.47391277025125,0.009375000000000001,DA44_ZL000029,DA33,0.009945468731686053,0.0099453808031683,0.0,0.1709401709401709,DA33_DA44,0.8393843194538297,0.034974346643909575,DA33_ZL000029,DA44_ZL000029,0.0,0.0,26.41688443670151,0.0,0.0
ZL000029,DA44,0.0,0.0050546191968317,-100.0,0.0,0.0,0.0,-100.0,0.0,85.47391277025125,0.009375000000000001,DA44_ZL000029,DA34,0.024945556660203805,0.02494538080316831,0.0,0.1709401709401709,DA34_DA44,0.7900523334733707,0.03291884722805711,DA34_ZL000029,DA44_ZL000029,0.0,0.0,26.41688443670151,0.0,0.0
ZL000029,DA44,0.0,0.0050546191968317,-100.0,0.0,0.0,0.0,-100.0,0.0,85.47391277025125,0.009375000000000001,DA44_ZL000029,DA40,0.06244527101957851,0.06244527101957851,0.0,0.1709401709401709,DA40_DA44,1.233785527668648,0.051407730319527,DA40_ZL000029,DA44_ZL000029,0.0,0.0,26.41688443670151,0.0,0.0
ZL000029,DA37,0.0,0.0050546191968317,-100.0,0.0,0.0,0.0,-100.0,0.0,85.47391277025125,0.009375000000000001,DA37_ZL000029,DA33,0.009945468731686053,0.0099453808031683,0.0,0.1709401709401709,DA33_DA37,0.868735695119561,0.036197320629981704,DA33_ZL000029,DA37_ZL000029,0.0,0.0,26.41688443670151,0.0,0.0
ZL000029,DA37,0.0,0.0050546191968317,-100.0,0.0,0.0,0.0,-100.0,0.0,85.47391277025125,0.009375000000000001,DA37_ZL000029,DA34,0.024945556660203805,0.02494538080316831,0.0,0.1709401709401709,DA34_DA37,0.8194037091391021,0.03414182121412925,DA34_ZL000029,DA37_ZL000029,0.0,0.0,26.41688443670151,0.0,0.0
ZL000029,DA37,0.0,0.0050546191968317,-100.0,0.0,0.0,0.0,-100.0,0.0,85.47391277025125,0.009375000000000001,DA37_ZL000029,DA40,0.06244527101957851,0.06244527101957851,0.0,0.1709401709401709,DA40_DA37,1.263136903334379,0.05263070430559912,DA40_ZL000029,DA37_ZL000029,0.0,0.0,26.41688443670151,0.0,0.0
ZL000028,DA38,0.6675000000000001,0.1355772601208469,392.33920157777453,0.0,1.008442106931298,-0.340942106931298,-351.47,0.0,1471.357212944427,2.4713391920472496,DA38_ZL000028,DA33,2.489902932791264,2.4899023448966404,0.0,0.1709401709401709,DA33_DA38,0.5814335926723664,0.024226399694681933,DA33_ZL000028,DA38_ZL000028,0.0,0.0,73.02954413472706,0.0,0.0
ZL000028,DA38,0.6675000000000001,0.1355772601208469,392.33920157777453,0.0,1.008442106931298,-0.340942106931298,-351.47,0.0,1471.357212944427,2.4713391920472496,DA38_ZL000028,DA34,4.3226015308447066,4.322600672405287,0.0,0.1709401709401709,DA34_DA38,0.5321016066919075,0.02217090027882948,DA34_ZL000028,DA38_ZL000028,0.0,0.0,73.02954413472706,0.0,0.0
ZL000028,DA38,0.6675000000000001,0.1355772601208469,392.33920157777453,0.0,1.008442106931298,-0.340942106931298,-351.47,0.0,1471.357212944427,2.4713391920472496,DA38_ZL000028,DA35,0.41122348561040395,0.41122348561040395,0.0,0.1709401709401709,DA35_DA38,1.0,0.041666666666666664,DA35_ZL000028,DA38_ZL000028,0.0,0.0,73.02954413472706,0.0,0.0
ZL000028,DA38,0.6675000000000001,0.1355772601208469,392.33920157777453,0.0,1.008442106931298,-0.340942106931298,-351.47,0.0,1471.357212944427,2.4713391920472496,DA38_ZL000028,DA36,1.427189516126633,1.427189516126633,0.0,0.1709401709401709,DA36_DA38,0.8754641973849986,0.03647767489104161,DA36_ZL000028,DA38_ZL000028,0.0,0.0,73.02954413472706,0.0,0.0
ZL000028,DA38,0.6675000000000001,0.1355772601208469,392.33920157777453,0.0,1.008442106931298,-0.340942106931298,-351.47,0.0,1471.357212944427,2.4713391920472496,DA38_ZL000028,DA37,0.5952623705266719,0.5952611614243029,0.0,0.1709401709401709,DA37_DA38,0.8867529241820639,0.036948038507586,DA37_ZL000028,DA38_ZL000028,0.0,0.0,73.02954413472706,0.0,0.0
ZL000028,DA38,0.6675000000000001,0.1355772601208469,392.33920157777453,0.0,1.008442106931298,-0.340942106931298,-351.47,0.0,1471.357212944427,2.4713391920472496,DA38_ZL000028,DA39,0.28006804361511195,0.28006633762020844,0.0,0.1709401709401709,DA39_DA38,0.8574015485163325,0.035725064521513854,DA39_ZL000028,DA38_ZL000028,0.0,0.0,73.02954413472706,0.0,0.0
ZL000028,DA38,0.6675000000000001,0.1355772601208469,392.33920157777453,0.0,1.008442106931298,-0.340942106931298,-351.47,0.0,1471.357212944427,2.4713391920472496,DA38_ZL000028,DA40,4.678336658827976,4.678333474228887,0.0,0.1709401709401709,DA40_DA38,0.9758348008871847,0.04065978337029936,DA40_ZL000028,DA38_ZL000028,0.0,0.0,73.02954413472706,0.0,0.0
ZL000028,DA38,0.6675000000000001,0.1355772601208469,392.33920157777453,0.0,1.008442106931298,-0.340942106931298,-351.47,0.0,1471.357212944427,2.4713391920472496,DA38_ZL000028,DA44,5.489040547503236,5.489040394061546,0.0,0.1709401709401709,DA44_DA38,0.8574015485163325,0.035725064521513854,DA44_ZL000028,DA38_ZL000028,0.0,0.0,73.02954413472706,0.0,0.0
ZL000028,DA38,0.6675000000000001,0.1355772601208469,392.33920157777453,0.0,1.008442106931298,-0.340942106931298,-351.47,0.0,1471.357212944427,2.4713391920472496,DA38_ZL000028,DA46,0.8287898187213395,0.8287881555306973,0.0,0.1709401709401709,DA46_DA38,1.0,0.041666666666666664,DA46_ZL000028,DA38_ZL000028,0.0,0.0,73.02954413472706,0.0,0.0
ZL000028,DA42,0.3525,0.05496400010163437,541.3288686198047,0.0,0.41436376066904707,-0.061863760669047085,-212.55,0.0,1471.357212944427,0.9255427622342032,DA42_ZL000028,DA33,2.489902932791264,2.4899023448966404,0.0,0.1709401709401709,DA33_DA42,0.868735695119561,0.036197320629981704,DA33_ZL000028,DA42_ZL000028,0.0,0.0,73.02954413472706,0.0,0.0
ZL000028,DA42,0.3525,0.05496400010163437,541.3288686198047,0.0,0.41436376066904707,-0.061863760669047085,-212.55,0.0,1471.357212944427,0.9255427622342032,DA42_ZL000028,DA34,4.3226015308447066,4.322600672405287,0.0,0.1709401709401709,DA34_DA42,0.8194037091391021,0.03414182121412925,DA34_ZL000028,DA42_ZL000028,0.0,0.0,73.02954413472706,0.0,0.0
ZL000028,DA42,0.3525,0.05496400010163437,541.3288686198047,0.0,0.41436376066904707,-0.061863760669047085,-212.55,0.0,1471.357212944427,0.9255427622342032,DA42_ZL000028,DA35,0.41122348561040395,0.41122348561040395,0.0,0.1709401709401709,DA35_DA42,1.0,0.041666666666666664,DA35_ZL000028,DA42_ZL000028,0.0,0.0,73.02954413472706,0.0,0.0
ZL000028,DA42,0.3525,0.05496400010163437,541.3288686198047,0.0,0.41436376066904707,-0.061863760669047085,-212.55,0.0,1471.357212944427,0.9255427622342032,DA42_ZL000028,DA36,1.427189516126633,1.427189516126633,0.0,0.1709401709401709,DA36_DA42,1.162766299832193,0.048448595826341374,DA36_ZL000028,DA42_ZL000028,0.0,0.0,73.02954413472706,0.0,0.0
ZL000028,DA42,0.3525,0.05496400010163437,541.3288686198047,0.0,0.41436376066904707,-0.061863760669047085,-212.55,0.0,1471.357212944427,0.9255427622342032,DA42_ZL000028,DA37,0.5952623705266719,0.5952611614243029,0.0,0.1709401709401709,DA37_DA42,1.174055026629258,0.04891895944288575,DA37_ZL000028,DA42_ZL000028,0.0,0.0,73.02954413472706,0.0,0.0
ZL000028,DA42,0.3525,0.05496400010163437,541.3288686198047,0.0,0.41436376066904707,-0.061863760669047085,-212.55,0.0,1471.357212944427,0.9255427622342032,DA42_ZL000028,DA39,0.28006804361511195,0.28006633762020844,0.0,0.1709401709401709,DA39_DA42,1.144703650963527,0.04769598545681363,DA39_ZL000028,DA42_ZL000028,0.0,0.0,73.02954413472706,0.0,0.0
ZL000028,DA42,0.3525,0.05496400010163437,541.3288686198047,0.0,0.41436376066904707,-0.061863760669047085,-212.55,0.0,1471.357212944427,0.9255427622342032,DA42_ZL000028,DA40,4.678336658827976,4.678333474228887,0.0,0.1709401709401709,DA40_DA42,1.263136903334379,0.05263070430559912,DA40_ZL000028,DA42_ZL000028,0.0,0.0,73.02954413472706,0.0,0.0
ZL000028,DA42,0.3525,0.05496400010163437,541.3288686198047,0.0,0.41436376066904707,-0.061863760669047085,-212.55,0.0,1471.357212944427,0.9255427622342032,DA42_ZL000028,DA44,5.489040547503236,5.489040394061546,0.0,0.1709401709401709,DA44_DA42,1.144703650963527,0.04769598545681363,DA44_ZL000028,DA42_ZL000028,0.0,0.0,73.02954413472706,0.0,0.0
ZL000028,DA42,0.3525,0.05496400010163437,541.3288686198047,0.0,0.41436376066904707,-0.061863760669047085,-212.55,0.0,1471.357212944427,0.9255427622342032,DA42_ZL000028,DA46,0.8287898187213395,0.8287881555306973,0.0,0.1709401709401709,DA46_DA42,1.0,0.041666666666666664,DA46_ZL000028,DA42_ZL000028,0.0,0.0,73.02954413472706,0.0,0.0
ZL000028,DA45,0.27,0.0688217897792464,292.31760880682594,0.0,0.5258024993338285,-0.2558024993338285,-471.69,0.0,1471.357212944427,1.3372398682041196,DA45_ZL000028,DA33,2.489902932791264,2.4899023448966404,0.0,0.1709401709401709,DA33_DA45,1.0,0.041666666666666664,DA33_ZL000028,DA45_ZL000028,0.0,0.0,73.02954413472706,0.0,0.0
ZL000028,DA45,0.27,0.0688217897792464,292.31760880682594,0.0,0.5258024993338285,-0.2558024993338285,-471.69,0.0,1471.357212944427,1.3372398682041196,DA45_ZL000028,DA34,4.3226015308447066,4.322600672405287,0.0,0.1709401709401709,DA34_DA45,1.0,0.041666666666666664,DA34_ZL000028,DA45_ZL000028,0.0,0.0,73.02954413472706,0.0,0.0
ZL000028,DA45,0.27,0.0688217897792464,292.31760880682594,0.0,0.5258024993338285,-0.2558024993338285,-471.69,0.0,1471.357212944427,1.3372398682041196,DA45_ZL000028,DA35,0.41122348561040395,0.41122348561040395,0.0,0.1709401709401709,DA35_DA45,1.230499979832588,0.0512708324930245,DA35_ZL000028,DA45_ZL000028,0.0,0.0,73.02954413472706,0.0,0.0
ZL000028,DA45,0.27,0.0688217897792464,292.31760880682594,0.0,0.5258024993338285,-0.2558024993338285,-471.69,0.0,1471.357212944427,1.3372398682041196,DA45_ZL000028,DA36,1.427189516126633,1.427189516126633,0.0,0.1709401709401709,DA36_DA45,1.122125669682195,0.046755236236758126,DA36_ZL000028,DA45_ZL000028,0.0,0.0,73.02954413472706,0.0,0.0
ZL000028,DA45,0.27,0.0688217897792464,292.31760880682594,0.0,0.5258024993338285,-0.2558024993338285,-471.69,0.0,1471.357212944427,1.3372398682041196,DA45_ZL000028,DA37,0.5952623705266719,0.5952611614243029,0.0,0.1709401709401709,DA37_DA45,1.0,0.041666666666666664,DA37_ZL000028,DA45_ZL000028,0.0,0.0,73.02954413472706,0.0,0.0
ZL000028,DA45,0.27,0.0688217897792464,292.31760880682594,0.0,0.5258024993338285,-0.2558024993338285,-471.69,0.0,1471.357212944427,1.3372398682041196,DA45_ZL000028,DA39,0.28006804361511195,0.28006633762020844,0.0,0.1709401709401709,DA39_DA45,1.0,0.041666666666666664,DA39_ZL000028,DA45_ZL000028,0.0,0.0,73.02954413472706,0.0,0.0
ZL000028,DA45,0.27,0.0688217897792464,292.31760880682594,0.0,0.5258024993338285,-0.2558024993338285,-471.69,0.0,1471.357212944427,1.3372398682041196,DA45_ZL000028,DA40,4.678336658827976,4.678333474228887,0.0,0.1709401709401709,DA40_DA45,1.0,0.041666666666666664,DA40_ZL000028,DA45_ZL000028,0.0,0.0,73.02954413472706,0.0,0.0
ZL000028,DA45,0.27,0.0688217897792464,292.31760880682594,0.0,0.5258024993338285,-0.2558024993338285,-471.69,0.0,1471.357212944427,1.3372398682041196,DA45_ZL000028,DA44,5.489040547503236,5.489040394061546,0.0,0.1709401709401709,DA44_DA45,1.0,0.041666666666666664,DA44_ZL000028,DA45_ZL000028,0.0,0.0,73.02954413472706,0.0,0.0
ZL000028,DA45,0.27,0.0688217897792464,292.31760880682594,0.0,0.5258024993338285,-0.2558024993338285,-471.69,0.0,1471.357212944427,1.3372398682041196,DA45_ZL000028,DA46,0.8287898187213395,0.8287881555306973,0.0,0.1709401709401709,DA46_DA45,1.230499979832588,0.0512708324930245,DA46_ZL000028,DA45_ZL000028,0.0,0.0,73.02954413472706,0.0,0.0
ZL000027,DA33,1.9565,0.4341911736900017,350.60796224219814,0.0,5.36422283837705,-3.40772283837705,-884.84,0.0,-1287.9985143229487,3.841897181278611,DA33_ZL000027,DA42,0.06766565365135929,0.06766565365135929,0.0,0.1400560224089636,DA42_DA33,0.868735695119561,0.036197320629981704,DA42_ZL000027,DA33_ZL000027,0.0,0.0,27.27526132404181,0.0,0.0
ZL000027,DA33,1.9565,0.4341911736900017,350.60796224219814,0.0,5.36422283837705,-3.40772283837705,-884.84,0.0,-1287.9985143229487,3.841897181278611,DA33_ZL000027,DA45,0.03694522263348226,0.03694522263348226,0.0,0.1400560224089636,DA45_DA33,1.0,0.041666666666666664,DA45_ZL000027,DA33_ZL000027,0.0,0.0,27.27526132404181,0.0,0.0
ZL000027,DA33,1.9565,0.4341911736900017,350.60796224219814,0.0,5.36422283837705,-3.40772283837705,-884.84,0.0,-1287.9985143229487,3.841897181278611,DA33_ZL000027,DA46,0.03437539076578035,0.03437539076578035,0.0,0.1400560224089636,DA46_DA33,1.0,0.041666666666666664,DA46_ZL000027,DA33_ZL000027,0.0,0.0,27.27526132404181,0.0,0.0
ZL000027,DA34,2.7825,1.382608555971126,101.25002033172063,0.0,18.237997997593038,-15.455497997593037,-1217.85,0.0,-1287.9985143229487,16.83809829889436,DA34_ZL000027,DA42,0.06766565365135929,0.06766565365135929,0.0,0.1400560224089636,DA42_DA34,0.8194037091391021,0.03414182121412925,DA42_ZL000027,DA34_ZL000027,0.0,0.0,27.27526132404181,0.0,0.0
ZL000027,DA34,2.7825,1.382608555971126,101.25002033172063,0.0,18.237997997593038,-15.455497997593037,-1217.85,0.0,-1287.9985143229487,16.83809829889436,DA34_ZL000027,DA45,0.03694522263348226,0.03694522263348226,0.0,0.1400560224089636,DA45_DA34,1.0,0.041666666666666664,DA45_ZL000027,DA34_ZL000027,0.0,0.0,27.27526132404181,0.0,0.0
ZL000027,DA34,2.7825,1.382608555971126,101.25002033172063,0.0,18.237997997593038,-15.455497997593037,-1217.85,0.0,-1287.9985143229487,16.83809829889436,DA34_ZL000027,DA46,0.03437539076578035,0.03437539076578035,0.0,0.1400560224089636,DA46_DA34,1.0,0.041666666666666664,DA46_ZL000027,DA34_ZL000027,0.0,0.0,27.27526132404181,0.0,0.0
ZL000027,DA38,0.0245,1.34507239561478,-98.17853670331239,0.0,19.67301302442003,-19.64851302442003,-1560.78,0.0,-1287.9985143229487,20.993620936276365,DA38_ZL000027,DA42,0.06766565365135929,0.06766565365135929,0.0,0.1400560224089636,DA42_DA38,0.8867529241820639,0.036948038507586,DA42_ZL000027,DA38_ZL000027,0.0,0.0,27.27526132404181,0.0,0.0
ZL000027,DA38,0.0245,1.34507239561478,-98.17853670331239,0.0,19.67301302442003,-19.64851302442003,-1560.78,0.0,-1287.9985143229487,20.993620936276365,DA38_ZL000027,DA45,0.03694522263348226,0.03694522263348226,0.0,0.1400560224089636,DA45_DA38,1.0,0.041666666666666664,DA45_ZL000027,DA38_ZL000027,0.0,0.0,27.27526132404181,0.0,0.0
ZL000027,DA38,0.0245,1.34507239561478,-98.17853670331239,0.0,19.67301302442003,-19.64851302442003,-1560.78,0.0,-1287.9985143229487,20.993620936276365,DA38_ZL000027,DA46,0.03437539076578035,0.03437539076578035,0.0,0.1400560224089636,DA46_DA38,1.0,0.041666666666666664,DA46_ZL000027,DA38_ZL000027,0.0,0.0,27.27526132404181,0.0,0.0
ZL000027,DA40,0.0035,0.0050546191968317,-30.75640589910621,0.0,0.0,0.0035,-30.76,0.0,-1287.9985143229487,0.001554800864945431,DA40_ZL000027,DA42,0.06766565365135929,0.06766565365135929,0.0,0.1400560224089636,DA42_DA40,1.263136903334379,0.05263070430559912,DA42_ZL000027,DA40_ZL000027,0.0,0.0,27.27526132404181,0.0,0.0
ZL000027,DA40,0.0035,0.0050546191968317,-30.75640589910621,0.0,0.0,0.0035,-30.76,0.0,-1287.9985143229487,0.001554800864945431,DA40_ZL000027,DA45,0.03694522263348226,0.03694522263348226,0.0,0.1400560224089636,DA45_DA40,1.0,0.041666666666666664,DA45_ZL000027,DA40_ZL000027,0.0,0.0,27.27526132404181,0.0,0.0
ZL000027,DA40,0.0035,0.0050546191968317,-30.75640589910621,0.0,0.0,0.0035,-30.76,0.0,-1287.9985143229487,0.001554800864945431,DA40_ZL000027,DA46,0.03437539076578035,0.03437539076578035,0.0,0.1400560224089636,DA46_DA40,1.0,0.041666666666666664,DA46_ZL000027,DA40_ZL000027,0.0,0.0,27.27526132404181,0.0,0.0
ZL000027,DA39,0.0,0.0050546191968317,-100.0,0.0,0.0,0.0,-100.0,0.0,-1287.9985143229487,0.0050546191968317,DA39_ZL000027,DA42,0.06766565365135929,0.06766565365135929,0.0,0.1400560224089636,DA42_DA39,1.144703650963527,0.04769598545681363,DA42_ZL000027,DA39_ZL000027,0.0,0.0,27.27526132404181,0.0,0.0
ZL000027,DA39,0.0,0.0050546191968317,-100.0,0.0,0.0,0.0,-100.0,0.0,-1287.9985143229487,0.0050546191968317,DA39_ZL000027,DA45,0.03694522263348226,0.03694522263348226,0.0,0.1400560224089636,DA45_DA39,1.0,0.041666666666666664,DA45_ZL000027,DA39_ZL000027,0.0,0.0,27.27526132404181,0.0,0.0
ZL000027,DA39,0.0,0.0050546191968317,-100.0,0.0,0.0,0.0,-100.0,0.0,-1287.9985143229487,0.0050546191968317,DA39_ZL000027,DA46,0.03437539076578035,0.03437539076578035,0.0,0.1400560224089636,DA46_DA39,1.0,0.041666666666666664,DA46_ZL000027,DA39_ZL000027,0.0,0.0,27.27526132404181,0.0,0.0
ZL000027,DA35,0.0,0.0050546191968317,-100.0,0.0,0.0,0.0,-100.0,0.0,-1287.9985143229487,0.0050546191968317,DA35_ZL000027,DA42,0.06766565365135929,0.06766565365135929,0.0,0.1400560224089636,DA42_DA35,1.0,0.041666666666666664,DA42_ZL000027,DA35_ZL000027,0.0,0.0,27.27526132404181,0.0,0.0
ZL000027,DA35,0.0,0.0050546191968317,-100.0,0.0,0.0,0.0,-100.0,0.0,-1287.9985143229487,0.0050546191968317,DA35_ZL000027,DA45,0.03694522263348226,0.03694522263348226,0.0,0.1400560224089636,DA45_DA35,1.230499979832588,0.0512708324930245,DA45_ZL000027,DA35_ZL000027,0.0,0.0,27.27526132404181,0.0,0.0
ZL000027,DA35,0.0,0.0050546191968317,-100.0,0.0,0.0,0.0,-100.0,0.0,-1287.9985143229487,0.0050546191968317,DA35_ZL000027,DA46,0.03437539076578035,0.03437539076578035,0.0,0.1400560224089636,DA46_DA35,1.264366951754586,0.052681956323107744,DA46_ZL000027,DA35_ZL000027,0.0,0.0,27.27526132404181,0.0,0.0
ZL000027,DA36,0.0,0.0050546191968317,-100.0,0.0,0.0,0.0,-100.0,0.0,-1287.9985143229487,0.0050546191968317,DA36_ZL000027,DA42,0.06766565365135929,0.06766565365135929,0.0,0.1400560224089636,DA42_DA36,1.162766299832193,0.048448595826341374,DA42_ZL000027,DA36_ZL000027,0.0,0.0,27.27526132404181,0.0,0.0
ZL000027,DA36,0.0,0.0050546191968317,-100.0,0.0,0.0,0.0,-100.0,0.0,-1287.9985143229487,0.0050546191968317,DA36_ZL000027,DA45,0.03694522263348226,0.03694522263348226,0.0,0.1400560224089636,DA45_DA36,1.122125669682195,0.046755236236758126,DA45_ZL000027,DA36_ZL000027,0.0,0.0,27.27526132404181,0.0,0.0
ZL000027,DA36,0.0,0.0050546191968317,-100.0,0.0,0.0,0.0,-100.0,0.0,-1287.9985143229487,0.0050546191968317,DA36_ZL000027,DA46,0.03437539076578035,0.03437539076578035,0.0,0.1400560224089636,DA46_DA36,1.155992641604193,0.04816636006684138,DA46_ZL000027,DA36_ZL000027,0.0,0.0,27.27526132404181,0.0,0.0
ZL000027,DA44,0.0,0.0050546191968317,-100.0,0.0,0.0,0.0,-100.0,0.0,-1287.9985143229487,0.0050546191968317,DA44_ZL000027,DA42,0.06766565365135929,0.06766565365135929,0.0,0.1400560224089636,DA42_DA44,1.144703650963527,0.04769598545681363,DA42_ZL000027,DA44_ZL000027,0.0,0.0,27.27526132404181,0.0,0.0
ZL000027,DA44,0.0,0.0050546191968317,-100.0,0.0,0.0,0.0,-100.0,0.0,-1287.9985143229487,0.0050546191968317,DA44_ZL000027,DA45,0.03694522263348226,0.03694522263348226,0.0,0.1400560224089636,DA45_DA44,1.0,0.041666666666666664,DA45_ZL000027,DA44_ZL000027,0.0,0.0,27.27526132404181,0.0,0.0
ZL000027,DA44,0.0,0.0050546191968317,-100.0,0.0,0.0,0.0,-100.0,0.0,-1287.9985143229487,0.0050546191968317,DA44_ZL000027,DA46,0.03437539076578035,0.03437539076578035,0.0,0.1400560224089636,DA46_DA44,1.0,0.041666666666666664,DA46_ZL000027,DA44_ZL000027,0.0,0.0,27.27526132404181,0.0,0.0
ZL000027,DA37,0.0,0.0857461546967436,-100.0,0.0,0.7372884223045894,-0.7372884223045894,-959.85,0.0,-1287.9985143229487,0.8230344658566934,DA37_ZL000027,DA42,0.06766565365135929,0.06766565365135929,0.4639582841031029,0.1400560224089636,DA42_DA37,1.174055026629258,0.04891895944288575,DA42_ZL000027,DA37_ZL000027,0.014,0.014,27.27526132404181,0.01701022324189966,0.4639582841031029
ZL000027,DA37,0.0,0.0857461546967436,-100.0,0.0,0.7372884223045894,-0.7372884223045894,-959.85,0.0,-1287.9985143229487,0.8230344658566934,DA37_ZL000027,DA45,0.03694522263348226,0.03694522263348226,0.4639582841031029,0.1400560224089636,DA45_DA37,1.0,0.041666666666666664,DA45_ZL000027,DA37_ZL000027,0.014,0.014,27.27526132404181,0.01701022324189966,0.4639582841031029
ZL000027,DA37,0.0,0.0857461546967436,-100.0,0.0,0.7372884223045894,-0.7372884223045894,-959.85,0.0,-1287.9985143229487,0.8230344658566934,DA37_ZL000027,DA46,0.03437539076578035,0.03437539076578035,0.4639582841031029,0.1400560224089636,DA46_DA37,1.0,0.041666666666666664,DA46_ZL000027,DA37_ZL000027,0.014,0.014,27.27526132404181,0.01701022324189966,0.4639582841031029
ZL000026,DA39,0.0,0.0050546191968317,-100.0,0.0,0.0,0.0,-100.0,0.0,2935.226365779864,0.15341913455200618,DA39_ZL000026,DA33,0.05094550688486671,0.0509453808031683,0.0,0.1322751322751323,DA33_DA39,0.8393843194538297,0.034974346643909575,DA33_ZL000026,DA39_ZL000026,0.0,0.0,26.41688443670151,0.0,0.0
ZL000026,DA39,0.0,0.0050546191968317,-100.0,0.0,0.0,0.0,-100.0,0.0,2935.226365779864,0.15341913455200618,DA39_ZL000026,DA34,0.022945443844017505,0.0229453808031683,0.0,0.1322751322751323,DA34_DA39,0.7900523334733707,0.03291884722805711,DA34_ZL000026,DA39_ZL000026,0.0,0.0,26.41688443670151,0.0,0.0
ZL000026,DA39,0.0,0.0050546191968317,-100.0,0.0,0.0,0.0,-100.0,0.0,2935.226365779864,0.15341913455200618,DA39_ZL000026,DA35,4.068577965837051,4.068576990414599,0.0,0.1322751322751323,DA35_DA39,1.0,0.041666666666666664,DA35_ZL000026,DA39_ZL000026,0.0,0.0,26.41688443670151,0.0,0.0
ZL000026,DA39,0.0,0.0050546191968317,-100.0,0.0,0.0,0.0,-100.0,0.0,2935.226365779864,0.15341913455200618,DA39_ZL000026,DA36,8.365858503685644,8.365858503685644,0.0,0.1322751322751323,DA36_DA39,1.133414924166462,0.047225621840269245,DA36_ZL000026,DA39_ZL000026,0.0,0.0,26.41688443670151,0.0,0.0
ZL000026,DA39,0.0,0.0050546191968317,-100.0,0.0,0.0,0.0,-100.0,0.0,2935.226365779864,0.15341913455200618,DA39_ZL000026,DA40,47.535469434399076,47.535418242877505,0.0,0.1322751322751323,DA40_DA39,1.233785527668648,0.051407730319527,DA40_ZL000026,DA39_ZL000026,0.0,0.0,26.41688443670151,0.0,0.0
ZL000026,DA39,0.0,0.0050546191968317,-100.0,0.0,0.0,0.0,-100.0,0.0,2935.226365779864,0.15341913455200618,DA39_ZL000026,DA42,0.4919453624889224,0.4919453624889224,0.0,0.1322751322751323,DA42_DA39,1.144703650963527,0.04769598545681363,DA42_ZL000026,DA39_ZL000026,0.0,0.0,26.41688443670151,0.0,0.0
ZL000026,DA39,0.0,0.0050546191968317,-100.0,0.0,0.0,0.0,-100.0,0.0,2935.226365779864,0.15341913455200618,DA39_ZL000026,DA45,0.46537489923229397,0.46537489923229397,0.0,0.1322751322751323,DA45_DA39,1.0,0.041666666666666664,DA45_ZL000026,DA39_ZL000026,0.0,0.0,26.41688443670151,0.0,0.0
ZL000026,DA39,0.0,0.0050546191968317,-100.0,0.0,0.0,0.0,-100.0,0.0,2935.226365779864,0.15341913455200618,DA39_ZL000026,DA46,0.21009068879248255,0.21008920672670056,0.0,0.1322751322751323,DA46_DA39,1.0,0.041666666666666664,DA46_ZL000026,DA39_ZL000026,0.0,0.0,26.41688443670151,0.0,0.0
ZL000026,DA38,0.0,0.0050546191968317,-100.0,0.0,0.0,0.0,-100.0,0.0,2935.226365779864,0.15341913455200618,DA38_ZL000026,DA33,0.05094550688486671,0.0509453808031683,0.0,0.1322751322751323,DA33_DA38,0.5814335926723664,0.024226399694681933,DA33_ZL000026,DA38_ZL000026,0.0,0.0,26.41688443670151,0.0,0.0
ZL000026,DA38,0.0,0.0050546191968317,-100.0,0.0,0.0,0.0,-100.0,0.0,2935.226365779864,0.15341913455200618,DA38_ZL000026,DA34,0.022945443844017505,0.0229453808031683,0.0,0.1322751322751323,DA34_DA38,0.5321016066919075,0.02217090027882948,DA34_ZL000026,DA38_ZL000026,0.0,0.0,26.41688443670151,0.0,0.0
ZL000026,DA38,0.0,0.0050546191968317,-100.0,0.0,0.0,0.0,-100.0,0.0,2935.226365779864,0.15341913455200618,DA38_ZL000026,DA35,4.068577965837051,4.068576990414599,0.0,0.1322751322751323,DA35_DA38,1.0,0.041666666666666664,DA35_ZL000026,DA38_ZL000026,0.0,0.0,26.41688443670151,0.0,0.0
ZL000026,DA38,0.0,0.0050546191968317,-100.0,0.0,0.0,0.0,-100.0,0.0,2935.226365779864,0.15341913455200618,DA38_ZL000026,DA36,8.365858503685644,8.365858503685644,0.0,0.1322751322751323,DA36_DA38,0.8754641973849986,0.03647767489104161,DA36_ZL000026,DA38_ZL000026,0.0,0.0,26.41688443670151,0.0,0.0
ZL000026,DA38,0.0,0.0050546191968317,-100.0,0.0,0.0,0.0,-100.0,0.0,2935.226365779864,0.15341913455200618,DA38_ZL000026,DA40,47.535469434399076,47.535418242877505,0.0,0.1322751322751323,DA40_DA38,0.9758348008871847,0.04065978337029936,DA40_ZL000026,DA38_ZL000026,0.0,0.0,26.41688443670151,0.0,0.0
ZL000026,DA38,0.0,0.0050546191968317,-100.0,0.0,0.0,0.0,-100.0,0.0,2935.226365779864,0.15341913455200618,DA38_ZL000026,DA42,0.4919453624889224,0.4919453624889224,0.0,0.1322751322751323,DA42_DA38,0.8867529241820639,0.036948038507586,DA42_ZL000026,DA38_ZL000026,0.0,0.0,26.41688443670151,0.0,0.0
ZL000026,DA38,0.0,0.0050546191968317,-100.0,0.0,0.0,0.0,-100.0,0.0,2935.226365779864,0.15341913455200618,DA38_ZL000026,DA45,0.46537489923229397,0.46537489923229397,0.0,0.1322751322751323,DA45_DA38,1.0,0.041666666666666664,DA45_ZL000026,DA38_ZL000026,0.0,0.0,26.41688443670151,0.0,0.0
ZL000026,DA38,0.0,0.0050546191968317,-100.0,0.0,0.0,0.0,-100.0,0.0,2935.226365779864,0.15341913455200618,DA38_ZL000026,DA46,0.21009068879248255,0.21008920672670056,0.0,0.1322751322751323,DA46_DA38,1.0,0.041666666666666664,DA46_ZL000026,DA38_ZL000026,0.0,0.0,26.41688443670151,0.0,0.0
ZL000026,DA44,0.0,0.0050546191968317,-100.0,0.0,0.0,0.0,-100.0,0.0,2935.226365779864,0.15341913455200618,DA44_ZL000026,DA33,0.05094550688486671,0.0509453808031683,0.0,0.1322751322751323,DA33_DA44,0.8393843194538297,0.034974346643909575,DA33_ZL000026,DA44_ZL000026,0.0,0.0,26.41688443670151,0.0,0.0
ZL000026,DA44,0.0,0.0050546191968317,-100.0,0.0,0.0,0.0,-100.0,0.0,2935.226365779864,0.15341913455200618,DA44_ZL000026,DA34,0.022945443844017505,0.0229453808031683,0.0,0.1322751322751323,DA34_DA44,0.7900523334733707,0.03291884722805711,DA34_ZL000026,DA44_ZL000026,0.0,0.0,26.41688443670151,0.0,0.0
ZL000026,DA44,0.0,0.0050546191968317,-100.0,0.0,0.0,0.0,-100.0,0.0,2935.226365779864,0.15341913455200618,DA44_ZL000026,DA35,4.068577965837051,4.068576990414599,0.0,0.1322751322751323,DA35_DA44,1.0,0.041666666666666664,DA35_ZL000026,DA44_ZL000026,0.0,0.0,26.41688443670151,0.0,0.0
ZL000026,DA44,0.0,0.0050546191968317,-100.0,0.0,0.0,0.0,-100.0,0.0,2935.226365779864,0.15341913455200618,DA44_ZL000026,DA36,8.365858503685644,8.365858503685644,0.0,0.1322751322751323,DA36_DA44,1.133414924166462,0.047225621840269245,DA36_ZL000026,DA44_ZL000026,0.0,0.0,26.41688443670151,0.0,0.0
ZL000026,DA44,0.0,0.0050546191968317,-100.0,0.0,0.0,0.0,-100.0,0.0,2935.226365779864,0.15341913455200618,DA44_ZL000026,DA40,47.535469434399076,47.535418242877505,0.0,0.1322751322751323,DA40_DA44,1.233785527668648,0.051407730319527,DA40_ZL000026,DA44_ZL000026,0.0,0.0,26.41688443670151,0.0,0.0
ZL000026,DA44,0.0,0.0050546191968317,-100.0,0.0,0.0,0.0,-100.0,0.0,2935.226365779864,0.15341913455200618,DA44_ZL000026,DA42,0.4919453624889224,0.4919453624889224,0.0,0.1322751322751323,DA42_DA44,1.144703650963527,0.04769598545681363,DA42_ZL000026,DA44_ZL000026,0.0,0.0,26.41688443670151,0.0,0.0
ZL000026,DA44,0.0,0.0050546191968317,-100.0,0.0,0.0,0.0,-100.0,0.0,2935.226365779864,0.15341913455200618,DA44_ZL000026,DA45,0.46537489923229397,0.46537489923229397,0.0,0.1322751322751323,DA45_DA44,1.0,0.041666666666666664,DA45_ZL000026,DA44_ZL000026,0.0,0.0,26.41688443670151,0.0,0.0
ZL000026,DA44,0.0,0.0050546191968317,-100.0,0.0,0.0,0.0,-100.0,0.0,2935.226365779864,0.15341913455200618,DA44_ZL000026,DA46,0.21009068879248255,0.21008920672670056,0.0,0.1322751322751323,DA46_DA44,1.0,0.041666666666666664,DA46_ZL000026,DA44_ZL000026,0.0,0.0,26.41688443670151,0.0,0.0
ZL000026,DA37,0.0,0.0050546191968317,-100.0,0.0,0.0,0.0,-100.0,0.0,2935.226365779864,0.15341913455200618,DA37_ZL000026,DA33,0.05094550688486671,0.0509453808031683,0.0,0.1322751322751323,DA33_DA37,0.868735695119561,0.036197320629981704,DA33_ZL000026,DA37_ZL000026,0.0,0.0,26.41688443670151,0.0,0.0
ZL000026,DA37,0.0,0.0050546191968317,-100.0,0.0,0.0,0.0,-100.0,0.0,2935.226365779864,0.15341913455200618,DA37_ZL000026,DA34,0.022945443844017505,0.0229453808031683,0.0,0.1322751322751323,DA34_DA37,0.8194037091391021,0.03414182121412925,DA34_ZL000026,DA37_ZL000026,0.0,0.0,26.41688443670151,0.0,0.0
ZL000026,DA37,0.0,0.0050546191968317,-100.0,0.0,0.0,0.0,-100.0,0.0,2935.226365779864,0.15341913455200618,DA37_ZL000026,DA35,4.068577965837051,4.068576990414599,0.0,0.1322751322751323,DA35_DA37,1.0,0.041666666666666664,DA35_ZL000026,DA37_ZL000026,0.0,0.0,26.41688443670151,0.0,0.0
ZL000026,DA37,0.0,0.0050546191968317,-100.0,0.0,0.0,0.0,-100.0,0.0,2935.226365779864,0.15341913455200618,DA37_ZL000026,DA36,8.365858503685644,8.365858503685644,0.0,0.1322751322751323,DA36_DA37,1.162766299832193,0.048448595826341374,DA36_ZL000026,DA37_ZL000026,0.0,0.0,26.41688443670151,0.0,0.0
ZL000026,DA37,0.0,0.0050546191968317,-100.0,0.0,0.0,0.0,-100.0,0.0,2935.226365779864,0.15341913455200618,DA37_ZL000026,DA40,47.535469434399076,47.535418242877505,0.0,0.1322751322751323,DA40_DA37,1.263136903334379,0.05263070430559912,DA40_ZL000026,DA37_ZL000026,0.0,0.0,26.41688443670151,0.0,0.0
ZL000026,DA37,0.0,0.0050546191968317,-100.0,0.0,0.0,0.0,-100.0,0.0,2935.226365779864,0.15341913455200618,DA37_ZL000026,DA42,0.4919453624889224,0.4919453624889224,0.0,0.1322751322751323,DA42_DA37,1.174055026629258,0.04891895944288575,DA42_ZL000026,DA37_ZL000026,0.0,0.0,26.41688443670151,0.0,0.0
ZL000026,DA37,0.0,0.0050546191968317,-100.0,0.0,0.0,0.0,-100.0,0.0,2935.226365779864,0.15341913455200618,DA37_ZL000026,DA45,0.46537489923229397,0.46537489923229397,0.0,0.1322751322751323,DA45_DA37,1.0,0.041666666666666664,DA45_ZL000026,DA37_ZL000026,0.0,0.0,26.41688443670151,0.0,0.0
ZL000026,DA37,0.0,0.0050546191968317,-100.0,0.0,0.0,0.0,-100.0,0.0,2935.226365779864,0.15341913455200618,DA37_ZL000026,DA46,0.21009068879248255,0.21008920672670056,0.0,0.1322751322751323,DA46_DA37,1.0,0.041666666666666664,DA46_ZL000026,DA37_ZL000026,0.0,0.0,26.41688443670151,0.0,0.0
ZL000025,DA39,0.0,0.0001616362820415062,-100.0,0.0,0.0,0.0,-100.0,0.0,6534.510667020949,0.010723776373819795,DA39_ZL000025,DA33,1.8940204470325521,1.8940204470325521,0.0,0.1700680272108843,DA33_DA39,0.8393843194538297,0.034974346643909575,DA33_ZL000025,DA39_ZL000025,0.0,0.0,26.41688443670151,0.0,0.0
ZL000025,DA39,0.0,0.0001616362820415062,-100.0,0.0,0.0,0.0,-100.0,0.0,6534.510667020949,0.010723776373819795,DA39_ZL000025,DA34,1.2497104332755238,1.2497086805742437,0.0,0.1700680272108843,DA34_DA39,0.7900523334733707,0.03291884722805711,DA34_ZL000025,DA39_ZL000025,0.0,0.0,26.41688443670151,0.0,0.0
ZL000025,DA39,0.0,0.0001616362820415062,-100.0,0.0,0.0,0.0,-100.0,0.0,6534.510667020949,0.010723776373819795,DA39_ZL000025,DA35,0.20554561438418484,0.20554561438418484,0.0,0.1700680272108843,DA35_DA39,1.0,0.041666666666666664,DA35_ZL000025,DA39_ZL000025,0.0,0.0,26.41688443670151,0.0,0.0
ZL000025,DA39,0.0,0.0001616362820415062,-100.0,0.0,0.0,0.0,-100.0,0.0,6534.510667020949,0.010723776373819795,DA39_ZL000025,DA36,3.781334147237068,3.781328678855348,0.0,0.1700680272108843,DA36_DA39,1.133414924166462,0.047225621840269245,DA36_ZL000025,DA39_ZL000025,0.0,0.0,26.41688443670151,0.0,0.0
ZL000025,DA39,0.0,0.0001616362820415062,-100.0,0.0,0.0,0.0,-100.0,0.0,6534.510667020949,0.010723776373819795,DA39_ZL000025,DA37,0.013815774298859359,0.013815774298859359,0.0,0.1700680272108843,DA37_DA39,1.144703650963527,0.04769598545681363,DA37_ZL000025,DA39_ZL000025,0.0,0.0,26.41688443670151,0.0,0.0
ZL000025,DA39,0.0,0.0001616362820415062,-100.0,0.0,0.0,0.0,-100.0,0.0,6534.510667020949,0.010723776373819795,DA39_ZL000025,DA38,8.733366053875931,8.733366053875931,0.0,0.1700680272108843,DA38_DA39,0.8574015485163325,0.035725064521513854,DA38_ZL000025,DA39_ZL000025,0.0,0.0,26.41688443670151,0.0,0.0
ZL000025,DA39,0.0,0.0001616362820415062,-100.0,0.0,0.0,0.0,-100.0,0.0,6534.510667020949,0.010723776373819795,DA39_ZL000025,DA40,49.889882702247064,49.889882702247064,0.0,0.1700680272108843,DA40_DA39,1.233785527668648,0.051407730319527,DA40_ZL000025,DA39_ZL000025,0.0,0.0,26.41688443670151,0.0,0.0
ZL000025,DA39,0.0,0.0001616362820415062,-100.0,0.0,0.0,0.0,-100.0,0.0,6534.510667020949,0.010723776373819795,DA39_ZL000025,DA42,0.46137770927702293,0.46137770927702293,0.0,0.1700680272108843,DA42_DA39,1.144703650963527,0.04769598545681363,DA42_ZL000025,DA39_ZL000025,0.0,0.0,26.41688443670151,0.0,0.0
ZL000025,DA39,0.0,0.0001616362820415062,-100.0,0.0,0.0,0.0,-100.0,0.0,6534.510667020949,0.010723776373819795,DA39_ZL000025,DA44,0.4553590276006708,0.4553590276006708,0.0,0.1700680272108843,DA44_DA39,1.115352275297796,0.0464730114707415,DA44_ZL000025,DA39_ZL000025,0.0,0.0,26.41688443670151,0.0,0.0
ZL000025,DA39,0.0,0.0001616362820415062,-100.0,0.0,0.0,0.0,-100.0,0.0,6534.510667020949,0.010723776373819795,DA39_ZL000025,DA45,3.3671400352041476,3.36713676538573,0.0,0.1700680272108843,DA45_DA39,1.0,0.041666666666666664,DA45_ZL000025,DA39_ZL000025,0.0,0.0,26.41688443670151,0.0,0.0
ZL000025,DA39,0.0,0.0001616362820415062,-100.0,0.0,0.0,0.0,-100.0,0.0,6534.510667020949,0.010723776373819795,DA39_ZL000025,DA46,4.335730070221424,4.335730070221424,0.0,0.1700680272108843,DA46_DA39,1.0,0.041666666666666664,DA46_ZL000025,DA39_ZL000025,0.0,0.0,26.41688443670151,0.0,0.0
ZL000017,DA39,0.0,0.002400524944948353,-100.0,0.0,0.0,0.0,-100.0,0.0,108784.23922217956,2.6137933236456585,DA39_ZL000017,DA33,40.49710616668898,40.49710616668898,0.0,0.1100717403574954,DA33_DA39,0.8393843194538297,0.034974346643909575,DA33_ZL000017,DA39_ZL000017,0.0,0.0,26.41688443670151,0.0,0.0
ZL000017,DA39,0.0,0.002400524944948353,-100.0,0.0,0.0,0.0,-100.0,0.0,108784.23922217956,2.6137933236456585,DA39_ZL000017,DA34,64.20000275244797,64.20000275244797,0.0,0.1100717403574954,DA34_DA39,0.7900523334733707,0.03291884722805711,DA34_ZL000017,DA39_ZL000017,0.0,0.0,26.41688443670151,0.0,0.0
ZL000017,DA39,0.0,0.002400524944948353,-100.0,0.0,0.0,0.0,-100.0,0.0,108784.23922217956,2.6137933236456585,DA39_ZL000017,DA35,5.360015837650073,5.360015837650073,0.0,0.1100717403574954,DA35_DA39,1.0,0.041666666666666664,DA35_ZL000017,DA39_ZL000017,0.0,0.0,26.41688443670151,0.0,0.0
ZL000017,DA39,0.0,0.002400524944948353,-100.0,0.0,0.0,0.0,-100.0,0.0,108784.23922217956,2.6137933236456585,DA39_ZL000017,DA36,25.112575313089607,25.11257487781414,0.0,0.1100717403574954,DA36_DA39,1.133414924166462,0.047225621840269245,DA36_ZL000017,DA39_ZL000017,0.0,0.0,26.41688443670151,0.0,0.0
ZL000017,DA39,0.0,0.002400524944948353,-100.0,0.0,0.0,0.0,-100.0,0.0,108784.23922217956,2.6137933236456585,DA39_ZL000017,DA37,11.245971929093862,11.245971929093862,0.0,0.1100717403574954,DA37_DA39,1.144703650963527,0.04769598545681363,DA37_ZL000017,DA39_ZL000017,0.0,0.0,26.41688443670151,0.0,0.0
ZL000017,DA39,0.0,0.002400524944948353,-100.0,0.0,0.0,0.0,-100.0,0.0,108784.23922217956,2.6137933236456585,DA39_ZL000017,DA38,164.79402955818543,164.79402634973496,0.0,0.1100717403574954,DA38_DA39,0.8574015485163325,0.035725064521513854,DA38_ZL000017,DA39_ZL000017,0.0,0.0,26.41688443670151,0.0,0.0
ZL000017,DA39,0.0,0.002400524944948353,-100.0,0.0,0.0,0.0,-100.0,0.0,108784.23922217956,2.6137933236456585,DA39_ZL000017,DA40,348.8574795552616,348.8574795552616,0.0,0.1100717403574954,DA40_DA39,1.233785527668648,0.051407730319527,DA40_ZL000017,DA39_ZL000017,0.0,0.0,26.41688443670151,0.0,0.0
ZL000017,DA39,0.0,0.002400524944948353,-100.0,0.0,0.0,0.0,-100.0,0.0,108784.23922217956,2.6137933236456585,DA39_ZL000017,DA42,7.96096819091771,7.96096819091771,0.0,0.1100717403574954,DA42_DA39,1.144703650963527,0.04769598545681363,DA42_ZL000017,DA39_ZL000017,0.0,0.0,26.41688443670151,0.0,0.0
ZL000017,DA39,0.0,0.002400524944948353,-100.0,0.0,0.0,0.0,-100.0,0.0,108784.23922217956,2.6137933236456585,DA39_ZL000017,DA44,54.248349782408084,54.248349782408084,0.0,0.1100717403574954,DA44_DA39,1.115352275297796,0.0464730114707415,DA44_ZL000017,DA39_ZL000017,0.0,0.0,26.41688443670151,0.0,0.0
ZL000017,DA39,0.0,0.002400524944948353,-100.0,0.0,0.0,0.0,-100.0,0.0,108784.23922217956,2.6137933236456585,DA39_ZL000017,DA45,20.434799770999707,20.43479828187849,0.0,0.1100717403574954,DA45_DA39,1.0,0.041666666666666664,DA45_ZL000017,DA39_ZL000017,0.0,0.0,26.41688443670151,0.0,0.0
ZL000017,DA39,0.0,0.002400524944948353,-100.0,0.0,0.0,0.0,-100.0,0.0,108784.23922217956,2.6137933236456585,DA39_ZL000017,DA46,19.356612028102937,19.356612028102937,0.0,0.1100717403574954,DA46_DA39,1.0,0.041666666666666664,DA46_ZL000017,DA39_ZL000017,0.0,0.0,26.41688443670151,0.0,0.0
ZL000016,DA38,0.168,0.03053898227979609,450.11656400594944,0.0,0.2160896447431113,-0.04808964474311128,-257.47,0.0,1825.8184516019228,0.6362150910717496,DA38_ZL000016,DA33,2.2019377351580203,2.2019377351580203,0.0,0.1417233560090703,DA33_DA38,0.5814335926723664,0.024226399694681933,DA33_ZL000016,DA38_ZL000016,0.0,0.0,13.05516840882694,0.0,0.0
ZL000016,DA38,0.168,0.03053898227979609,450.11656400594944,0.0,0.2160896447431113,-0.04808964474311128,-257.47,0.0,1825.8184516019228,0.6362150910717496,DA38_ZL000016,DA34,1.3579661408545116,1.3579661408545116,0.0,0.1417233560090703,DA34_DA38,0.5321016066919075,0.02217090027882948,DA34_ZL000016,DA38_ZL000016,0.0,0.0,13.05516840882694,0.0,0.0
ZL000016,DA39,0.0,0.0050546191968317,-100.0,0.0,0.0,0.0,-100.0,0.0,1825.8184516019228,0.09734278915079779,DA39_ZL000016,DA33,2.2019377351580203,2.2019377351580203,0.0,0.1417233560090703,DA33_DA39,0.8393843194538297,0.034974346643909575,DA33_ZL000016,DA39_ZL000016,0.0,0.0,13.05516840882694,0.0,0.0
ZL000016,DA39,0.0,0.0050546191968317,-100.0,0.0,0.0,0.0,-100.0,0.0,1825.8184516019228,0.09734278915079779,DA39_ZL000016,DA34,1.3579661408545116,1.3579661408545116,0.0,0.1417233560090703,DA34_DA39,0.7900523334733707,0.03291884722805711,DA34_ZL000016,DA39_ZL000016,0.0,0.0,13.05516840882694,0.0,0.0
ZL000016,DA42,0.0,0.0050546191968317,-100.0,0.0,0.0,0.0,-100.0,0.0,1825.8184516019228,0.09734278915079779,DA42_ZL000016,DA33,2.2019377351580203,2.2019377351580203,0.0,0.1417233560090703,DA33_DA42,0.868735695119561,0.036197320629981704,DA33_ZL000016,DA42_ZL000016,0.0,0.0,13.05516840882694,0.0,0.0
ZL000016,DA42,0.0,0.0050546191968317,-100.0,0.0,0.0,0.0,-100.0,0.0,1825.8184516019228,0.09734278915079779,DA42_ZL000016,DA34,1.3579661408545116,1.3579661408545116,0.0,0.1417233560090703,DA34_DA42,0.8194037091391021,0.03414182121412925,DA34_ZL000016,DA42_ZL000016,0.0,0.0,13.05516840882694,0.0,0.0
ZL000016,DA45,0.0,0.0050546191968317,-100.0,0.0,0.0,0.0,-100.0,0.0,1825.8184516019228,0.09734278915079779,DA45_ZL000016,DA33,2.2019377351580203,2.2019377351580203,0.0,0.1417233560090703,DA33_DA45,1.0,0.041666666666666664,DA33_ZL000016,DA45_ZL000016,0.0,0.0,13.05516840882694,0.0,0.0
ZL000016,DA45,0.0,0.0050546191968317,-100.0,0.0,0.0,0.0,-100.0,0.0,1825.8184516019228,0.09734278915079779,DA45_ZL000016,DA34,1.3579661408545116,1.3579661408545116,0.0,0.1417233560090703,DA34_DA45,1.0,0.041666666666666664,DA34_ZL000016,DA45_ZL000016,0.0,0.0,13.05516840882694,0.0,0.0
ZL000016,DA35,0.0,0.0050546191968317,-100.0,0.0,0.0,0.0,-100.0,0.0,1825.8184516019228,0.09734278915079779,DA35_ZL000016,DA33,2.2019377351580203,2.2019377351580203,0.0,0.1417233560090703,DA33_DA35,1.0,0.041666666666666664,DA33_ZL000016,DA35_ZL000016,0.0,0.0,13.05516840882694,0.0,0.0
ZL000016,DA35,0.0,0.0050546191968317,-100.0,0.0,0.0,0.0,-100.0,0.0,1825.8184516019228,0.09734278915079779,DA35_ZL000016,DA34,1.3579661408545116,1.3579661408545116,0.0,0.1417233560090703,DA34_DA35,1.0,0.041666666666666664,DA34_ZL000016,DA35_ZL000016,0.0,0.0,13.05516840882694,0.0,0.0
ZL000016,DA46,0.0,0.0050546191968317,-100.0,0.0,0.0,0.0,-100.0,0.0,1825.8184516019228,0.09734278915079779,DA46_ZL000016,DA33,2.2019377351580203,2.2019377351580203,0.0,0.1417233560090703,DA33_DA46,1.0,0.041666666666666664,DA33_ZL000016,DA46_ZL000016,0.0,0.0,13.05516840882694,0.0,0.0
ZL000016,DA46,0.0,0.0050546191968317,-100.0,0.0,0.0,0.0,-100.0,0.0,1825.8184516019228,0.09734278915079779,DA46_ZL000016,DA34,1.3579661408545116,1.3579661408545116,0.0,0.1417233560090703,DA34_DA46,1.0,0.041666666666666664,DA34_ZL000016,DA46_ZL000016,0.0,0.0,13.05516840882694,0.0,0.0
ZL000016,DA36,0.0,0.0050546191968317,-100.0,0.0,0.0,0.0,-100.0,0.0,1825.8184516019228,0.09734278915079779,DA36_ZL000016,DA33,2.2019377351580203,2.2019377351580203,0.0,0.1417233560090703,DA33_DA36,0.8574469683224957,0.03572695701343732,DA33_ZL000016,DA36_ZL000016,0.0,0.0,13.05516840882694,0.0,0.0
ZL000016,DA36,0.0,0.0050546191968317,-100.0,0.0,0.0,0.0,-100.0,0.0,1825.8184516019228,0.09734278915079779,DA36_ZL000016,DA34,1.3579661408545116,1.3579661408545116,0.0,0.1417233560090703,DA34_DA36,0.8081149823420368,0.033671457597584865,DA34_ZL000016,DA36_ZL000016,0.0,0.0,13.05516840882694,0.0,0.0
ZL000016,DA44,0.0,0.0050546191968317,-100.0,0.0,0.0,0.0,-100.0,0.0,1825.8184516019228,0.09734278915079779,DA44_ZL000016,DA33,2.2019377351580203,2.2019377351580203,0.0,0.1417233560090703,DA33_DA44,0.8393843194538297,0.034974346643909575,DA33_ZL000016,DA44_ZL000016,0.0,0.0,13.05516840882694,0.0,0.0
ZL000016,DA44,0.0,0.0050546191968317,-100.0,0.0,0.0,0.0,-100.0,0.0,1825.8184516019228,0.09734278915079779,DA44_ZL000016,DA34,1.3579661408545116,1.3579661408545116,0.0,0.1417233560090703,DA34_DA44,0.7900523334733707,0.03291884722805711,DA34_ZL000016,DA44_ZL000016,0.0,0.0,13.05516840882694,0.0,0.0
ZL000016,DA37,0.0,0.0050546191968317,-100.0,0.0,0.0,0.0,-100.0,0.0,1825.8184516019228,0.09734278915079779,DA37_ZL000016,DA33,2.2019377351580203,2.2019377351580203,0.0,0.1417233560090703,DA33_DA37,0.868735695119561,0.036197320629981704,DA33_ZL000016,DA37_ZL000016,0.0,0.0,13.05516840882694,0.0,0.0
ZL000016,DA37,0.0,0.0050546191968317,-100.0,0.0,0.0,0.0,-100.0,0.0,1825.8184516019228,0.09734278915079779,DA37_ZL000016,DA34,1.3579661408545116,1.3579661408545116,0.0,0.1417233560090703,DA34_DA37,0.8194037091391021,0.03414182121412925,DA34_ZL000016,DA37_ZL000016,0.0,0.0,13.05516840882694,0.0,0.0
ZL000016,DA40,0.0,0.003478270879073308,-100.0,0.0,0.0,0.0,-100.0,0.0,1825.8184516019228,0.06698518238589017,DA40_ZL000016,DA33,2.2019377351580203,2.2019377351580203,0.0,0.1417233560090703,DA33_DA40,0.9578175718246816,0.039909065492695066,DA33_ZL000016,DA40_ZL000016,0.0,0.0,13.05516840882694,0.0,0.0
ZL000016,DA40,0.0,0.003478270879073308,-100.0,0.0,0.0,0.0,-100.0,0.0,1825.8184516019228,0.06698518238589017,DA40_ZL000016,DA34,1.3579661408545116,1.3579661408545116,0.0,0.1417233560090703,DA34_DA40,0.9084855858442228,0.037853566076842614,DA34_ZL000016,DA40_ZL000016,0.0,0.0,13.05516840882694,0.0,0.0
ZL000015,DA39,0.0,0.0050546191968317,-100.0,0.0,0.0,0.0,-100.0,0.0,11422.239819331735,0.582405345812928,DA39_ZL000015,DA33,5.517608297176227,5.517608297176227,0.0,0.1587301587301587,DA33_DA39,0.8393843194538297,0.034974346643909575,DA33_ZL000015,DA39_ZL000015,0.0,0.0,10.3054587688734,0.0,0.0
ZL000015,DA39,0.0,0.0050546191968317,-100.0,0.0,0.0,0.0,-100.0,0.0,11422.239819331735,0.582405345812928,DA39_ZL000015,DA34,0.63296820940235,0.632967868019487,0.0,0.1587301587301587,DA34_DA39,0.7900523334733707,0.03291884722805711,DA34_ZL000015,DA39_ZL000015,0.0,0.0,10.3054587688734,0.0,0.0
ZL000015,DA39,0.0,0.0050546191968317,-100.0,0.0,0.0,0.0,-100.0,0.0,11422.239819331735,0.582405345812928,DA39_ZL000015,DA37,0.5446902075585722,0.5446900672448715,0.0,0.1587301587301587,DA37_DA39,1.144703650963527,0.04769598545681363,DA37_ZL000015,DA39_ZL000015,0.0,0.0,10.3054587688734,0.0,0.0
ZL000015,DA39,0.0,0.0050546191968317,-100.0,0.0,0.0,0.0,-100.0,0.0,11422.239819331735,0.582405345812928,DA39_ZL000015,DA38,3.0220218932791085,3.022021119247778,0.0,0.1587301587301587,DA38_DA39,0.8574015485163325,0.035725064521513854,DA38_ZL000015,DA39_ZL000015,0.0,0.0,10.3054587688734,0.0,0.0
ZL000015,DA42,0.0,0.0050546191968317,-100.0,0.0,0.0,0.0,-100.0,0.0,11422.239819331735,0.582405345812928,DA42_ZL000015,DA33,5.517608297176227,5.517608297176227,0.0,0.1587301587301587,DA33_DA42,0.868735695119561,0.036197320629981704,DA33_ZL000015,DA42_ZL000015,0.0,0.0,10.3054587688734,0.0,0.0
ZL000015,DA42,0.0,0.0050546191968317,-100.0,0.0,0.0,0.0,-100.0,0.0,11422.239819331735,0.582405345812928,DA42_ZL000015,DA34,0.63296820940235,0.632967868019487,0.0,0.1587301587301587,DA34_DA42,0.8194037091391021,0.03414182121412925,DA34_ZL000015,DA42_ZL000015,0.0,0.0,10.3054587688734,0.0,0.0
ZL000015,DA42,0.0,0.0050546191968317,-100.0,0.0,0.0,0.0,-100.0,0.0,11422.239819331735,0.582405345812928,DA42_ZL000015,DA37,0.5446902075585722,0.5446900672448715,0.0,0.1587301587301587,DA37_DA42,1.174055026629258,0.04891895944288575,DA37_ZL000015,DA42_ZL000015,0.0,0.0,10.3054587688734,0.0,0.0
ZL000015,DA42,0.0,0.0050546191968317,-100.0,0.0,0.0,0.0,-100.0,0.0,11422.239819331735,0.582405345812928,DA42_ZL000015,DA38,3.0220218932791085,3.022021119247778,0.0,0.1587301587301587,DA38_DA42,0.8867529241820639,0.036948038507586,DA38_ZL000015,DA42_ZL000015,0.0,0.0,10.3054587688734,0.0,0.0
ZL000015,DA45,0.0,0.0050546191968317,-100.0,0.0,0.0,0.0,-100.0,0.0,11422.239819331735,0.582405345812928,DA45_ZL000015,DA33,5.517608297176227,5.517608297176227,0.0,0.1587301587301587,DA33_DA45,1.0,0.041666666666666664,DA33_ZL000015,DA45_ZL000015,0.0,0.0,10.3054587688734,0.0,0.0
ZL000015,DA45,0.0,0.0050546191968317,-100.0,0.0,0.0,0.0,-100.0,0.0,11422.239819331735,0.582405345812928,DA45_ZL000015,DA34,0.63296820940235,0.632967868019487,0.0,0.1587301587301587,DA34_DA45,1.0,0.041666666666666664,DA34_ZL000015,DA45_ZL000015,0.0,0.0,10.3054587688734,0.0,0.0
ZL000015,DA45,0.0,0.0050546191968317,-100.0,0.0,0.0,0.0,-100.0,0.0,11422.239819331735,0.582405345812928,DA45_ZL000015,DA37,0.5446902075585722,0.5446900672448715,0.0,0.1587301587301587,DA37_DA45,1.0,0.041666666666666664,DA37_ZL000015,DA45_ZL000015,0.0,0.0,10.3054587688734,0.0,0.0
ZL000015,DA45,0.0,0.0050546191968317,-100.0,0.0,0.0,0.0,-100.0,0.0,11422.239819331735,0.582405345812928,DA45_ZL000015,DA38,3.0220218932791085,3.022021119247778,0.0,0.1587301587301587,DA38_DA45,1.0,0.041666666666666664,DA38_ZL000015,DA45_ZL000015,0.0,0.0,10.3054587688734,0.0,0.0
ZL000015,DA35,0.0,0.0050546191968317,-100.0,0.0,0.0,0.0,-100.0,0.0,11422.239819331735,0.582405345812928,DA35_ZL000015,DA33,5.517608297176227,5.517608297176227,0.0,0.1587301587301587,DA33_DA35,1.0,0.041666666666666664,DA33_ZL000015,DA35_ZL000015,0.0,0.0,10.3054587688734,0.0,0.0
ZL000015,DA35,0.0,0.0050546191968317,-100.0,0.0,0.0,0.0,-100.0,0.0,11422.239819331735,0.582405345812928,DA35_ZL000015,DA34,0.63296820940235,0.632967868019487,0.0,0.1587301587301587,DA34_DA35,1.0,0.041666666666666664,DA34_ZL000015,DA35_ZL000015,0.0,0.0,10.3054587688734,0.0,0.0
ZL000015,DA35,0.0,0.0050546191968317,-100.0,0.0,0.0,0.0,-100.0,0.0,11422.239819331735,0.582405345812928,DA35_ZL000015,DA37,0.5446902075585722,0.5446900672448715,0.0,0.1587301587301587,DA37_DA35,1.0,0.041666666666666664,DA37_ZL000015,DA35_ZL000015,0.0,0.0,10.3054587688734,0.0,0.0
ZL000015,DA35,0.0,0.0050546191968317,-100.0,0.0,0.0,0.0,-100.0,0.0,11422.239819331735,0.582405345812928,DA35_ZL000015,DA38,3.0220218932791085,3.022021119247778,0.0,0.1587301587301587,DA38_DA35,1.0,0.041666666666666664,DA38_ZL000015,DA35_ZL000015,0.0,0.0,10.3054587688734,0.0,0.0
ZL000015,DA46,0.0,0.0050546191968317,-100.0,0.0,0.0,0.0,-100.0,0.0,11422.239819331735,0.582405345812928,DA46_ZL000015,DA33,5.517608297176227,5.517608297176227,0.0,0.1587301587301587,DA33_DA46,1.0,0.041666666666666664,DA33_ZL000015,DA46_ZL000015,0.0,0.0,10.3054587688734,0.0,0.0
ZL000015,DA46,0.0,0.0050546191968317,-100.0,0.0,0.0,0.0,-100.0,0.0,11422.239819331735,0.582405345812928,DA46_ZL000015,DA34,0.63296820940235,0.632967868019487,0.0,0.1587301587301587,DA34_DA46,1.0,0.041666666666666664,DA34_ZL000015,DA46_ZL000015,0.0,0.0,10.3054587688734,0.0,0.0
ZL000015,DA46,0.0,0.0050546191968317,-100.0,0.0,0.0,0.0,-100.0,0.0,11422.239819331735,0.582405345812928,DA46_ZL000015,DA37,0.5446902075585722,0.5446900672448715,0.0,0.1587301587301587,DA37_DA46,1.0,0.041666666666666664,DA37_ZL000015,DA46_ZL000015,0.0,0.0,10.3054587688734,0.0,0.0
ZL000015,DA46,0.0,0.0050546191968317,-100.0,0.0,0.0,0.0,-100.0,0.0,11422.239819331735,0.582405345812928,DA46_ZL000015,DA38,3.0220218932791085,3.022021119247778,0.0,0.1587301587301587,DA38_DA46,1.0,0.041666666666666664,DA38_ZL000015,DA46_ZL000015,0.0,0.0,10.3054587688734,0.0,0.0
ZL000015,DA36,0.0,0.0050546191968317,-100.0,0.0,0.0,0.0,-100.0,0.0,11422.239819331735,0.582405345812928,DA36_ZL000015,DA33,5.517608297176227,5.517608297176227,0.0,0.1587301587301587,DA33_DA36,0.8574469683224957,0.03572695701343732,DA33_ZL000015,DA36_ZL000015,0.0,0.0,10.3054587688734,0.0,0.0
ZL000015,DA36,0.0,0.0050546191968317,-100.0,0.0,0.0,0.0,-100.0,0.0,11422.239819331735,0.582405345812928,DA36_ZL000015,DA34,0.63296820940235,0.632967868019487,0.0,0.1587301587301587,DA34_DA36,0.8081149823420368,0.033671457597584865,DA34_ZL000015,DA36_ZL000015,0.0,0.0,10.3054587688734,0.0,0.0
ZL000015,DA36,0.0,0.0050546191968317,-100.0,0.0,0.0,0.0,-100.0,0.0,11422.239819331735,0.582405345812928,DA36_ZL000015,DA37,0.5446902075585722,0.5446900672448715,0.0,0.1587301587301587,DA37_DA36,1.162766299832193,0.048448595826341374,DA37_ZL000015,DA36_ZL000015,0.0,0.0,10.3054587688734,0.0,0.0
ZL000015,DA36,0.0,0.0050546191968317,-100.0,0.0,0.0,0.0,-100.0,0.0,11422.239819331735,0.582405345812928,DA36_ZL000015,DA38,3.0220218932791085,3.022021119247778,0.0,0.1587301587301587,DA38_DA36,0.8754641973849986,0.03647767489104161,DA38_ZL000015,DA36_ZL000015,0.0,0.0,10.3054587688734,0.0,0.0
ZL000015,DA44,0.0,0.0050546191968317,-100.0,0.0,0.0,0.0,-100.0,0.0,11422.239819331735,0.582405345812928,DA44_ZL000015,DA33,5.517608297176227,5.517608297176227,0.0,0.1587301587301587,DA33_DA44,0.8393843194538297,0.034974346643909575,DA33_ZL000015,DA44_ZL000015,0.0,0.0,10.3054587688734,0.0,0.0
ZL000015,DA44,0.0,0.0050546191968317,-100.0,0.0,0.0,0.0,-100.0,0.0,11422.239819331735,0.582405345812928,DA44_ZL000015,DA34,0.63296820940235,0.632967868019487,0.0,0.1587301587301587,DA34_DA44,0.7900523334733707,0.03291884722805711,DA34_ZL000015,DA44_ZL000015,0.0,0.0,10.3054587688734,0.0,0.0
ZL000015,DA44,0.0,0.0050546191968317,-100.0,0.0,0.0,0.0,-100.0,0.0,11422.239819331735,0.582405345812928,DA44_ZL000015,DA37,0.5446902075585722,0.5446900672448715,0.0,0.1587301587301587,DA37_DA44,1.144703650963527,0.04769598545681363,DA37_ZL000015,DA44_ZL000015,0.0,0.0,10.3054587688734,0.0,0.0
ZL000015,DA44,0.0,0.0050546191968317,-100.0,0.0,0.0,0.0,-100.0,0.0,11422.239819331735,0.582405345812928,DA44_ZL000015,DA38,3.0220218932791085,3.022021119247778,0.0,0.1587301587301587,DA38_DA44,0.8574015485163325,0.035725064521513854,DA38_ZL000015,DA44_ZL000015,0.0,0.0,10.3054587688734,0.0,0.0
ZL000015,DA40,0.0,0.0050546191968317,-100.0,0.0,0.0,0.0,-100.0,0.0,11422.239819331735,0.582405345812928,DA40_ZL000015,DA33,5.517608297176227,5.517608297176227,0.0,0.1587301587301587,DA33_DA40,0.9578175718246816,0.039909065492695066,DA33_ZL000015,DA40_ZL000015,0.0,0.0,10.3054587688734,0.0,0.0
ZL000015,DA40,0.0,0.0050546191968317,-100.0,0.0,0.0,0.0,-100.0,0.0,11422.239819331735,0.582405345812928,DA40_ZL000015,DA34,0.63296820940235,0.632967868019487,0.0,0.1587301587301587,DA34_DA40,0.9084855858442228,0.037853566076842614,DA34_ZL000015,DA40_ZL000015,0.0,0.0,10.3054587688734,0.0,0.0
ZL000015,DA40,0.0,0.0050546191968317,-100.0,0.0,0.0,0.0,-100.0,0.0,11422.239819331735,0.582405345812928,DA40_ZL000015,DA37,0.5446902075585722,0.5446900672448715,0.0,0.1587301587301587,DA37_DA40,1.263136903334379,0.05263070430559912,DA37_ZL000015,DA40_ZL000015,0.0,0.0,10.3054587688734,0.0,0.0
ZL000015,DA40,0.0,0.0050546191968317,-100.0,0.0,0.0,0.0,-100.0,0.0,11422.239819331735,0.582405345812928,DA40_ZL000015,DA38,3.0220218932791085,3.022021119247778,0.0,0.1587301587301587,DA38_DA40,0.9758348008871847,0.04065978337029936,DA38_ZL000015,DA40_ZL000015,0.0,0.0,10.3054587688734,0.0,0.0
ZL000011,DA37,0.03000000000000001,0.008731563142564349,243.58109206995198,0.0,0.09261755526103907,-0.06261755526103906,-817.14,0.0,416.51129995841006,0.1077170422149345,DA37_ZL000011,DA33,0.5352186754235216,0.5352186754235216,3.8619054404485817,0.1322751322751323,DA33_DA37,0.868735695119561,0.036197320629981704,DA33_ZL000011,DA37_ZL000011,0.06000000000000001,0.06000000000000001,6.93321718931475,0.5570149232307947,3.8619054404485817
ZL000011,DA37,0.03000000000000001,0.008731563142564349,243.58109206995198,0.0,0.09261755526103907,-0.06261755526103906,-817.14,0.0,416.51129995841006,0.1077170422149345,DA37_ZL000011,DA34,0.37371273683730893,0.37371273683730893,3.8619054404485817,0.1322751322751323,DA34_DA37,0.8194037091391021,0.03414182121412925,DA34_ZL000011,DA37_ZL000011,0.06000000000000001,0.06000000000000001,6.93321718931475,0.5570149232307947,3.8619054404485817
ZL000011,DA37,0.03000000000000001,0.008731563142564349,243.58109206995198,0.0,0.09261755526103907,-0.06261755526103906,-817.14,0.0,416.51129995841006,0.1077170422149345,DA37_ZL000011,DA35,0.4469056968200422,0.4469052441670828,3.8619054404485817,0.1322751322751323,DA35_DA37,1.0,0.041666666666666664,DA35_ZL000011,DA37_ZL000011,0.06000000000000001,0.06000000000000001,6.93321718931475,0.5570149232307947,3.8619054404485817
ZL000011,DA37,0.03000000000000001,0.008731563142564349,243.58109206995198,0.0,0.09261755526103907,-0.06261755526103906,-817.14,0.0,416.51129995841006,0.1077170422149345,DA37_ZL000011,DA38,0.7176408874370223,0.7176402819614187,3.8619054404485817,0.1322751322751323,DA38_DA37,0.8867529241820639,0.036948038507586,DA38_ZL000011,DA37_ZL000011,0.06000000000000001,0.06000000000000001,6.93321718931475,0.5570149232307947,3.8619054404485817
ZL000011,DA37,0.03000000000000001,0.008731563142564349,243.58109206995198,0.0,0.09261755526103907,-0.06261755526103906,-817.14,0.0,416.51129995841006,0.1077170422149345,DA37_ZL000011,DA42,0.6169614477841255,0.6169614477841255,3.8619054404485817,0.1322751322751323,DA42_DA37,1.174055026629258,0.04891895944288575,DA42_ZL000011,DA37_ZL000011,0.06000000000000001,0.06000000000000001,6.93321718931475,0.5570149232307947,3.8619054404485817
ZL000011,DA37,0.03000000000000001,0.008731563142564349,243.58109206995198,0.0,0.09261755526103907,-0.06261755526103906,-817.14,0.0,416.51129995841006,0.1077170422149345,DA37_ZL000011,DA44,0.46559996036114354,0.46559960543748363,3.8619054404485817,0.1322751322751323,DA44_DA37,1.144703650963527,0.04769598545681363,DA44_ZL000011,DA37_ZL000011,0.06000000000000001,0.06000000000000001,6.93321718931475,0.5570149232307947,3.8619054404485817
ZL000011,DA37,0.03000000000000001,0.008731563142564349,243.58109206995198,0.0,0.09261755526103907,-0.06261755526103906,-817.14,0.0,416.51129995841006,0.1077170422149345,DA37_ZL000011,DA46,0.013232059842737481,0.013232059842737481,3.8619054404485817,0.1322751322751323,DA46_DA37,1.0,0.041666666666666664,DA46_ZL000011,DA37_ZL000011,0.06000000000000001,0.06000000000000001,6.93321718931475,0.5570149232307947,3.8619054404485817
ZL000011,DA39,0.04500000000000001,0.02185494729941548,105.90303597393509,0.0,0.07189400896190946,-0.026894008961909452,-223.06,0.0,416.51129995841006,0.139777970548097,DA39_ZL000011,DA33,0.5352186754235216,0.5352186754235216,0.0,0.1322751322751323,DA33_DA39,0.8393843194538297,0.034974346643909575,DA33_ZL000011,DA39_ZL000011,0.0,0.0,6.93321718931475,0.0,0.0
ZL000011,DA39,0.04500000000000001,0.02185494729941548,105.90303597393509,0.0,0.07189400896190946,-0.026894008961909452,-223.06,0.0,416.51129995841006,0.139777970548097,DA39_ZL000011,DA34,0.37371273683730893,0.37371273683730893,0.0,0.1322751322751323,DA34_DA39,0.7900523334733707,0.03291884722805711,DA34_ZL000011,DA39_ZL000011,0.0,0.0,6.93321718931475,0.0,0.0
ZL000011,DA39,0.04500000000000001,0.02185494729941548,105.90303597393509,0.0,0.07189400896190946,-0.026894008961909452,-223.06,0.0,416.51129995841006,0.139777970548097,DA39_ZL000011,DA35,0.4469056968200422,0.4469052441670828,0.0,0.1322751322751323,DA35_DA39,1.0,0.041666666666666664,DA35_ZL000011,DA39_ZL000011,0.0,0.0,6.93321718931475,0.0,0.0
ZL000011,DA39,0.04500000000000001,0.02185494729941548,105.90303597393509,0.0,0.07189400896190946,-0.026894008961909452,-223.06,0.0,416.51129995841006,0.139777970548097,DA39_ZL000011,DA38,0.7176408874370223,0.7176402819614187,0.0,0.1322751322751323,DA38_DA39,0.8574015485163325,0.035725064521513854,DA38_ZL000011,DA39_ZL000011,0.0,0.0,6.93321718931475,0.0,0.0
ZL000011,DA39,0.04500000000000001,0.02185494729941548,105.90303597393509,0.0,0.07189400896190946,-0.026894008961909452,-223.06,0.0,416.51129995841006,0.139777970548097,DA39_ZL000011,DA42,0.6169614477841255,0.6169614477841255,0.0,0.1322751322751323,DA42_DA39,1.144703650963527,0.04769598545681363,DA42_ZL000011,DA39_ZL000011,0.0,0.0,6.93321718931475,0.0,0.0
ZL000011,DA39,0.04500000000000001,0.02185494729941548,105.90303597393509,0.0,0.07189400896190946,-0.026894008961909452,-223.06,0.0,416.51129995841006,0.139777970548097,DA39_ZL000011,DA44,0.46559996036114354,0.46559960543748363,0.0,0.1322751322751323,DA44_DA39,1.115352275297796,0.0464730114707415,DA44_ZL000011,DA39_ZL000011,0.0,0.0,6.93321718931475,0.0,0.0
ZL000011,DA39,0.04500000000000001,0.02185494729941548,105.90303597393509,0.0,0.07189400896190946,-0.026894008961909452,-223.06,0.0,416.51129995841006,0.139777970548097,DA39_ZL000011,DA46,0.013232059842737481,0.013232059842737481,0.0,0.1322751322751323,DA46_DA39,1.0,0.041666666666666664,DA46_ZL000011,DA39_ZL000011,0.0,0.0,6.93321718931475,0.0,0.0
ZL000011,DA40,0.015,0.04808317995613846,-68.80405993596301,0.0,0.49589187329054757,-0.48089187329054756,-1100.12,0.0,416.51129995841006,0.7292445572301244,DA40_ZL000011,DA33,0.5352186754235216,0.5352186754235216,1.4974149570134967,0.1322751322751323,DA33_DA40,0.9578175718246816,0.039909065492695066,DA33_ZL000011,DA40_ZL000011,0.1575,0.1575,6.93321718931475,0.2159769290541286,1.4974149570134967
ZL000011,DA40,0.015,0.04808317995613846,-68.80405993596301,0.0,0.49589187329054757,-0.48089187329054756,-1100.12,0.0,416.51129995841006,0.7292445572301244,DA40_ZL000011,DA34,0.37371273683730893,0.37371273683730893,1.4974149570134967,0.1322751322751323,DA34_DA40,0.9084855858442228,0.037853566076842614,DA34_ZL000011,DA40_ZL000011,0.1575,0.1575,6.93321718931475,0.2159769290541286,1.4974149570134967
ZL000011,DA40,0.015,0.04808317995613846,-68.80405993596301,0.0,0.49589187329054757,-0.48089187329054756,-1100.12,0.0,416.51129995841006,0.7292445572301244,DA40_ZL000011,DA35,0.4469056968200422,0.4469052441670828,1.4974149570134967,0.1322751322751323,DA35_DA40,1.0,0.041666666666666664,DA35_ZL000011,DA40_ZL000011,0.1575,0.1575,6.93321718931475,0.2159769290541286,1.4974149570134967
ZL000011,DA40,0.015,0.04808317995613846,-68.80405993596301,0.0,0.49589187329054757,-0.48089187329054756,-1100.12,0.0,416.51129995841006,0.7292445572301244,DA40_ZL000011,DA38,0.7176408874370223,0.7176402819614187,1.4974149570134967,0.1322751322751323,DA38_DA40,0.9758348008871847,0.04065978337029936,DA38_ZL000011,DA40_ZL000011,0.1575,0.1575,6.93321718931475,0.2159769290541286,1.4974149570134967
ZL000011,DA40,0.015,0.04808317995613846,-68.80405993596301,0.0,0.49589187329054757,-0.48089187329054756,-1100.12,0.0,416.51129995841006,0.7292445572301244,DA40_ZL000011,DA42,0.6169614477841255,0.6169614477841255,1.4974149570134967,0.1322751322751323,DA42_DA40,1.263136903334379,0.05263070430559912,DA42_ZL000011,DA40_ZL000011,0.1575,0.1575,6.93321718931475,0.2159769290541286,1.4974149570134967
ZL000011,DA40,0.015,0.04808317995613846,-68.80405993596301,0.0,0.49589187329054757,-0.48089187329054756,-1100.12,0.0,416.51129995841006,0.7292445572301244,DA40_ZL000011,DA44,0.46559996036114354,0.46559960543748363,1.4974149570134967,0.1322751322751323,DA44_DA40,1.233785527668648,0.051407730319527,DA44_ZL000011,DA40_ZL000011,0.1575,0.1575,6.93321718931475,0.2159769290541286,1.4974149570134967
ZL000011,DA40,0.015,0.04808317995613846,-68.80405993596301,0.0,0.49589187329054757,-0.48089187329054756,-1100.12,0.0,416.51129995841006,0.7292445572301244,DA40_ZL000011,DA46,0.013232059842737481,0.013232059842737481,1.4974149570134967,0.1322751322751323,DA46_DA40,1.0,0.041666666666666664,DA46_ZL000011,DA40_ZL000011,0.1575,0.1575,6.93321718931475,0.2159769290541286,1.4974149570134967
ZL000011,DA45,0.0,0.01192317130889811,-100.0,0.0,0.13229676239302188,-0.13229676239302188,-1209.58,0.0,416.51129995841006,0.19388165133312946,DA45_ZL000011,DA33,0.5352186754235216,0.5352186754235216,6.93321718931475,0.1322751322751323,DA33_DA45,1.0,0.041666666666666664,DA33_ZL000011,DA45_ZL000011,0.19500000000000003,0.19388165133312946,6.93321718931475,1.0,6.93321718931475
ZL000011,DA45,0.0,0.01192317130889811,-100.0,0.0,0.13229676239302188,-0.13229676239302188,-1209.58,0.0,416.51129995841006,0.19388165133312946,DA45_ZL000011,DA34,0.37371273683730893,0.37371273683730893,6.93321718931475,0.1322751322751323,DA34_DA45,1.0,0.041666666666666664,DA34_ZL000011,DA45_ZL000011,0.19500000000000003,0.19388165133312946,6.93321718931475,1.0,6.93321718931475
ZL000011,DA45,0.0,0.01192317130889811,-100.0,0.0,0.13229676239302188,-0.13229676239302188,-1209.58,0.0,416.51129995841006,0.19388165133312946,DA45_ZL000011,DA35,0.4469056968200422,0.4469052441670828,6.93321718931475,0.1322751322751323,DA35_DA45,1.230499979832588,0.0512708324930245,DA35_ZL000011,DA45_ZL000011,0.19500000000000003,0.19388165133312946,6.93321718931475,1.0,6.93321718931475
ZL000011,DA45,0.0,0.01192317130889811,-100.0,0.0,0.13229676239302188,-0.13229676239302188,-1209.58,0.0,416.51129995841006,0.19388165133312946,DA45_ZL000011,DA38,0.7176408874370223,0.7176402819614187,6.93321718931475,0.1322751322751323,DA38_DA45,1.0,0.041666666666666664,DA38_ZL000011,DA45_ZL000011,0.19500000000000003,0.19388165133312946,6.93321718931475,1.0,6.93321718931475
ZL000011,DA45,0.0,0.01192317130889811,-100.0,0.0,0.13229676239302188,-0.13229676239302188,-1209.58,0.0,416.51129995841006,0.19388165133312946,DA45_ZL000011,DA42,0.6169614477841255,0.6169614477841255,6.93321718931475,0.1322751322751323,DA42_DA45,1.0,0.041666666666666664,DA42_ZL000011,DA45_ZL000011,0.19500000000000003,0.19388165133312946,6.93321718931475,1.0,6.93321718931475
ZL000011,DA45,0.0,0.01192317130889811,-100.0,0.0,0.13229676239302188,-0.13229676239302188,-1209.58,0.0,416.51129995841006,0.19388165133312946,DA45_ZL000011,DA44,0.46559996036114354,0.46559960543748363,6.93321718931475,0.1322751322751323,DA44_DA45,1.0,0.041666666666666664,DA44_ZL000011,DA45_ZL000011,0.19500000000000003,0.19388165133312946,6.93321718931475,1.0,6.93321718931475
ZL000011,DA45,0.0,0.01192317130889811,-100.0,0.0,0.13229676239302188,-0.13229676239302188,-1209.58,0.0,416.51129995841006,0.19388165133312946,DA45_ZL000011,DA46,0.013232059842737481,0.013232059842737481,6.93321718931475,0.1322751322751323,DA46_DA45,1.230499979832588,0.0512708324930245,DA46_ZL000011,DA45_ZL000011,0.19500000000000003,0.19388165133312946,6.93321718931475,1.0,6.93321718931475
ZL000011,DA36,0.0,0.03316353035349767,-100.0,0.0,0.204976498228832,-0.204976498228832,-718.08,0.0,416.51129995841006,0.37627053014985123,DA36_ZL000011,DA33,0.5352186754235216,0.5352186754235216,5.804237216675921,0.1322751322751323,DA33_DA36,0.8574469683224957,0.03572695701343732,DA33_ZL000011,DA36_ZL000011,0.315,0.315,6.93321718931475,0.8371636223398893,5.804237216675921
ZL000011,DA36,0.0,0.03316353035349767,-100.0,0.0,0.204976498228832,-0.204976498228832,-718.08,0.0,416.51129995841006,0.37627053014985123,DA36_ZL000011,DA34,0.37371273683730893,0.37371273683730893,5.804237216675921,0.1322751322751323,DA34_DA36,0.8081149823420368,0.033671457597584865,DA34_ZL000011,DA36_ZL000011,0.315,0.315,6.93321718931475,0.8371636223398893,5.804237216675921
ZL000011,DA36,0.0,0.03316353035349767,-100.0,0.0,0.204976498228832,-0.204976498228832,-718.08,0.0,416.51129995841006,0.37627053014985123,DA36_ZL000011,DA35,0.4469056968200422,0.4469052441670828,5.804237216675921,0.1322751322751323,DA35_DA36,1.155992641604193,0.04816636006684138,DA35_ZL000011,DA36_ZL000011,0.315,0.315,6.93321718931475,0.8371636223398893,5.804237216675921
ZL000011,DA36,0.0,0.03316353035349767,-100.0,0.0,0.204976498228832,-0.204976498228832,-718.08,0.0,416.51129995841006,0.37627053014985123,DA36_ZL000011,DA38,0.7176408874370223,0.7176402819614187,5.804237216675921,0.1322751322751323,DA38_DA36,0.8754641973849986,0.03647767489104161,DA38_ZL000011,DA36_ZL000011,0.315,0.315,6.93321718931475,0.8371636223398893,5.804237216675921
ZL000011,DA36,0.0,0.03316353035349767,-100.0,0.0,0.204976498228832,-0.204976498228832,-718.08,0.0,416.51129995841006,0.37627053014985123,DA36_ZL000011,DA42,0.6169614477841255,0.6169614477841255,5.804237216675921,0.1322751322751323,DA42_DA36,1.162766299832193,0.048448595826341374,DA42_ZL000011,DA36_ZL000011,0.315,0.315,6.93321718931475,0.8371636223398893,5.804237216675921
ZL000011,DA36,0.0,0.03316353035349767,-100.0,0.0,0.204976498228832,-0.204976498228832,-718.08,0.0,416.51129995841006,0.37627053014985123,DA36_ZL000011,DA44,0.46559996036114354,0.46559960543748363,5.804237216675921,0.1322751322751323,DA44_DA36,1.133414924166462,0.047225621840269245,DA44_ZL000011,DA36_ZL000011,0.315,0.315,6.93321718931475,0.8371636223398893,5.804237216675921
ZL000011,DA36,0.0,0.03316353035349767,-100.0,0.0,0.204976498228832,-0.204976498228832,-718.08,0.0,416.51129995841006,0.37627053014985123,DA36_ZL000011,DA46,0.013232059842737481,0.013232059842737481,5.804237216675921,0.1322751322751323,DA46_DA36,1.155992641604193,0.04816636006684138,DA46_ZL000011,DA36_ZL000011,0.315,0.315,6.93321718931475,0.8371636223398893,5.804237216675921
ZL000009,DA34,6.262500000000001,1.178735707361422,431.28958093740033,0.0,7.348426758413188,-1.085926758413187,-192.13,0.0,267.1098618479814,5.413224234039421,DA34_ZL000009,DA33,1.6238890280336429,1.6238781654864451,0.0,0.1984126984126984,DA33_DA34,0.5140843776294046,0.02142018240122519,DA33_ZL000009,DA34_ZL000009,0.0,0.0,26.87514518002323,0.0,0.0
ZL000009,DA34,6.262500000000001,1.178735707361422,431.28958093740033,0.0,7.348426758413188,-1.085926758413187,-192.13,0.0,267.1098618479814,5.413224234039421,DA34_ZL000009,DA35,0.8034520029712909,0.8034344146300377,0.0,0.1984126984126984,DA35_DA34,1.0,0.041666666666666664,DA35_ZL000009,DA34_ZL000009,0.0,0.0,26.87514518002323,0.0,0.0
ZL000009,DA34,6.262500000000001,1.178735707361422,431.28958093740033,0.0,7.348426758413188,-1.085926758413187,-192.13,0.0,267.1098618479814,5.413224234039421,DA34_ZL000009,DA36,8.20374669766375,8.20374669766375,0.0,0.1984126984126984,DA36_DA34,0.8081149823420368,0.033671457597584865,DA36_ZL000009,DA34_ZL000009,0.0,0.0,26.87514518002323,0.0,0.0
ZL000009,DA34,6.262500000000001,1.178735707361422,431.28958093740033,0.0,7.348426758413188,-1.085926758413187,-192.13,0.0,267.1098618479814,5.413224234039421,DA34_ZL000009,DA38,4.465596785188053,4.465596785188053,0.0,0.1984126984126984,DA38_DA34,0.5321016066919075,0.02217090027882948,DA38_ZL000009,DA34_ZL000009,0.0,0.0,26.87514518002323,0.0,0.0
ZL000009,DA34,6.262500000000001,1.178735707361422,431.28958093740033,0.0,7.348426758413188,-1.085926758413187,-192.13,0.0,267.1098618479814,5.413224234039421,DA34_ZL000009,DA39,2.417994091870699,2.417965896388535,0.0,0.1984126984126984,DA39_DA34,0.7900523334733707,0.03291884722805711,DA39_ZL000009,DA34_ZL000009,0.0,0.0,26.87514518002323,0.0,0.0
ZL000009,DA34,6.262500000000001,1.178735707361422,431.28958093740033,0.0,7.348426758413188,-1.085926758413187,-192.13,0.0,267.1098618479814,5.413224234039421,DA34_ZL000009,DA40,10.172155655694846,10.172115677009767,0.0,0.1984126984126984,DA40_DA34,0.9084855858442228,0.037853566076842614,DA40_ZL000009,DA34_ZL000009,0.0,0.0,26.87514518002323,0.0,0.0
ZL000009,DA34,6.262500000000001,1.178735707361422,431.28958093740033,0.0,7.348426758413188,-1.085926758413187,-192.13,0.0,267.1098618479814,5.413224234039421,DA34_ZL000009,DA44,0.7015699641337265,0.7015676926234744,0.0,0.1984126984126984,DA44_DA34,0.7900523334733707,0.03291884722805711,DA44_ZL000009,DA34_ZL000009,0.0,0.0,26.87514518002323,0.0,0.0
ZL000009,DA34,6.262500000000001,1.178735707361422,431.28958093740033,0.0,7.348426758413188,-1.085926758413187,-192.13,0.0,267.1098618479814,5.413224234039421,DA34_ZL000009,DA46,1.5881828680906542,1.5881654940564003,0.0,0.1984126984126984,DA46_DA34,1.0,0.041666666666666664,DA46_ZL000009,DA34_ZL000009,0.0,0.0,26.87514518002323,0.0,0.0
ZL000009,DA37,6.750000000000001,1.229615515420054,448.95208423700683,0.0,8.898659040512443,-2.1486590405124426,-274.74,0.0,267.1098618479814,6.662669971564907,DA37_ZL000009,DA33,1.6238890280336429,1.6238781654864451,0.0,0.1984126984126984,DA33_DA37,0.868735695119561,0.036197320629981704,DA33_ZL000009,DA37_ZL000009,0.0,0.0,26.87514518002323,0.0,0.0
ZL000009,DA37,6.750000000000001,1.229615515420054,448.95208423700683,0.0,8.898659040512443,-2.1486590405124426,-274.74,0.0,267.1098618479814,6.662669971564907,DA37_ZL000009,DA35,0.8034520029712909,0.8034344146300377,0.0,0.1984126984126984,DA35_DA37,1.0,0.041666666666666664,DA35_ZL000009,DA37_ZL000009,0.0,0.0,26.87514518002323,0.0,0.0
ZL000009,DA37,6.750000000000001,1.229615515420054,448.95208423700683,0.0,8.898659040512443,-2.1486590405124426,-274.74,0.0,267.1098618479814,6.662669971564907,DA37_ZL000009,DA36,8.20374669766375,8.20374669766375,0.0,0.1984126984126984,DA36_DA37,1.162766299832193,0.048448595826341374,DA36_ZL000009,DA37_ZL000009,0.0,0.0,26.87514518002323,0.0,0.0
ZL000009,DA37,6.750000000000001,1.229615515420054,448.95208423700683,0.0,8.898659040512443,-2.1486590405124426,-274.74,0.0,267.1098618479814,6.662669971564907,DA37_ZL000009,DA38,4.465596785188053,4.465596785188053,0.0,0.1984126984126984,DA38_DA37,0.8867529241820639,0.036948038507586,DA38_ZL000009,DA37_ZL000009,0.0,0.0,26.87514518002323,0.0,0.0
ZL000009,DA37,6.750000000000001,1.229615515420054,448.95208423700683,0.0,8.898659040512443,-2.1486590405124426,-274.74,0.0,267.1098618479814,6.662669971564907,DA37_ZL000009,DA39,2.417994091870699,2.417965896388535,0.0,0.1984126984126984,DA39_DA37,1.144703650963527,0.04769598545681363,DA39_ZL000009,DA37_ZL000009,0.0,0.0,26.87514518002323,0.0,0.0
ZL000009,DA37,6.750000000000001,1.229615515420054,448.95208423700683,0.0,8.898659040512443,-2.1486590405124426,-274.74,0.0,267.1098618479814,6.662669971564907,DA37_ZL000009,DA40,10.172155655694846,10.172115677009767,0.0,0.1984126984126984,DA40_DA37,1.263136903334379,0.05263070430559912,DA40_ZL000009,DA37_ZL000009,0.0,0.0,26.87514518002323,0.0,0.0
ZL000009,DA37,6.750000000000001,1.229615515420054,448.95208423700683,0.0,8.898659040512443,-2.1486590405124426,-274.74,0.0,267.1098618479814,6.662669971564907,DA37_ZL000009,DA44,0.7015699641337265,0.7015676926234744,0.0,0.1984126984126984,DA44_DA37,1.144703650963527,0.04769598545681363,DA44_ZL000009,DA37_ZL000009,0.0,0.0,26.87514518002323,0.0,0.0
ZL000009,DA37,6.750000000000001,1.229615515420054,448.95208423700683,0.0,8.898659040512443,-2.1486590405124426,-274.74,0.0,267.1098618479814,6.662669971564907,DA37_ZL000009,DA46,1.5881828680906542,1.5881654940564003,0.0,0.1984126984126984,DA46_DA37,1.0,0.041666666666666664,DA46_ZL000009,DA37_ZL000009,0.0,0.0,26.87514518002323,0.0,0.0
ZL000009,DA42,3.532500000000001,0.6031654527480892,485.6602005147239,0.0,4.9468252669471005,-1.4143252669470994,-334.48,0.0,267.1098618479814,3.628582213901981,DA42_ZL000009,DA33,1.6238890280336429,1.6238781654864451,0.0,0.1984126984126984,DA33_DA42,0.868735695119561,0.036197320629981704,DA33_ZL000009,DA42_ZL000009,0.0,0.0,26.87514518002323,0.0,0.0
ZL000009,DA42,3.532500000000001,0.6031654527480892,485.6602005147239,0.0,4.9468252669471005,-1.4143252669470994,-334.48,0.0,267.1098618479814,3.628582213901981,DA42_ZL000009,DA35,0.8034520029712909,0.8034344146300377,0.0,0.1984126984126984,DA35_DA42,1.0,0.041666666666666664,DA35_ZL000009,DA42_ZL000009,0.0,0.0,26.87514518002323,0.0,0.0
ZL000009,DA42,3.532500000000001,0.6031654527480892,485.6602005147239,0.0,4.9468252669471005,-1.4143252669470994,-334.48,0.0,267.1098618479814,3.628582213901981,DA42_ZL000009,DA36,8.20374669766375,8.20374669766375,0.0,0.1984126984126984,DA36_DA42,1.162766299832193,0.048448595826341374,DA36_ZL000009,DA42_ZL000009,0.0,0.0,26.87514518002323,0.0,0.0
ZL000009,DA42,3.532500000000001,0.6031654527480892,485.6602005147239,0.0,4.9468252669471005,-1.4143252669470994,-334.48,0.0,267.1098618479814,3.628582213901981,DA42_ZL000009,DA38,4.465596785188053,4.465596785188053,0.0,0.1984126984126984,DA38_DA42,0.8867529241820639,0.036948038507586,DA38_ZL000009,DA42_ZL000009,0.0,0.0,26.87514518002323,0.0,0.0
ZL000009,DA42,3.532500000000001,0.6031654527480892,485.6602005147239,0.0,4.9468252669471005,-1.4143252669470994,-334.48,0.0,267.1098618479814,3.628582213901981,DA42_ZL000009,DA39,2.417994091870699,2.417965896388535,0.0,0.1984126984126984,DA39_DA42,1.144703650963527,0.04769598545681363,DA39_ZL000009,DA42_ZL000009,0.0,0.0,26.87514518002323,0.0,0.0
ZL000009,DA42,3.532500000000001,0.6031654527480892,485.6602005147239,0.0,4.9468252669471005,-1.4143252669470994,-334.48,0.0,267.1098618479814,3.628582213901981,DA42_ZL000009,DA40,10.172155655694846,10.172115677009767,0.0,0.1984126984126984,DA40_DA42,1.263136903334379,0.05263070430559912,DA40_ZL000009,DA42_ZL000009,0.0,0.0,26.87514518002323,0.0,0.0
ZL000009,DA42,3.532500000000001,0.6031654527480892,485.6602005147239,0.0,4.9468252669471005,-1.4143252669470994,-334.48,0.0,267.1098618479814,3.628582213901981,DA42_ZL000009,DA44,0.7015699641337265,0.7015676926234744,0.0,0.1984126984126984,DA44_DA42,1.144703650963527,0.04769598545681363,DA44_ZL000009,DA42_ZL000009,0.0,0.0,26.87514518002323,0.0,0.0
ZL000009,DA42,3.532500000000001,0.6031654527480892,485.6602005147239,0.0,4.9468252669471005,-1.4143252669470994,-334.48,0.0,267.1098618479814,3.628582213901981,DA42_ZL000009,DA46,1.5881828680906542,1.5881654940564003,0.0,0.1984126984126984,DA46_DA42,1.0,0.041666666666666664,DA46_ZL000009,DA42_ZL000009,0.0,0.0,26.87514518002323,0.0,0.0
ZL000009,DA45,2.565,0.3551606265675519,622.2084341919964,0.0,2.5274560702420534,0.037543929757946515,-89.43,0.0,267.1098618479814,1.2662892073023746,DA45_ZL000009,DA33,1.6238890280336429,1.6238781654864451,0.0,0.1984126984126984,DA33_DA45,1.0,0.041666666666666664,DA33_ZL000009,DA45_ZL000009,0.0,0.0,26.87514518002323,0.0,0.0
ZL000009,DA45,2.565,0.3551606265675519,622.2084341919964,0.0,2.5274560702420534,0.037543929757946515,-89.43,0.0,267.1098618479814,1.2662892073023746,DA45_ZL000009,DA35,0.8034520029712909,0.8034344146300377,0.0,0.1984126984126984,DA35_DA45,1.230499979832588,0.0512708324930245,DA35_ZL000009,DA45_ZL000009,0.0,0.0,26.87514518002323,0.0,0.0
ZL000009,DA45,2.565,0.3551606265675519,622.2084341919964,0.0,2.5274560702420534,0.037543929757946515,-89.43,0.0,267.1098618479814,1.2662892073023746,DA45_ZL000009,DA36,8.20374669766375,8.20374669766375,0.0,0.1984126984126984,DA36_DA45,1.122125669682195,0.046755236236758126,DA36_ZL000009,DA45_ZL000009,0.0,0.0,26.87514518002323,0.0,0.0
ZL000009,DA45,2.565,0.3551606265675519,622.2084341919964,0.0,2.5274560702420534,0.037543929757946515,-89.43,0.0,267.1098618479814,1.2662892073023746,DA45_ZL000009,DA38,4.465596785188053,4.465596785188053,0.0,0.1984126984126984,DA38_DA45,1.0,0.041666666666666664,DA38_ZL000009,DA45_ZL000009,0.0,0.0,26.87514518002323,0.0,0.0
ZL000009,DA45,2.565,0.3551606265675519,622.2084341919964,0.0,2.5274560702420534,0.037543929757946515,-89.43,0.0,267.1098618479814,1.2662892073023746,DA45_ZL000009,DA39,2.417994091870699,2.417965896388535,0.0,0.1984126984126984,DA39_DA45,1.0,0.041666666666666664,DA39_ZL000009,DA45_ZL000009,0.0,0.0,26.87514518002323,0.0,0.0
ZL000009,DA45,2.565,0.3551606265675519,622.2084341919964,0.0,2.5274560702420534,0.037543929757946515,-89.43,0.0,267.1098618479814,1.2662892073023746,DA45_ZL000009,DA40,10.172155655694846,10.172115677009767,0.0,0.1984126984126984,DA40_DA45,1.0,0.041666666666666664,DA40_ZL000009,DA45_ZL000009,0.0,0.0,26.87514518002323,0.0,0.0
ZL000009,DA45,2.565,0.3551606265675519,622.2084341919964,0.0,2.5274560702420534,0.037543929757946515,-89.43,0.0,267.1098618479814,1.2662892073023746,DA45_ZL000009,DA44,0.7015699641337265,0.7015676926234744,0.0,0.1984126984126984,DA44_DA45,1.0,0.041666666666666664,DA44_ZL000009,DA45_ZL000009,0.0,0.0,26.87514518002323,0.0,0.0
ZL000009,DA45,2.565,0.3551606265675519,622.2084341919964,0.0,2.5274560702420534,0.037543929757946515,-89.43,0.0,267.1098618479814,1.2662892073023746,DA45_ZL000009,DA46,1.5881828680906542,1.5881654940564003,0.0,0.1984126984126984,DA46_DA45,1.230499979832588,0.0512708324930245,DA46_ZL000009,DA45_ZL000009,0.0,0.0,26.87514518002323,0.0,0.0
ZL000006,DA34,5.52,1.162365445016845,374.8936768263963,0.0,8.672176475555577,-3.152176475555578,-371.19,0.0,1181.521485047539,18.04818176300049,DA34_ZL000006,DA33,2.7485480399803013,2.7485480399803013,0.0,0.1322751322751323,DA33_DA34,0.5140843776294046,0.02142018240122519,DA33_ZL000006,DA34_ZL000006,0.0,0.0,0.2357723577235772,0.0,0.0
ZL000006,DA34,5.52,1.162365445016845,374.8936768263963,0.0,8.672176475555577,-3.152176475555578,-371.19,0.0,1181.521485047539,18.04818176300049,DA34_ZL000006,DA36,15.681234940820922,15.681234940820922,0.0,0.1322751322751323,DA36_DA34,0.8081149823420368,0.033671457597584865,DA36_ZL000006,DA34_ZL000006,0.0,0.0,0.2357723577235772,0.0,0.0
ZL000006,DA34,5.52,1.162365445016845,374.8936768263963,0.0,8.672176475555577,-3.152176475555578,-371.19,0.0,1181.521485047539,18.04818176300049,DA34_ZL000006,DA37,24.22432721384429,24.22432721384429,0.0,0.1322751322751323,DA37_DA34,0.8194037091391021,0.03414182121412925,DA37_ZL000006,DA34_ZL000006,0.0,0.0,0.2357723577235772,0.0,0.0
ZL000006,DA34,5.52,1.162365445016845,374.8936768263963,0.0,8.672176475555577,-3.152176475555578,-371.19,0.0,1181.521485047539,18.04818176300049,DA34_ZL000006,DA38,5.941928213352349,5.941902197881168,0.0,0.1322751322751323,DA38_DA34,0.5321016066919075,0.02217090027882948,DA38_ZL000006,DA34_ZL000006,0.0,0.0,0.2357723577235772,0.0,0.0
ZL000006,DA34,5.52,1.162365445016845,374.8936768263963,0.0,8.672176475555577,-3.152176475555578,-371.19,0.0,1181.521485047539,18.04818176300049,DA34_ZL000006,DA39,1.3225396192996937,1.3225378044396658,0.0,0.1322751322751323,DA39_DA34,0.7900523334733707,0.03291884722805711,DA39_ZL000006,DA34_ZL000006,0.0,0.0,0.2357723577235772,0.0,0.0
ZL000006,DA34,5.52,1.162365445016845,374.8936768263963,0.0,8.672176475555577,-3.152176475555578,-371.19,0.0,1181.521485047539,18.04818176300049,DA34_ZL000006,DA40,58.70787258451753,58.70787258451753,0.0,0.1322751322751323,DA40_DA34,0.9084855858442228,0.037853566076842614,DA40_ZL000006,DA34_ZL000006,0.0,0.0,0.2357723577235772,0.0,0.0
ZL000006,DA34,5.52,1.162365445016845,374.8936768263963,0.0,8.672176475555577,-3.152176475555578,-371.19,0.0,1181.521485047539,18.04818176300049,DA34_ZL000006,DA42,4.552956636446271,4.552956636446271,0.0,0.1322751322751323,DA42_DA34,0.8194037091391021,0.03414182121412925,DA42_ZL000006,DA34_ZL000006,0.0,0.0,0.2357723577235772,0.0,0.0
ZL000006,DA34,5.52,1.162365445016845,374.8936768263963,0.0,8.672176475555577,-3.152176475555578,-371.19,0.0,1181.521485047539,18.04818176300049,DA34_ZL000006,DA45,7.742839730786631,7.742838132547516,0.0,0.1322751322751323,DA45_DA34,1.0,0.041666666666666664,DA45_ZL000006,DA34_ZL000006,0.0,0.0,0.2357723577235772,0.0,0.0
ZL000006,DA34,5.52,1.162365445016845,374.8936768263963,0.0,8.672176475555577,-3.152176475555578,-371.19,0.0,1181.521485047539,18.04818176300049,DA34_ZL000006,DA46,0.41934897569838386,0.41934897569838386,0.0,0.1322751322751323,DA46_DA34,1.0,0.041666666666666664,DA46_ZL000006,DA34_ZL000006,0.0,0.0,0.2357723577235772,0.0,0.0
ZL000006,DA35,3.487500000000001,0.8994831560597433,287.7226578958153,0.0,6.685264098084251,-3.19776409808425,-455.51,0.0,1181.521485047539,14.72482246739729,DA35_ZL000006,DA33,2.7485480399803013,2.7485480399803013,0.0,0.1322751322751323,DA33_DA35,1.0,0.041666666666666664,DA33_ZL000006,DA35_ZL000006,0.0,0.0,0.2357723577235772,0.0,0.0
ZL000006,DA35,3.487500000000001,0.8994831560597433,287.7226578958153,0.0,6.685264098084251,-3.19776409808425,-455.51,0.0,1181.521485047539,14.72482246739729,DA35_ZL000006,DA36,15.681234940820922,15.681234940820922,0.0,0.1322751322751323,DA36_DA35,1.155992641604193,0.04816636006684138,DA36_ZL000006,DA35_ZL000006,0.0,0.0,0.2357723577235772,0.0,0.0
ZL000006,DA35,3.487500000000001,0.8994831560597433,287.7226578958153,0.0,6.685264098084251,-3.19776409808425,-455.51,0.0,1181.521485047539,14.72482246739729,DA35_ZL000006,DA37,24.22432721384429,24.22432721384429,0.0,0.1322751322751323,DA37_DA35,1.0,0.041666666666666664,DA37_ZL000006,DA35_ZL000006,0.0,0.0,0.2357723577235772,0.0,0.0
ZL000006,DA35,3.487500000000001,0.8994831560597433,287.7226578958153,0.0,6.685264098084251,-3.19776409808425,-455.51,0.0,1181.521485047539,14.72482246739729,DA35_ZL000006,DA38,5.941928213352349,5.941902197881168,0.0,0.1322751322751323,DA38_DA35,1.0,0.041666666666666664,DA38_ZL000006,DA35_ZL000006,0.0,0.0,0.2357723577235772,0.0,0.0
ZL000006,DA35,3.487500000000001,0.8994831560597433,287.7226578958153,0.0,6.685264098084251,-3.19776409808425,-455.51,0.0,1181.521485047539,14.72482246739729,DA35_ZL000006,DA39,1.3225396192996937,1.3225378044396658,0.0,0.1322751322751323,DA39_DA35,1.0,0.041666666666666664,DA39_ZL000006,DA35_ZL000006,0.0,0.0,0.2357723577235772,0.0,0.0
ZL000006,DA35,3.487500000000001,0.8994831560597433,287.7226578958153,0.0,6.685264098084251,-3.19776409808425,-455.51,0.0,1181.521485047539,14.72482246739729,DA35_ZL000006,DA40,58.70787258451753,58.70787258451753,0.0,0.1322751322751323,DA40_DA35,1.0,0.041666666666666664,DA40_ZL000006,DA35_ZL000006,0.0,0.0,0.2357723577235772,0.0,0.0
ZL000006,DA35,3.487500000000001,0.8994831560597433,287.7226578958153,0.0,6.685264098084251,-3.19776409808425,-455.51,0.0,1181.521485047539,14.72482246739729,DA35_ZL000006,DA42,4.552956636446271,4.552956636446271,0.0,0.1322751322751323,DA42_DA35,1.0,0.041666666666666664,DA42_ZL000006,DA35_ZL000006,0.0,0.0,0.2357723577235772,0.0,0.0
ZL000006,DA35,3.487500000000001,0.8994831560597433,287.7226578958153,0.0,6.685264098084251,-3.19776409808425,-455.51,0.0,1181.521485047539,14.72482246739729,DA35_ZL000006,DA45,7.742839730786631,7.742838132547516,0.0,0.1322751322751323,DA45_DA35,1.230499979832588,0.0512708324930245,DA45_ZL000006,DA35_ZL000006,0.0,0.0,0.2357723577235772,0.0,0.0
ZL000006,DA35,3.487500000000001,0.8994831560597433,287.7226578958153,0.0,6.685264098084251,-3.19776409808425,-455.51,0.0,1181.521485047539,14.72482246739729,DA35_ZL000006,DA46,0.41934897569838386,0.41934897569838386,0.0,0.1322751322751323,DA46_DA35,1.264366951754586,0.052681956323107744,DA46_ZL000006,DA35_ZL000006,0.0,0.0,0.2357723577235772,0.0,0.0
ZL000006,DA44,1.65,0.2453285901604282,572.5673509642769,0.0,1.948154930617784,-0.2981549306177842,-221.53,0.0,1181.521485047539,3.442086427492079,DA44_ZL000006,DA33,2.7485480399803013,2.7485480399803013,0.0,0.1322751322751323,DA33_DA44,0.8393843194538297,0.034974346643909575,DA33_ZL000006,DA44_ZL000006,0.0,0.0,0.2357723577235772,0.0,0.0
ZL000006,DA44,1.65,0.2453285901604282,572.5673509642769,0.0,1.948154930617784,-0.2981549306177842,-221.53,0.0,1181.521485047539,3.442086427492079,DA44_ZL000006,DA36,15.681234940820922,15.681234940820922,0.0,0.1322751322751323,DA36_DA44,1.133414924166462,0.047225621840269245,DA36_ZL000006,DA44_ZL000006,0.0,0.0,0.2357723577235772,0.0,0.0
ZL000006,DA44,1.65,0.2453285901604282,572.5673509642769,0.0,1.948154930617784,-0.2981549306177842,-221.53,0.0,1181.521485047539,3.442086427492079,DA44_ZL000006,DA37,24.22432721384429,24.22432721384429,0.0,0.1322751322751323,DA37_DA44,1.144703650963527,0.04769598545681363,DA37_ZL000006,DA44_ZL000006,0.0,0.0,0.2357723577235772,0.0,0.0
ZL000006,DA44,1.65,0.2453285901604282,572.5673509642769,0.0,1.948154930617784,-0.2981549306177842,-221.53,0.0,1181.521485047539,3.442086427492079,DA44_ZL000006,DA38,5.941928213352349,5.941902197881168,0.0,0.1322751322751323,DA38_DA44,0.8574015485163325,0.035725064521513854,DA38_ZL000006,DA44_ZL000006,0.0,0.0,0.2357723577235772,0.0,0.0
ZL000006,DA44,1.65,0.2453285901604282,572.5673509642769,0.0,1.948154930617784,-0.2981549306177842,-221.53,0.0,1181.521485047539,3.442086427492079,DA44_ZL000006,DA39,1.3225396192996937,1.3225378044396658,0.0,0.1322751322751323,DA39_DA44,1.115352275297796,0.0464730114707415,DA39_ZL000006,DA44_ZL000006,0.0,0.0,0.2357723577235772,0.0,0.0
ZL000006,DA44,1.65,0.2453285901604282,572.5673509642769,0.0,1.948154930617784,-0.2981549306177842,-221.53,0.0,1181.521485047539,3.442086427492079,DA44_ZL000006,DA40,58.70787258451753,58.70787258451753,0.0,0.1322751322751323,DA40_DA44,1.233785527668648,0.051407730319527,DA40_ZL000006,DA44_ZL000006,0.0,0.0,0.2357723577235772,0.0,0.0
ZL000006,DA44,1.65,0.2453285901604282,572.5673509642769,0.0,1.948154930617784,-0.2981549306177842,-221.53,0.0,1181.521485047539,3.442086427492079,DA44_ZL000006,DA42,4.552956636446271,4.552956636446271,0.0,0.1322751322751323,DA42_DA44,1.144703650963527,0.04769598545681363,DA42_ZL000006,DA44_ZL000006,0.0,0.0,0.2357723577235772,0.0,0.0
ZL000006,DA44,1.65,0.2453285901604282,572.5673509642769,0.0,1.948154930617784,-0.2981549306177842,-221.53,0.0,1181.521485047539,3.442086427492079,DA44_ZL000006,DA45,7.742839730786631,7.742838132547516,0.0,0.1322751322751323,DA45_DA44,1.0,0.041666666666666664,DA45_ZL000006,DA44_ZL000006,0.0,0.0,0.2357723577235772,0.0,0.0
ZL000006,DA44,1.65,0.2453285901604282,572.5673509642769,0.0,1.948154930617784,-0.2981549306177842,-221.53,0.0,1181.521485047539,3.442086427492079,DA44_ZL000006,DA46,0.41934897569838386,0.41934897569838386,0.0,0.1322751322751323,DA46_DA44,1.0,0.041666666666666664,DA46_ZL000006,DA44_ZL000006,0.0,0.0,0.2357723577235772,0.0,0.0
ZL000005,DA33,18.6445,1.410370970013997,1221.9571585350318,0.0,17.52904442639049,1.115455573609509,-20.91,0.0,-393.4457008957041,0.2949085698299268,DA33_ZL000005,DA40,10.766429692587014,10.766429692587014,0.0,0.1700680272108843,DA40_DA33,0.9578175718246816,0.039909065492695066,DA40_ZL000005,DA33_ZL000005,0.0,0.0,26.41688443670151,0.0,0.0
ZL000005,DA33,18.6445,1.410370970013997,1221.9571585350318,0.0,17.52904442639049,1.115455573609509,-20.91,0.0,-393.4457008957041,0.2949085698299268,DA33_ZL000005,DA42,1.9738143984702199,1.9738116959555718,0.0,0.1700680272108843,DA42_DA33,0.868735695119561,0.036197320629981704,DA42_ZL000005,DA33_ZL000005,0.0,0.0,26.41688443670151,0.0,0.0
ZL000005,DA34,11.417,3.458305739801916,230.13275456246794,5.88,44.83015901471715,-27.533159014717146,-896.15,0.0,-393.4457008957041,30.991606887234866,DA34_ZL000005,DA40,10.766429692587014,10.766429692587014,0.0,0.1700680272108843,DA40_DA34,0.9084855858442228,0.037853566076842614,DA40_ZL000005,DA34_ZL000005,0.0,0.0,26.41688443670151,0.0,0.0
ZL000005,DA34,11.417,3.458305739801916,230.13275456246794,5.88,44.83015901471715,-27.533159014717146,-896.15,0.0,-393.4457008957041,30.991606887234866,DA34_ZL000005,DA42,1.9738143984702199,1.9738116959555718,0.0,0.1700680272108843,DA42_DA34,0.8194037091391021,0.03414182121412925,DA42_ZL000005,DA34_ZL000005,0.0,0.0,26.41688443670151,0.0,0.0
ZL000005,DA35,8.372,1.164685349228187,618.8207532230015,2.1,14.577959383345323,-4.105959383345324,-452.54,0.0,-393.4457008957041,5.270667079397238,DA35_ZL000005,DA40,10.766429692587014,10.766429692587014,0.0,0.1700680272108843,DA40_DA35,1.0,0.041666666666666664,DA40_ZL000005,DA35_ZL000005,0.0,0.0,26.41688443670151,0.0,0.0
ZL000005,DA35,8.372,1.164685349228187,618.8207532230015,2.1,14.577959383345323,-4.105959383345324,-452.54,0.0,-393.4457008957041,5.270667079397238,DA35_ZL000005,DA42,1.9738143984702199,1.9738116959555718,0.0,0.1700680272108843,DA42_DA35,1.0,0.041666666666666664,DA42_ZL000005,DA35_ZL000005,0.0,0.0,26.41688443670151,0.0,0.0
ZL000005,DA36,69.21249999999999,12.1807377454514,468.2127096599359,5.88,162.1522480004934,-87.0597480004934,-814.73,0.0,-393.4457008957041,99.24012463351619,DA36_ZL000005,DA40,10.766429692587014,10.766429692587014,0.0,0.1700680272108843,DA40_DA36,1.251848176537314,0.05216034068905475,DA40_ZL000005,DA36_ZL000005,0.0,0.0,26.41688443670151,0.0,0.0
ZL000005,DA36,69.21249999999999,12.1807377454514,468.2127096599359,5.88,162.1522480004934,-87.0597480004934,-814.73,0.0,-393.4457008957041,99.24012463351619,DA36_ZL000005,DA42,1.9738143984702199,1.9738116959555718,0.0,0.1700680272108843,DA42_DA36,1.162766299832193,0.048448595826341374,DA42_ZL000005,DA36_ZL000005,0.0,0.0,26.41688443670151,0.0,0.0
ZL000005,DA37,4.284,0.3054067938548597,1302.7192866036605,0.0,4.023512973333807,0.26048702666619317,-14.71,0.0,-393.4457008957041,0.044925339376049866,DA37_ZL000005,DA40,10.766429692587014,10.766429692587014,0.0,0.1700680272108843,DA40_DA37,1.263136903334379,0.05263070430559912,DA40_ZL000005,DA37_ZL000005,0.0,0.0,26.41688443670151,0.0,0.0
ZL000005,DA37,4.284,0.3054067938548597,1302.7192866036605,0.0,4.023512973333807,0.26048702666619317,-14.71,0.0,-393.4457008957041,0.044925339376049866,DA37_ZL000005,DA42,1.9738143984702199,1.9738116959555718,0.0,0.1700680272108843,DA42_DA37,1.174055026629258,0.04891895944288575,DA42_ZL000005,DA37_ZL000005,0.0,0.0,26.41688443670151,0.0,0.0
ZL000005,DA38,8.9565,1.671706569368856,435.76986321119017,0.0,22.108807829758348,-13.152307829758348,-886.76,0.0,-393.4457008957041,14.824025174535267,DA38_ZL000005,DA40,10.766429692587014,10.766429692587014,0.0,0.1700680272108843,DA40_DA38,0.9758348008871847,0.04065978337029936,DA40_ZL000005,DA38_ZL000005,0.0,0.0,26.41688443670151,0.0,0.0
ZL000005,DA38,8.9565,1.671706569368856,435.76986321119017,0.0,22.108807829758348,-13.152307829758348,-886.76,0.0,-393.4457008957041,14.824025174535267,DA38_ZL000005,DA42,1.9738143984702199,1.9738116959555718,0.0,0.1700680272108843,DA42_DA38,0.8867529241820639,0.036948038507586,DA42_ZL000005,DA38_ZL000005,0.0,0.0,26.41688443670151,0.0,0.0
ZL000005,DA39,3.6645,0.2961702653124791,1137.2950390997935,0.0,3.8307812634420757,-0.16628126344207583,-156.14,0.0,-393.4457008957041,0.46244025225890484,DA39_ZL000005,DA40,10.766429692587014,10.766429692587014,0.0,0.1700680272108843,DA40_DA39,1.233785527668648,0.051407730319527,DA40_ZL000005,DA39_ZL000005,0.0,0.0,26.41688443670151,0.0,0.0
ZL000005,DA39,3.6645,0.2961702653124791,1137.2950390997935,0.0,3.8307812634420757,-0.16628126344207583,-156.14,0.0,-393.4457008957041,0.46244025225890484,DA39_ZL000005,DA42,1.9738143984702199,1.9738116959555718,0.0,0.1700680272108843,DA42_DA39,1.144703650963527,0.04769598545681363,DA42_ZL000005,DA39_ZL000005,0.0,0.0,26.41688443670151,0.0,0.0
ZL000005,DA44,3.3145,0.355435457410729,832.5181072663433,0.0,4.607432807263209,-1.2929328072632096,-463.76,0.0,-393.4457008957041,1.6483674772879968,DA44_ZL000005,DA40,10.766429692587014,10.766429692587014,0.0,0.1700680272108843,DA40_DA44,1.233785527668648,0.051407730319527,DA40_ZL000005,DA44_ZL000005,0.0,0.0,26.41688443670151,0.0,0.0
ZL000005,DA44,3.3145,0.355435457410729,832.5181072663433,0.0,4.607432807263209,-1.2929328072632096,-463.76,0.0,-393.4457008957041,1.6483674772879968,DA44_ZL000005,DA42,1.9738143984702199,1.9738116959555718,0.0,0.1700680272108843,DA42_DA44,1.144703650963527,0.04769598545681363,DA42_ZL000005,DA44_ZL000005,0.0,0.0,26.41688443670151,0.0,0.0
ZL000005,DA45,6.762,1.112540212898415,507.798254984733,0.0,16.035850733417426,-9.273850733417426,-933.57,0.0,-393.4457008957041,10.386341665555733,DA45_ZL000005,DA40,10.766429692587014,10.766429692587014,0.0,0.1700680272108843,DA40_DA45,1.0,0.041666666666666664,DA40_ZL000005,DA45_ZL000005,0.0,0.0,26.41688443670151,0.0,0.0
ZL000005,DA45,6.762,1.112540212898415,507.798254984733,0.0,16.035850733417426,-9.273850733417426,-933.57,0.0,-393.4457008957041,10.386341665555733,DA45_ZL000005,DA42,1.9738143984702199,1.9738116959555718,0.0,0.1700680272108843,DA42_DA45,1.0,0.041666666666666664,DA42_ZL000005,DA45_ZL000005,0.0,0.0,26.41688443670151,0.0,0.0
ZL000005,DA46,7.0385,0.6102151550463571,1053.4456235301623,0.0,7.559471967684077,-0.5209719676840772,-185.38,0.0,-393.4457008957041,1.1312168544249368,DA46_ZL000005,DA40,10.766429692587014,10.766429692587014,0.0,0.1700680272108843,DA40_DA46,1.0,0.041666666666666664,DA40_ZL000005,DA46_ZL000005,0.0,0.0,26.41688443670151,0.0,0.0
ZL000005,DA46,7.0385,0.6102151550463571,1053.4456235301623,0.0,7.559471967684077,-0.5209719676840772,-185.38,0.0,-393.4457008957041,1.1312168544249368,DA46_ZL000005,DA42,1.9738143984702199,1.9738116959555718,0.0,0.1700680272108843,DA42_DA46,1.0,0.041666666666666664,DA42_ZL000005,DA46_ZL000005,0.0,0.0,26.41688443670151,0.0,0.0
ZL000004,DA34,33.852,5.084818256452484,565.7465083839094,0.0,31.79431900644372,2.057680993556275,-59.53,0.0,588.4972433260859,32.95100757543058,DA34_ZL000004,DA33,7.246340338142713,7.246248194004116,0.0,0.1417233560090703,DA33_DA34,0.5140843776294046,0.02142018240122519,DA33_ZL000004,DA34_ZL000004,0.0,0.0,26.41688443670151,0.0,0.0
ZL000004,DA34,33.852,5.084818256452484,565.7465083839094,0.0,31.79431900644372,2.057680993556275,-59.53,0.0,588.4972433260859,32.95100757543058,DA34_ZL000004,DA35,1.33085041622306,1.3308471179073202,0.0,0.1417233560090703,DA35_DA34,1.0,0.041666666666666664,DA35_ZL000004,DA34_ZL000004,0.0,0.0,26.41688443670151,0.0,0.0
ZL000004,DA34,33.852,5.084818256452484,565.7465083839094,0.0,31.79431900644372,2.057680993556275,-59.53,0.0,588.4972433260859,32.95100757543058,DA34_ZL000004,DA36,5.095731469821952,5.09571512291258,0.0,0.1417233560090703,DA36_DA34,0.8081149823420368,0.033671457597584865,DA36_ZL000004,DA34_ZL000004,0.0,0.0,26.41688443670151,0.0,0.0
ZL000004,DA34,33.852,5.084818256452484,565.7465083839094,0.0,31.79431900644372,2.057680993556275,-59.53,0.0,588.4972433260859,32.95100757543058,DA34_ZL000004,DA38,9.389111235869255,9.389111235869255,0.0,0.1417233560090703,DA38_DA34,0.5321016066919075,0.02217090027882948,DA38_ZL000004,DA34_ZL000004,0.0,0.0,26.41688443670151,0.0,0.0
ZL000004,DA34,33.852,5.084818256452484,565.7465083839094,0.0,31.79431900644372,2.057680993556275,-59.53,0.0,588.4972433260859,32.95100757543058,DA34_ZL000004,DA39,21.19004504941582,21.19004504941582,0.0,0.1417233560090703,DA39_DA34,0.7900523334733707,0.03291884722805711,DA39_ZL000004,DA34_ZL000004,0.0,0.0,26.41688443670151,0.0,0.0
ZL000004,DA34,33.852,5.084818256452484,565.7465083839094,0.0,31.79431900644372,2.057680993556275,-59.53,0.0,588.4972433260859,32.95100757543058,DA34_ZL000004,DA40,55.970813072706825,55.970757073891676,0.0,0.1417233560090703,DA40_DA34,0.9084855858442228,0.037853566076842614,DA40_ZL000004,DA34_ZL000004,0.0,0.0,26.41688443670151,0.0,0.0
ZL000004,DA34,33.852,5.084818256452484,565.7465083839094,0.0,31.79431900644372,2.057680993556275,-59.53,0.0,588.4972433260859,32.95100757543058,DA34_ZL000004,DA42,8.524637143883675,8.524637143883675,0.0,0.1417233560090703,DA42_DA34,0.8194037091391021,0.03414182121412925,DA42_ZL000004,DA34_ZL000004,0.0,0.0,26.41688443670151,0.0,0.0
ZL000004,DA34,33.852,5.084818256452484,565.7465083839094,0.0,31.79431900644372,2.057680993556275,-59.53,0.0,588.4972433260859,32.95100757543058,DA34_ZL000004,DA44,3.6486036330353664,3.648603212551807,0.0,0.1417233560090703,DA44_DA34,0.7900523334733707,0.03291884722805711,DA44_ZL000004,DA34_ZL000004,0.0,0.0,26.41688443670151,0.0,0.0
ZL000004,DA34,33.852,5.084818256452484,565.7465083839094,0.0,31.79431900644372,2.057680993556275,-59.53,0.0,588.4972433260859,32.95100757543058,DA34_ZL000004,DA46,6.53850284633169,6.538497546312901,0.0,0.1417233560090703,DA46_DA34,1.0,0.041666666666666664,DA46_ZL000004,DA34_ZL000004,0.0,0.0,26.41688443670151,0.0,0.0
ZL000004,DA37,13.356,2.211004166434498,504.06941799382076,0.0,11.43680539800134,1.9191946019986599,-13.2,0.0,588.4972433260859,13.303551119261282,DA37_ZL000004,DA33,7.246340338142713,7.246248194004116,0.0,0.1417233560090703,DA33_DA37,0.868735695119561,0.036197320629981704,DA33_ZL000004,DA37_ZL000004,0.0,0.0,26.41688443670151,0.0,0.0
ZL000004,DA37,13.356,2.211004166434498,504.06941799382076,0.0,11.43680539800134,1.9191946019986599,-13.2,0.0,588.4972433260859,13.303551119261282,DA37_ZL000004,DA35,1.33085041622306,1.3308471179073202,0.0,0.1417233560090703,DA35_DA37,1.0,0.041666666666666664,DA35_ZL000004,DA37_ZL000004,0.0,0.0,26.41688443670151,0.0,0.0
ZL000004,DA37,13.356,2.211004166434498,504.06941799382076,0.0,11.43680539800134,1.9191946019986599,-13.2,0.0,588.4972433260859,13.303551119261282,DA37_ZL000004,DA36,5.095731469821952,5.09571512291258,0.0,0.1417233560090703,DA36_DA37,1.162766299832193,0.048448595826341374,DA36_ZL000004,DA37_ZL000004,0.0,0.0,26.41688443670151,0.0,0.0
ZL000004,DA37,13.356,2.211004166434498,504.06941799382076,0.0,11.43680539800134,1.9191946019986599,-13.2,0.0,588.4972433260859,13.303551119261282,DA37_ZL000004,DA38,9.389111235869255,9.389111235869255,0.0,0.1417233560090703,DA38_DA37,0.8867529241820639,0.036948038507586,DA38_ZL000004,DA37_ZL000004,0.0,0.0,26.41688443670151,0.0,0.0
ZL000004,DA37,13.356,2.211004166434498,504.06941799382076,0.0,11.43680539800134,1.9191946019986599,-13.2,0.0,588.4972433260859,13.303551119261282,DA37_ZL000004,DA39,21.19004504941582,21.19004504941582,0.0,0.1417233560090703,DA39_DA37,1.144703650963527,0.04769598545681363,DA39_ZL000004,DA37_ZL000004,0.0,0.0,26.41688443670151,0.0,0.0
ZL000004,DA37,13.356,2.211004166434498,504.06941799382076,0.0,11.43680539800134,1.9191946019986599,-13.2,0.0,588.4972433260859,13.303551119261282,DA37_ZL000004,DA40,55.970813072706825,55.970757073891676,0.0,0.1417233560090703,DA40_DA37,1.263136903334379,0.05263070430559912,DA40_ZL000004,DA37_ZL000004,0.0,0.0,26.41688443670151,0.0,0.0
ZL000004,DA37,13.356,2.211004166434498,504.06941799382076,0.0,11.43680539800134,1.9191946019986599,-13.2,0.0,588.4972433260859,13.303551119261282,DA37_ZL000004,DA42,8.524637143883675,8.524637143883675,0.0,0.1417233560090703,DA42_DA37,1.174055026629258,0.04891895944288575,DA42_ZL000004,DA37_ZL000004,0.0,0.0,26.41688443670151,0.0,0.0
ZL000004,DA37,13.356,2.211004166434498,504.06941799382076,0.0,11.43680539800134,1.9191946019986599,-13.2,0.0,588.4972433260859,13.303551119261282,DA37_ZL000004,DA44,3.6486036330353664,3.648603212551807,0.0,0.1417233560090703,DA44_DA37,1.144703650963527,0.04769598545681363,DA44_ZL000004,DA37_ZL000004,0.0,0.0,26.41688443670151,0.0,0.0
ZL000004,DA37,13.356,2.211004166434498,504.06941799382076,0.0,11.43680539800134,1.9191946019986599,-13.2,0.0,588.4972433260859,13.303551119261282,DA37_ZL000004,DA46,6.53850284633169,6.538497546312901,0.0,0.1417233560090703,DA46_DA37,1.0,0.041666666666666664,DA46_ZL000004,DA37_ZL000004,0.0,0.0,26.41688443670151,0.0,0.0
ZL000004,DA45,1.092,0.4982429558406961,119.17018338120704,0.0,3.4551191044488254,-2.3631191044488253,-574.29,0.0,588.4972433260859,5.793505531286438,DA45_ZL000004,DA33,7.246340338142713,7.246248194004116,0.0,0.1417233560090703,DA33_DA45,1.0,0.041666666666666664,DA33_ZL000004,DA45_ZL000004,0.0,0.0,26.41688443670151,0.0,0.0
ZL000004,DA45,1.092,0.4982429558406961,119.17018338120704,0.0,3.4551191044488254,-2.3631191044488253,-574.29,0.0,588.4972433260859,5.793505531286438,DA45_ZL000004,DA35,1.33085041622306,1.3308471179073202,0.0,0.1417233560090703,DA35_DA45,1.230499979832588,0.0512708324930245,DA35_ZL000004,DA45_ZL000004,0.0,0.0,26.41688443670151,0.0,0.0
ZL000004,DA45,1.092,0.4982429558406961,119.17018338120704,0.0,3.4551191044488254,-2.3631191044488253,-574.29,0.0,588.4972433260859,5.793505531286438,DA45_ZL000004,DA36,5.095731469821952,5.09571512291258,0.0,0.1417233560090703,DA36_DA45,1.122125669682195,0.046755236236758126,DA36_ZL000004,DA45_ZL000004,0.0,0.0,26.41688443670151,0.0,0.0
ZL000004,DA45,1.092,0.4982429558406961,119.17018338120704,0.0,3.4551191044488254,-2.3631191044488253,-574.29,0.0,588.4972433260859,5.793505531286438,DA45_ZL000004,DA38,9.389111235869255,9.389111235869255,0.0,0.1417233560090703,DA38_DA45,1.0,0.041666666666666664,DA38_ZL000004,DA45_ZL000004,0.0,0.0,26.41688443670151,0.0,0.0
ZL000004,DA45,1.092,0.4982429558406961,119.17018338120704,0.0,3.4551191044488254,-2.3631191044488253,-574.29,0.0,588.4972433260859,5.793505531286438,DA45_ZL000004,DA39,21.19004504941582,21.19004504941582,0.0,0.1417233560090703,DA39_DA45,1.0,0.041666666666666664,DA39_ZL000004,DA45_ZL000004,0.0,0.0,26.41688443670151,0.0,0.0
ZL000004,DA45,1.092,0.4982429558406961,119.17018338120704,0.0,3.4551191044488254,-2.3631191044488253,-574.29,0.0,588.4972433260859,5.793505531286438,DA45_ZL000004,DA40,55.970813072706825,55.970757073891676,0.0,0.1417233560090703,DA40_DA45,1.0,0.041666666666666664,DA40_ZL000004,DA45_ZL000004,0.0,0.0,26.41688443670151,0.0,0.0
ZL000004,DA45,1.092,0.4982429558406961,119.17018338120704,0.0,3.4551191044488254,-2.3631191044488253,-574.29,0.0,588.4972433260859,5.793505531286438,DA45_ZL000004,DA42,8.524637143883675,8.524637143883675,0.0,0.1417233560090703,DA42_DA45,1.0,0.041666666666666664,DA42_ZL000004,DA45_ZL000004,0.0,0.0,26.41688443670151,0.0,0.0
ZL000004,DA45,1.092,0.4982429558406961,119.17018338120704,0.0,3.4551191044488254,-2.3631191044488253,-574.29,0.0,588.4972433260859,5.793505531286438,DA45_ZL000004,DA44,3.6486036330353664,3.648603212551807,0.0,0.1417233560090703,DA44_DA45,1.0,0.041666666666666664,DA44_ZL000004,DA45_ZL000004,0.0,0.0,26.41688443670151,0.0,0.0
ZL000004,DA45,1.092,0.4982429558406961,119.17018338120704,0.0,3.4551191044488254,-2.3631191044488253,-574.29,0.0,588.4972433260859,5.793505531286438,DA45_ZL000004,DA46,6.53850284633169,6.538497546312901,0.0,0.1417233560090703,DA46_DA45,1.230499979832588,0.0512708324930245,DA46_ZL000004,DA45_ZL000004,0.0,0.0,26.41688443670151,0.0,0.0
ZL000003,DA33,8.316,3.468266661614913,139.77395083363803,0.0,14.683459291280004,-6.367459291280003,-283.59,0.0,-279.63921374238026,9.83565742567373,DA33_ZL000003,DA39,0.22452508474089056,0.22452508474089056,0.0,0.3174603174603174,DA39_DA33,0.8393843194538297,0.034974346643909575,DA39_ZL000003,DA33_ZL000003,0.0,0.0,26.41688443670151,0.0,0.0
ZL000003,DA33,8.316,3.468266661614913,139.77395083363803,0.0,14.683459291280004,-6.367459291280003,-283.59,0.0,-279.63921374238026,9.83565742567373,DA33_ZL000003,DA40,5.412059589609415,5.411836556075766,0.0,0.3174603174603174,DA40_DA33,0.9578175718246816,0.039909065492695066,DA40_ZL000003,DA33_ZL000003,0.0,0.0,26.41688443670151,0.0,0.0
ZL000003,DA33,8.316,3.468266661614913,139.77395083363803,0.0,14.683459291280004,-6.367459291280003,-283.59,0.0,-279.63921374238026,9.83565742567373,DA33_ZL000003,DA46,1.5340998701765332,1.5340998701765332,0.0,0.3174603174603174,DA46_DA33,1.0,0.041666666666666664,DA46_ZL000003,DA33_ZL000003,0.0,0.0,26.41688443670151,0.0,0.0
ZL000003,DA34,16.968,9.231203111077205,83.81136018596361,0.0,43.221034339795494,-26.253034339795494,-384.39,0.0,-279.63921374238026,35.48382163866967,DA34_ZL000003,DA39,0.22452508474089056,0.22452508474089056,0.0,0.3174603174603174,DA39_DA34,0.7900523334733707,0.03291884722805711,DA39_ZL000003,DA34_ZL000003,0.0,0.0,26.41688443670151,0.0,0.0
ZL000003,DA34,16.968,9.231203111077205,83.81136018596361,0.0,43.221034339795494,-26.253034339795494,-384.39,0.0,-279.63921374238026,35.48382163866967,DA34_ZL000003,DA40,5.412059589609415,5.411836556075766,0.0,0.3174603174603174,DA40_DA34,0.9084855858442228,0.037853566076842614,DA40_ZL000003,DA34_ZL000003,0.0,0.0,26.41688443670151,0.0,0.0
ZL000003,DA34,16.968,9.231203111077205,83.81136018596361,0.0,43.221034339795494,-26.253034339795494,-384.39,0.0,-279.63921374238026,35.48382163866967,DA34_ZL000003,DA46,1.5340998701765332,1.5340998701765332,0.0,0.3174603174603174,DA46_DA34,1.0,0.041666666666666664,DA46_ZL000003,DA34_ZL000003,0.0,0.0,26.41688443670151,0.0,0.0
ZL000003,DA35,2.352,0.986978584288222,138.30304298813013,0.0,3.847610166140964,-1.4956101661409642,-251.53,0.0,-279.63921374238026,2.482547233060165,DA35_ZL000003,DA39,0.22452508474089056,0.22452508474089056,0.0,0.3174603174603174,DA39_DA35,1.0,0.041666666666666664,DA39_ZL000003,DA35_ZL000003,0.0,0.0,26.41688443670151,0.0,0.0
ZL000003,DA35,2.352,0.986978584288222,138.30304298813013,0.0,3.847610166140964,-1.4956101661409642,-251.53,0.0,-279.63921374238026,2.482547233060165,DA35_ZL000003,DA40,5.412059589609415,5.411836556075766,0.0,0.3174603174603174,DA40_DA35,1.0,0.041666666666666664,DA40_ZL000003,DA35_ZL000003,0.0,0.0,26.41688443670151,0.0,0.0
ZL000003,DA35,2.352,0.986978584288222,138.30304298813013,0.0,3.847610166140964,-1.4956101661409642,-251.53,0.0,-279.63921374238026,2.482547233060165,DA35_ZL000003,DA46,1.5340998701765332,1.5340998701765332,0.0,0.3174603174603174,DA46_DA35,1.264366951754586,0.052681956323107744,DA46_ZL000003,DA35_ZL000003,0.0,0.0,26.41688443670151,0.0,0.0
ZL000003,DA36,10.668,2.344740161122064,354.9757869500934,0.0,12.548919375788376,-1.8809193757883769,-180.22,0.0,-279.63921374238026,4.225690718374183,DA36_ZL000003,DA39,0.22452508474089056,0.22452508474089056,0.0,0.3174603174603174,DA39_DA36,1.133414924166462,0.047225621840269245,DA39_ZL000003,DA36_ZL000003,0.0,0.0,26.41688443670151,0.0,0.0
ZL000003,DA36,10.668,2.344740161122064,354.9757869500934,0.0,12.548919375788376,-1.8809193757883769,-180.22,0.0,-279.63921374238026,4.225690718374183,DA36_ZL000003,DA40,5.412059589609415,5.411836556075766,0.0,0.3174603174603174,DA40_DA36,1.251848176537314,0.05216034068905475,DA40_ZL000003,DA36_ZL000003,0.0,0.0,26.41688443670151,0.0,0.0
ZL000003,DA36,10.668,2.344740161122064,354.9757869500934,0.0,12.548919375788376,-1.8809193757883769,-180.22,0.0,-279.63921374238026,4.225690718374183,DA36_ZL000003,DA46,1.5340998701765332,1.5340998701765332,0.0,0.3174603174603174,DA46_DA36,1.155992641604193,0.04816636006684138,DA46_ZL000003,DA36_ZL000003,0.0,0.0,26.41688443670151,0.0,0.0
ZL000003,DA37,5.964,4.741841338904723,25.773925649262093,0.0,20.43448084703134,-14.470480847031341,-405.17,0.0,-279.63921374238026,19.21251855284027,DA37_ZL000003,DA39,0.22452508474089056,0.22452508474089056,0.0,0.3174603174603174,DA39_DA37,1.144703650963527,0.04769598545681363,DA39_ZL000003,DA37_ZL000003,0.0,0.0,26.41688443670151,0.0,0.0
ZL000003,DA37,5.964,4.741841338904723,25.773925649262093,0.0,20.43448084703134,-14.470480847031341,-405.17,0.0,-279.63921374238026,19.21251855284027,DA37_ZL000003,DA40,5.412059589609415,5.411836556075766,0.0,0.3174603174603174,DA40_DA37,1.263136903334379,0.05263070430559912,DA40_ZL000003,DA37_ZL000003,0.0,0.0,26.41688443670151,0.0,0.0
ZL000003,DA37,5.964,4.741841338904723,25.773925649262093,0.0,20.43448084703134,-14.470480847031341,-405.17,0.0,-279.63921374238026,19.21251855284027,DA37_ZL000003,DA46,1.5340998701765332,1.5340998701765332,0.0,0.3174603174603174,DA46_DA37,1.0,0.041666666666666664,DA46_ZL000003,DA37_ZL000003,0.0,0.0,26.41688443670151,0.0,0.0
ZL000003,DA38,17.43,7.877118458469536,121.27380833354277,0.0,41.072898628663786,-23.642898628663787,-400.15,0.0,-279.63921374238026,31.52028951156585,DA38_ZL000003,DA39,0.22452508474089056,0.22452508474089056,0.0,0.3174603174603174,DA39_DA38,0.8574015485163325,0.035725064521513854,DA39_ZL000003,DA38_ZL000003,0.0,0.0,26.41688443670151,0.0,0.0
ZL000003,DA38,17.43,7.877118458469536,121.27380833354277,0.0,41.072898628663786,-23.642898628663787,-400.15,0.0,-279.63921374238026,31.52028951156585,DA38_ZL000003,DA40,5.412059589609415,5.411836556075766,0.0,0.3174603174603174,DA40_DA38,0.9758348008871847,0.04065978337029936,DA40_ZL000003,DA38_ZL000003,0.0,0.0,26.41688443670151,0.0,0.0
ZL000003,DA38,17.43,7.877118458469536,121.27380833354277,0.0,41.072898628663786,-23.642898628663787,-400.15,0.0,-279.63921374238026,31.52028951156585,DA38_ZL000003,DA46,1.5340998701765332,1.5340998701765332,0.0,0.3174603174603174,DA46_DA38,1.0,0.041666666666666664,DA46_ZL000003,DA38_ZL000003,0.0,0.0,26.41688443670151,0.0,0.0
ZL000003,DA42,2.478,2.455462889234556,0.9178355276413765,0.0,10.047292978014747,-7.569292978014747,-408.26,0.0,-279.63921374238026,10.024672791589,DA42_ZL000003,DA39,0.22452508474089056,0.22452508474089056,0.0,0.3174603174603174,DA39_DA42,1.144703650963527,0.04769598545681363,DA39_ZL000003,DA42_ZL000003,0.0,0.0,26.41688443670151,0.0,0.0
ZL000003,DA42,2.478,2.455462889234556,0.9178355276413765,0.0,10.047292978014747,-7.569292978014747,-408.26,0.0,-279.63921374238026,10.024672791589,DA42_ZL000003,DA40,5.412059589609415,5.411836556075766,0.0,0.3174603174603174,DA40_DA42,1.263136903334379,0.05263070430559912,DA40_ZL000003,DA42_ZL000003,0.0,0.0,26.41688443670151,0.0,0.0
ZL000003,DA42,2.478,2.455462889234556,0.9178355276413765,0.0,10.047292978014747,-7.569292978014747,-408.26,0.0,-279.63921374238026,10.024672791589,DA42_ZL000003,DA46,1.5340998701765332,1.5340998701765332,0.0,0.3174603174603174,DA46_DA42,1.0,0.041666666666666664,DA46_ZL000003,DA42_ZL000003,0.0,0.0,26.41688443670151,0.0,0.0
ZL000003,DA44,5.208000000000001,1.065213696911207,388.915981375531,0.0,6.240470198794001,-1.032470198794,-196.93,0.0,-279.63921374238026,2.0977253333272396,DA44_ZL000003,DA39,0.22452508474089056,0.22452508474089056,0.0,0.3174603174603174,DA39_DA44,1.115352275297796,0.0464730114707415,DA39_ZL000003,DA44_ZL000003,0.0,0.0,26.41688443670151,0.0,0.0
ZL000003,DA44,5.208000000000001,1.065213696911207,388.915981375531,0.0,6.240470198794001,-1.032470198794,-196.93,0.0,-279.63921374238026,2.0977253333272396,DA44_ZL000003,DA40,5.412059589609415,5.411836556075766,0.0,0.3174603174603174,DA40_DA44,1.233785527668648,0.051407730319527,DA40_ZL000003,DA44_ZL000003,0.0,0.0,26.41688443670151,0.0,0.0
ZL000003,DA44,5.208000000000001,1.065213696911207,388.915981375531,0.0,6.240470198794001,-1.032470198794,-196.93,0.0,-279.63921374238026,2.0977253333272396,DA44_ZL000003,DA46,1.5340998701765332,1.5340998701765332,0.0,0.3174603174603174,DA46_DA44,1.0,0.041666666666666664,DA46_ZL000003,DA44_ZL000003,0.0,0.0,26.41688443670151,0.0,0.0
ZL000003,DA45,3.696000000000001,2.180784354258934,69.4803061468204,0.0,10.876636512059262,-7.180636512059261,-429.27,0.0,-279.63921374238026,9.361452997527325,DA45_ZL000003,DA39,0.22452508474089056,0.22452508474089056,0.0,0.3174603174603174,DA39_DA45,1.0,0.041666666666666664,DA39_ZL000003,DA45_ZL000003,0.0,0.0,26.41688443670151,0.0,0.0
ZL000003,DA45,3.696000000000001,2.180784354258934,69.4803061468204,0.0,10.876636512059262,-7.180636512059261,-429.27,0.0,-279.63921374238026,9.361452997527325,DA45_ZL000003,DA40,5.412059589609415,5.411836556075766,0.0,0.3174603174603174,DA40_DA45,1.0,0.041666666666666664,DA40_ZL000003,DA45_ZL000003,0.0,0.0,26.41688443670151,0.0,0.0
ZL000003,DA45,3.696000000000001,2.180784354258934,69.4803061468204,0.0,10.876636512059262,-7.180636512059261,-429.27,0.0,-279.63921374238026,9.361452997527325,DA45_ZL000003,DA46,1.5340998701765332,1.5340998701765332,0.0,0.3174603174603174,DA46_DA45,1.230499979832588,0.0512708324930245,DA46_ZL000003,DA45_ZL000003,0.0,0.0,26.41688443670151,0.0,0.0
ZJ000050,DA37,0.0792,0.006080277334923386,1202.5721630343685,0.0,0.10206659776673618,-0.022866597766736177,-476.08,0.0,2917.906688577283,0.2063638033758813,DA37_ZJ000050,DA33,1.308691999683323,1.308691999683323,0.0,0.087682379349046,DA33_DA37,0.868735695119561,0.036197320629981704,DA33_ZJ000050,DA37_ZJ000050,0.0,0.0,26.41688443670151,0.0,0.0
ZJ000050,DA37,0.0792,0.006080277334923386,1202.5721630343685,0.0,0.10206659776673618,-0.022866597766736177,-476.08,0.0,2917.906688577283,0.2063638033758813,DA37_ZJ000050,DA34,1.3651544833537552,1.3651544833537552,0.0,0.087682379349046,DA34_DA37,0.8194037091391021,0.03414182121412925,DA34_ZJ000050,DA37_ZJ000050,0.0,0.0,26.41688443670151,0.0,0.0
ZJ000050,DA37,0.0792,0.006080277334923386,1202.5721630343685,0.0,0.10206659776673618,-0.022866597766736177,-476.08,0.0,2917.906688577283,0.2063638033758813,DA37_ZJ000050,DA38,1.3290863203265875,1.3290863203265875,0.0,0.087682379349046,DA38_DA37,0.8867529241820639,0.036948038507586,DA38_ZJ000050,DA37_ZJ000050,0.0,0.0,26.41688443670151,0.0,0.0
ZJ000050,DA37,0.0792,0.006080277334923386,1202.5721630343685,0.0,0.10206659776673618,-0.022866597766736177,-476.08,0.0,2917.906688577283,0.2063638033758813,DA37_ZJ000050,DA40,0.22746359077316894,0.22746359077316894,0.0,0.087682379349046,DA40_DA37,1.263136903334379,0.05263070430559912,DA40_ZJ000050,DA37_ZJ000050,0.0,0.0,26.41688443670151,0.0,0.0
ZJ000050,DA39,0.0,0.0050546191968317,-100.0,0.0,0.0,0.0,-100.0,0.0,2917.906688577283,0.15254369082329522,DA39_ZJ000050,DA33,1.308691999683323,1.308691999683323,0.0,0.087682379349046,DA33_DA39,0.8393843194538297,0.034974346643909575,DA33_ZJ000050,DA39_ZJ000050,0.0,0.0,26.41688443670151,0.0,0.0
ZJ000050,DA39,0.0,0.0050546191968317,-100.0,0.0,0.0,0.0,-100.0,0.0,2917.906688577283,0.15254369082329522,DA39_ZJ000050,DA34,1.3651544833537552,1.3651544833537552,0.0,0.087682379349046,DA34_DA39,0.7900523334733707,0.03291884722805711,DA34_ZJ000050,DA39_ZJ000050,0.0,0.0,26.41688443670151,0.0,0.0
ZJ000050,DA39,0.0,0.0050546191968317,-100.0,0.0,0.0,0.0,-100.0,0.0,2917.906688577283,0.15254369082329522,DA39_ZJ000050,DA38,1.3290863203265875,1.3290863203265875,0.0,0.087682379349046,DA38_DA39,0.8574015485163325,0.035725064521513854,DA38_ZJ000050,DA39_ZJ000050,0.0,0.0,26.41688443670151,0.0,0.0
ZJ000050,DA39,0.0,0.0050546191968317,-100.0,0.0,0.0,0.0,-100.0,0.0,2917.906688577283,0.15254369082329522,DA39_ZJ000050,DA40,0.22746359077316894,0.22746359077316894,0.0,0.087682379349046,DA40_DA39,1.233785527668648,0.051407730319527,DA40_ZJ000050,DA39_ZJ000050,0.0,0.0,26.41688443670151,0.0,0.0
ZJ000050,DA42,0.0,0.0050546191968317,-100.0,0.0,0.0,0.0,-100.0,0.0,2917.906688577283,0.15254369082329522,DA42_ZJ000050,DA33,1.308691999683323,1.308691999683323,0.0,0.087682379349046,DA33_DA42,0.868735695119561,0.036197320629981704,DA33_ZJ000050,DA42_ZJ000050,0.0,0.0,26.41688443670151,0.0,0.0
ZJ000050,DA42,0.0,0.0050546191968317,-100.0,0.0,0.0,0.0,-100.0,0.0,2917.906688577283,0.15254369082329522,DA42_ZJ000050,DA34,1.3651544833537552,1.3651544833537552,0.0,0.087682379349046,DA34_DA42,0.8194037091391021,0.03414182121412925,DA34_ZJ000050,DA42_ZJ000050,0.0,0.0,26.41688443670151,0.0,0.0
ZJ000050,DA42,0.0,0.0050546191968317,-100.0,0.0,0.0,0.0,-100.0,0.0,2917.906688577283,0.15254369082329522,DA42_ZJ000050,DA38,1.3290863203265875,1.3290863203265875,0.0,0.087682379349046,DA38_DA42,0.8867529241820639,0.036948038507586,DA38_ZJ000050,DA42_ZJ000050,0.0,0.0,26.41688443670151,0.0,0.0
ZJ000050,DA42,0.0,0.0050546191968317,-100.0,0.0,0.0,0.0,-100.0,0.0,2917.906688577283,0.15254369082329522,DA42_ZJ000050,DA40,0.22746359077316894,0.22746359077316894,0.0,0.087682379349046,DA40_DA42,1.263136903334379,0.05263070430559912,DA40_ZJ000050,DA42_ZJ000050,0.0,0.0,26.41688443670151,0.0,0.0
ZJ000050,DA45,0.0,0.0050546191968317,-100.0,0.0,0.0,0.0,-100.0,0.0,2917.906688577283,0.15254369082329522,DA45_ZJ000050,DA33,1.308691999683323,1.308691999683323,0.0,0.087682379349046,DA33_DA45,1.0,0.041666666666666664,DA33_ZJ000050,DA45_ZJ000050,0.0,0.0,26.41688443670151,0.0,0.0
ZJ000050,DA45,0.0,0.0050546191968317,-100.0,0.0,0.0,0.0,-100.0,0.0,2917.906688577283,0.15254369082329522,DA45_ZJ000050,DA34,1.3651544833537552,1.3651544833537552,0.0,0.087682379349046,DA34_DA45,1.0,0.041666666666666664,DA34_ZJ000050,DA45_ZJ000050,0.0,0.0,26.41688443670151,0.0,0.0
ZJ000050,DA45,0.0,0.0050546191968317,-100.0,0.0,0.0,0.0,-100.0,0.0,2917.906688577283,0.15254369082329522,DA45_ZJ000050,DA38,1.3290863203265875,1.3290863203265875,0.0,0.087682379349046,DA38_DA45,1.0,0.041666666666666664,DA38_ZJ000050,DA45_ZJ000050,0.0,0.0,26.41688443670151,0.0,0.0
ZJ000050,DA45,0.0,0.0050546191968317,-100.0,0.0,0.0,0.0,-100.0,0.0,2917.906688577283,0.15254369082329522,DA45_ZJ000050,DA40,0.22746359077316894,0.22746359077316894,0.0,0.087682379349046,DA40_DA45,1.0,0.041666666666666664,DA40_ZJ000050,DA45_ZJ000050,0.0,0.0,26.41688443670151,0.0,0.0
ZJ000050,DA35,0.0,0.0050546191968317,-100.0,0.0,0.0,0.0,-100.0,0.0,2917.906688577283,0.15254369082329522,DA35_ZJ000050,DA33,1.308691999683323,1.308691999683323,0.0,0.087682379349046,DA33_DA35,1.0,0.041666666666666664,DA33_ZJ000050,DA35_ZJ000050,0.0,0.0,26.41688443670151,0.0,0.0
ZJ000050,DA35,0.0,0.0050546191968317,-100.0,0.0,0.0,0.0,-100.0,0.0,2917.906688577283,0.15254369082329522,DA35_ZJ000050,DA34,1.3651544833537552,1.3651544833537552,0.0,0.087682379349046,DA34_DA35,1.0,0.041666666666666664,DA34_ZJ000050,DA35_ZJ000050,0.0,0.0,26.41688443670151,0.0,0.0
ZJ000050,DA35,0.0,0.0050546191968317,-100.0,0.0,0.0,0.0,-100.0,0.0,2917.906688577283,0.15254369082329522,DA35_ZJ000050,DA38,1.3290863203265875,1.3290863203265875,0.0,0.087682379349046,DA38_DA35,1.0,0.041666666666666664,DA38_ZJ000050,DA35_ZJ000050,0.0,0.0,26.41688443670151,0.0,0.0
ZJ000050,DA35,0.0,0.0050546191968317,-100.0,0.0,0.0,0.0,-100.0,0.0,2917.906688577283,0.15254369082329522,DA35_ZJ000050,DA40,0.22746359077316894,0.22746359077316894,0.0,0.087682379349046,DA40_DA35,1.0,0.041666666666666664,DA40_ZJ000050,DA35_ZJ000050,0.0,0.0,26.41688443670151,0.0,0.0
ZJ000050,DA46,0.0,0.0050546191968317,-100.0,0.0,0.0,0.0,-100.0,0.0,2917.906688577283,0.15254369082329522,DA46_ZJ000050,DA33,1.308691999683323,1.308691999683323,0.0,0.087682379349046,DA33_DA46,1.0,0.041666666666666664,DA33_ZJ000050,DA46_ZJ000050,0.0,0.0,26.41688443670151,0.0,0.0
ZJ000050,DA46,0.0,0.0050546191968317,-100.0,0.0,0.0,0.0,-100.0,0.0,2917.906688577283,0.15254369082329522,DA46_ZJ000050,DA34,1.3651544833537552,1.3651544833537552,0.0,0.087682379349046,DA34_DA46,1.0,0.041666666666666664,DA34_ZJ000050,DA46_ZJ000050,0.0,0.0,26.41688443670151,0.0,0.0
ZJ000050,DA46,0.0,0.0050546191968317,-100.0,0.0,0.0,0.0,-100.0,0.0,2917.906688577283,0.15254369082329522,DA46_ZJ000050,DA38,1.3290863203265875,1.3290863203265875,0.0,0.087682379349046,DA38_DA46,1.0,0.041666666666666664,DA38_ZJ000050,DA46_ZJ000050,0.0,0.0,26.41688443670151,0.0,0.0
ZJ000050,DA46,0.0,0.0050546191968317,-100.0,0.0,0.0,0.0,-100.0,0.0,2917.906688577283,0.15254369082329522,DA46_ZJ000050,DA40,0.22746359077316894,0.22746359077316894,0.0,0.087682379349046,DA40_DA46,1.0,0.041666666666666664,DA40_ZJ000050,DA46_ZJ000050,0.0,0.0,26.41688443670151,0.0,0.0
ZJ000050,DA36,0.0,0.0050546191968317,-100.0,0.0,0.0,0.0,-100.0,0.0,2917.906688577283,0.15254369082329522,DA36_ZJ000050,DA33,1.308691999683323,1.308691999683323,0.0,0.087682379349046,DA33_DA36,0.8574469683224957,0.03572695701343732,DA33_ZJ000050,DA36_ZJ000050,0.0,0.0,26.41688443670151,0.0,0.0
ZJ000050,DA36,0.0,0.0050546191968317,-100.0,0.0,0.0,0.0,-100.0,0.0,2917.906688577283,0.15254369082329522,DA36_ZJ000050,DA34,1.3651544833537552,1.3651544833537552,0.0,0.087682379349046,DA34_DA36,0.8081149823420368,0.033671457597584865,DA34_ZJ000050,DA36_ZJ000050,0.0,0.0,26.41688443670151,0.0,0.0
ZJ000050,DA36,0.0,0.0050546191968317,-100.0,0.0,0.0,0.0,-100.0,0.0,2917.906688577283,0.15254369082329522,DA36_ZJ000050,DA38,1.3290863203265875,1.3290863203265875,0.0,0.087682379349046,DA38_DA36,0.8754641973849986,0.03647767489104161,DA38_ZJ000050,DA36_ZJ000050,0.0,0.0,26.41688443670151,0.0,0.0
ZJ000050,DA36,0.0,0.0050546191968317,-100.0,0.0,0.0,0.0,-100.0,0.0,2917.906688577283,0.15254369082329522,DA36_ZJ000050,DA40,0.22746359077316894,0.22746359077316894,0.0,0.087682379349046,DA40_DA36,1.251848176537314,0.05216034068905475,DA40_ZJ000050,DA36_ZJ000050,0.0,0.0,26.41688443670151,0.0,0.0
ZJ000050,DA44,0.0,0.0050546191968317,-100.0,0.0,0.0,0.0,-100.0,0.0,2917.906688577283,0.15254369082329522,DA44_ZJ000050,DA33,1.308691999683323,1.308691999683323,0.0,0.087682379349046,DA33_DA44,0.8393843194538297,0.034974346643909575,DA33_ZJ000050,DA44_ZJ000050,0.0,0.0,26.41688443670151,0.0,0.0
ZJ000050,DA44,0.0,0.0050546191968317,-100.0,0.0,0.0,0.0,-100.0,0.0,2917.906688577283,0.15254369082329522,DA44_ZJ000050,DA34,1.3651544833537552,1.3651544833537552,0.0,0.087682379349046,DA34_DA44,0.7900523334733707,0.03291884722805711,DA34_ZJ000050,DA44_ZJ000050,0.0,0.0,26.41688443670151,0.0,0.0
ZJ000050,DA44,0.0,0.0050546191968317,-100.0,0.0,0.0,0.0,-100.0,0.0,2917.906688577283,0.15254369082329522,DA44_ZJ000050,DA38,1.3290863203265875,1.3290863203265875,0.0,0.087682379349046,DA38_DA44,0.8574015485163325,0.035725064521513854,DA38_ZJ000050,DA44_ZJ000050,0.0,0.0,26.41688443670151,0.0,0.0
ZJ000050,DA44,0.0,0.0050546191968317,-100.0,0.0,0.0,0.0,-100.0,0.0,2917.906688577283,0.15254369082329522,DA44_ZJ000050,DA40,0.22746359077316894,0.22746359077316894,0.0,0.087682379349046,DA40_DA44,1.233785527668648,0.051407730319527,DA40_ZJ000050,DA44_ZJ000050,0.0,0.0,26.41688443670151,0.0,0.0
ZJ000049,DA39,0.0,0.0050546191968317,-100.0,0.0,0.0,0.0,-100.0,0.0,2977.66921128718,0.15556445876870056,DA39_ZJ000049,DA33,0.5315594097814728,0.5315585582827813,0.0,0.087682379349046,DA33_DA39,0.8393843194538297,0.034974346643909575,DA33_ZJ000049,DA39_ZJ000049,0.0,0.0,26.41688443670151,0.0,0.0
ZJ000049,DA39,0.0,0.0050546191968317,-100.0,0.0,0.0,0.0,-100.0,0.0,2977.66921128718,0.15556445876870056,DA39_ZJ000049,DA34,0.8123074274978845,0.8123070341229547,0.0,0.087682379349046,DA34_DA39,0.7900523334733707,0.03291884722805711,DA34_ZJ000049,DA39_ZJ000049,0.0,0.0,26.41688443670151,0.0,0.0
ZJ000049,DA39,0.0,0.0050546191968317,-100.0,0.0,0.0,0.0,-100.0,0.0,2977.66921128718,0.15556445876870056,DA39_ZJ000049,DA37,0.1266693528682662,0.1266692343790109,0.0,0.087682379349046,DA37_DA39,1.144703650963527,0.04769598545681363,DA37_ZJ000049,DA39_ZJ000049,0.0,0.0,26.41688443670151,0.0,0.0
ZJ000049,DA39,0.0,0.0050546191968317,-100.0,0.0,0.0,0.0,-100.0,0.0,2977.66921128718,0.15556445876870056,DA39_ZJ000049,DA38,0.4566790249834256,0.4566790249834256,0.0,0.087682379349046,DA38_DA39,0.8574015485163325,0.035725064521513854,DA38_ZJ000049,DA39_ZJ000049,0.0,0.0,26.41688443670151,0.0,0.0
ZJ000049,DA39,0.0,0.0050546191968317,-100.0,0.0,0.0,0.0,-100.0,0.0,2977.66921128718,0.15556445876870056,DA39_ZJ000049,DA40,0.9048660558602816,0.9048660558602816,0.0,0.087682379349046,DA40_DA39,1.233785527668648,0.051407730319527,DA40_ZJ000049,DA39_ZJ000049,0.0,0.0,26.41688443670151,0.0,0.0
ZJ000049,DA42,0.0,0.0050546191968317,-100.0,0.0,0.0,0.0,-100.0,0.0,2977.66921128718,0.15556445876870056,DA42_ZJ000049,DA33,0.5315594097814728,0.5315585582827813,0.0,0.087682379349046,DA33_DA42,0.868735695119561,0.036197320629981704,DA33_ZJ000049,DA42_ZJ000049,0.0,0.0,26.41688443670151,0.0,0.0
ZJ000049,DA42,0.0,0.0050546191968317,-100.0,0.0,0.0,0.0,-100.0,0.0,2977.66921128718,0.15556445876870056,DA42_ZJ000049,DA34,0.8123074274978845,0.8123070341229547,0.0,0.087682379349046,DA34_DA42,0.8194037091391021,0.03414182121412925,DA34_ZJ000049,DA42_ZJ000049,0.0,0.0,26.41688443670151,0.0,0.0
ZJ000049,DA42,0.0,0.0050546191968317,-100.0,0.0,0.0,0.0,-100.0,0.0,2977.66921128718,0.15556445876870056,DA42_ZJ000049,DA37,0.1266693528682662,0.1266692343790109,0.0,0.087682379349046,DA37_DA42,1.174055026629258,0.04891895944288575,DA37_ZJ000049,DA42_ZJ000049,0.0,0.0,26.41688443670151,0.0,0.0
ZJ000049,DA42,0.0,0.0050546191968317,-100.0,0.0,0.0,0.0,-100.0,0.0,2977.66921128718,0.15556445876870056,DA42_ZJ000049,DA38,0.4566790249834256,0.4566790249834256,0.0,0.087682379349046,DA38_DA42,0.8867529241820639,0.036948038507586,DA38_ZJ000049,DA42_ZJ000049,0.0,0.0,26.41688443670151,0.0,0.0
ZJ000049,DA42,0.0,0.0050546191968317,-100.0,0.0,0.0,0.0,-100.0,0.0,2977.66921128718,0.15556445876870056,DA42_ZJ000049,DA40,0.9048660558602816,0.9048660558602816,0.0,0.087682379349046,DA40_DA42,1.263136903334379,0.05263070430559912,DA40_ZJ000049,DA42_ZJ000049,0.0,0.0,26.41688443670151,0.0,0.0
ZJ000049,DA45,0.0,0.0050546191968317,-100.0,0.0,0.0,0.0,-100.0,0.0,2977.66921128718,0.15556445876870056,DA45_ZJ000049,DA33,0.5315594097814728,0.5315585582827813,0.0,0.087682379349046,DA33_DA45,1.0,0.041666666666666664,DA33_ZJ000049,DA45_ZJ000049,0.0,0.0,26.41688443670151,0.0,0.0
ZJ000049,DA45,0.0,0.0050546191968317,-100.0,0.0,0.0,0.0,-100.0,0.0,2977.66921128718,0.15556445876870056,DA45_ZJ000049,DA34,0.8123074274978845,0.8123070341229547,0.0,0.087682379349046,DA34_DA45,1.0,0.041666666666666664,DA34_ZJ000049,DA45_ZJ000049,0.0,0.0,26.41688443670151,0.0,0.0
ZJ000049,DA45,0.0,0.0050546191968317,-100.0,0.0,0.0,0.0,-100.0,0.0,2977.66921128718,0.15556445876870056,DA45_ZJ000049,DA37,0.1266693528682662,0.1266692343790109,0.0,0.087682379349046,DA37_DA45,1.0,0.041666666666666664,DA37_ZJ000049,DA45_ZJ000049,0.0,0.0,26.41688443670151,0.0,0.0
ZJ000049,DA45,0.0,0.0050546191968317,-100.0,0.0,0.0,0.0,-100.0,0.0,2977.66921128718,0.15556445876870056,DA45_ZJ000049,DA38,0.4566790249834256,0.4566790249834256,0.0,0.087682379349046,DA38_DA45,1.0,0.041666666666666664,DA38_ZJ000049,DA45_ZJ000049,0.0,0.0,26.41688443670151,0.0,0.0
ZJ000049,DA45,0.0,0.0050546191968317,-100.0,0.0,0.0,0.0,-100.0,0.0,2977.66921128718,0.15556445876870056,DA45_ZJ000049,DA40,0.9048660558602816,0.9048660558602816,0.0,0.087682379349046,DA40_DA45,1.0,0.041666666666666664,DA40_ZJ000049,DA45_ZJ000049,0.0,0.0,26.41688443670151,0.0,0.0
ZJ000049,DA35,0.0,0.0050546191968317,-100.0,0.0,0.0,0.0,-100.0,0.0,2977.66921128718,0.15556445876870056,DA35_ZJ000049,DA33,0.5315594097814728,0.5315585582827813,0.0,0.087682379349046,DA33_DA35,1.0,0.041666666666666664,DA33_ZJ000049,DA35_ZJ000049,0.0,0.0,26.41688443670151,0.0,0.0
ZJ000049,DA35,0.0,0.0050546191968317,-100.0,0.0,0.0,0.0,-100.0,0.0,2977.66921128718,0.15556445876870056,DA35_ZJ000049,DA34,0.8123074274978845,0.8123070341229547,0.0,0.087682379349046,DA34_DA35,1.0,0.041666666666666664,DA34_ZJ000049,DA35_ZJ000049,0.0,0.0,26.41688443670151,0.0,0.0
ZJ000049,DA35,0.0,0.0050546191968317,-100.0,0.0,0.0,0.0,-100.0,0.0,2977.66921128718,0.15556445876870056,DA35_ZJ000049,DA37,0.1266693528682662,0.1266692343790109,0.0,0.087682379349046,DA37_DA35,1.0,0.041666666666666664,DA37_ZJ000049,DA35_ZJ000049,0.0,0.0,26.41688443670151,0.0,0.0
ZJ000049,DA35,0.0,0.0050546191968317,-100.0,0.0,0.0,0.0,-100.0,0.0,2977.66921128718,0.15556445876870056,DA35_ZJ000049,DA38,0.4566790249834256,0.4566790249834256,0.0,0.087682379349046,DA38_DA35,1.0,0.041666666666666664,DA38_ZJ000049,DA35_ZJ000049,0.0,0.0,26.41688443670151,0.0,0.0
ZJ000049,DA35,0.0,0.0050546191968317,-100.0,0.0,0.0,0.0,-100.0,0.0,2977.66921128718,0.15556445876870056,DA35_ZJ000049,DA40,0.9048660558602816,0.9048660558602816,0.0,0.087682379349046,DA40_DA35,1.0,0.041666666666666664,DA40_ZJ000049,DA35_ZJ000049,0.0,0.0,26.41688443670151,0.0,0.0
ZJ000049,DA46,0.0,0.0050546191968317,-100.0,0.0,0.0,0.0,-100.0,0.0,2977.66921128718,0.15556445876870056,DA46_ZJ000049,DA33,0.5315594097814728,0.5315585582827813,0.0,0.087682379349046,DA33_DA46,1.0,0.041666666666666664,DA33_ZJ000049,DA46_ZJ000049,0.0,0.0,26.41688443670151,0.0,0.0
ZJ000049,DA46,0.0,0.0050546191968317,-100.0,0.0,0.0,0.0,-100.0,0.0,2977.66921128718,0.15556445876870056,DA46_ZJ000049,DA34,0.8123074274978845,0.8123070341229547,0.0,0.087682379349046,DA34_DA46,1.0,0.041666666666666664,DA34_ZJ000049,DA46_ZJ000049,0.0,0.0,26.41688443670151,0.0,0.0
ZJ000049,DA46,0.0,0.0050546191968317,-100.0,0.0,0.0,0.0,-100.0,0.0,2977.66921128718,0.15556445876870056,DA46_ZJ000049,DA37,0.1266693528682662,0.1266692343790109,0.0,0.087682379349046,DA37_DA46,1.0,0.041666666666666664,DA37_ZJ000049,DA46_ZJ000049,0.0,0.0,26.41688443670151,0.0,0.0
ZJ000049,DA46,0.0,0.0050546191968317,-100.0,0.0,0.0,0.0,-100.0,0.0,2977.66921128718,0.15556445876870056,DA46_ZJ000049,DA38,0.4566790249834256,0.4566790249834256,0.0,0.087682379349046,DA38_DA46,1.0,0.041666666666666664,DA38_ZJ000049,DA46_ZJ000049,0.0,0.0,26.41688443670151,0.0,0.0
ZJ000049,DA46,0.0,0.0050546191968317,-100.0,0.0,0.0,0.0,-100.0,0.0,2977.66921128718,0.15556445876870056,DA46_ZJ000049,DA40,0.9048660558602816,0.9048660558602816,0.0,0.087682379349046,DA40_DA46,1.0,0.041666666666666664,DA40_ZJ000049,DA46_ZJ000049,0.0,0.0,26.41688443670151,0.0,0.0
ZJ000049,DA36,0.0,0.0050546191968317,-100.0,0.0,0.0,0.0,-100.0,0.0,2977.66921128718,0.15556445876870056,DA36_ZJ000049,DA33,0.5315594097814728,0.5315585582827813,0.0,0.087682379349046,DA33_DA36,0.8574469683224957,0.03572695701343732,DA33_ZJ000049,DA36_ZJ000049,0.0,0.0,26.41688443670151,0.0,0.0
ZJ000049,DA36,0.0,0.0050546191968317,-100.0,0.0,0.0,0.0,-100.0,0.0,2977.66921128718,0.15556445876870056,DA36_ZJ000049,DA34,0.8123074274978845,0.8123070341229547,0.0,0.087682379349046,DA34_DA36,0.8081149823420368,0.033671457597584865,DA34_ZJ000049,DA36_ZJ000049,0.0,0.0,26.41688443670151,0.0,0.0
ZJ000049,DA36,0.0,0.0050546191968317,-100.0,0.0,0.0,0.0,-100.0,0.0,2977.66921128718,0.15556445876870056,DA36_ZJ000049,DA37,0.1266693528682662,0.1266692343790109,0.0,0.087682379349046,DA37_DA36,1.162766299832193,0.048448595826341374,DA37_ZJ000049,DA36_ZJ000049,0.0,0.0,26.41688443670151,0.0,0.0
ZJ000049,DA36,0.0,0.0050546191968317,-100.0,0.0,0.0,0.0,-100.0,0.0,2977.66921128718,0.15556445876870056,DA36_ZJ000049,DA38,0.4566790249834256,0.4566790249834256,0.0,0.087682379349046,DA38_DA36,0.8754641973849986,0.03647767489104161,DA38_ZJ000049,DA36_ZJ000049,0.0,0.0,26.41688443670151,0.0,0.0
ZJ000049,DA36,0.0,0.0050546191968317,-100.0,0.0,0.0,0.0,-100.0,0.0,2977.66921128718,0.15556445876870056,DA36_ZJ000049,DA40,0.9048660558602816,0.9048660558602816,0.0,0.087682379349046,DA40_DA36,1.251848176537314,0.05216034068905475,DA40_ZJ000049,DA36_ZJ000049,0.0,0.0,26.41688443670151,0.0,0.0
ZJ000049,DA44,0.0,0.0050546191968317,-100.0,0.0,0.0,0.0,-100.0,0.0,2977.66921128718,0.15556445876870056,DA44_ZJ000049,DA33,0.5315594097814728,0.5315585582827813,0.0,0.087682379349046,DA33_DA44,0.8393843194538297,0.034974346643909575,DA33_ZJ000049,DA44_ZJ000049,0.0,0.0,26.41688443670151,0.0,0.0
ZJ000049,DA44,0.0,0.0050546191968317,-100.0,0.0,0.0,0.0,-100.0,0.0,2977.66921128718,0.15556445876870056,DA44_ZJ000049,DA34,0.8123074274978845,0.8123070341229547,0.0,0.087682379349046,DA34_DA44,0.7900523334733707,0.03291884722805711,DA34_ZJ000049,DA44_ZJ000049,0.0,0.0,26.41688443670151,0.0,0.0
ZJ000049,DA44,0.0,0.0050546191968317,-100.0,0.0,0.0,0.0,-100.0,0.0,2977.66921128718,0.15556445876870056,DA44_ZJ000049,DA37,0.1266693528682662,0.1266692343790109,0.0,0.087682379349046,DA37_DA44,1.144703650963527,0.04769598545681363,DA37_ZJ000049,DA44_ZJ000049,0.0,0.0,26.41688443670151,0.0,0.0
ZJ000049,DA44,0.0,0.0050546191968317,-100.0,0.0,0.0,0.0,-100.0,0.0,2977.66921128718,0.15556445876870056,DA44_ZJ000049,DA38,0.4566790249834256,0.4566790249834256,0.0,0.087682379349046,DA38_DA44,0.8574015485163325,0.035725064521513854,DA38_ZJ000049,DA44_ZJ000049,0.0,0.0,26.41688443670151,0.0,0.0
ZJ000049,DA44,0.0,0.0050546191968317,-100.0,0.0,0.0,0.0,-100.0,0.0,2977.66921128718,0.15556445876870056,DA44_ZJ000049,DA40,0.9048660558602816,0.9048660558602816,0.0,0.087682379349046,DA40_DA44,1.233785527668648,0.051407730319527,DA40_ZJ000049,DA44_ZJ000049,0.0,0.0,26.41688443670151,0.0,0.0
ZJ000038,DA33,4.739999999999999,0.5890452144944012,704.6920479726692,0.0,5.657863789922519,-0.9178637899225199,-255.82,0.0,374.9097352098363,3.7152833216467482,DA33_ZJ000038,DA36,6.254392338159081,6.254392338159081,0.0,0.1333333333333333,DA36_DA33,0.8574469683224957,0.03572695701343732,DA36_ZJ000038,DA33_ZJ000038,0.0,0.0,26.41688443670151,0.0,0.0
ZJ000038,DA33,4.739999999999999,0.5890452144944012,704.6920479726692,0.0,5.657863789922519,-0.9178637899225199,-255.82,0.0,374.9097352098363,3.7152833216467482,DA33_ZJ000038,DA37,1.484484293272906,1.4844789363431907,0.0,0.1333333333333333,DA37_DA33,0.868735695119561,0.036197320629981704,DA37_ZJ000038,DA33_ZJ000038,0.0,0.0,26.41688443670151,0.0,0.0
ZJ000038,DA33,4.739999999999999,0.5890452144944012,704.6920479726692,0.0,5.657863789922519,-0.9178637899225199,-255.82,0.0,374.9097352098363,3.7152833216467482,DA33_ZJ000038,DA38,4.315438331859661,4.315418989085252,0.0,0.1333333333333333,DA38_DA33,0.5814335926723664,0.024226399694681933,DA38_ZJ000038,DA33_ZJ000038,0.0,0.0,26.41688443670151,0.0,0.0
ZJ000038,DA33,4.739999999999999,0.5890452144944012,704.6920479726692,0.0,5.657863789922519,-0.9178637899225199,-255.82,0.0,374.9097352098363,3.7152833216467482,DA33_ZJ000038,DA39,4.411138304456811,4.411138304456811,0.0,0.1333333333333333,DA39_DA33,0.8393843194538297,0.034974346643909575,DA39_ZJ000038,DA33_ZJ000038,0.0,0.0,26.41688443670151,0.0,0.0
ZJ000038,DA33,4.739999999999999,0.5890452144944012,704.6920479726692,0.0,5.657863789922519,-0.9178637899225199,-255.82,0.0,374.9097352098363,3.7152833216467482,DA33_ZJ000038,DA40,8.121744332862926,8.121729274593118,0.0,0.1333333333333333,DA40_DA33,0.9578175718246816,0.039909065492695066,DA40_ZJ000038,DA33_ZJ000038,0.0,0.0,26.41688443670151,0.0,0.0
ZJ000038,DA33,4.739999999999999,0.5890452144944012,704.6920479726692,0.0,5.657863789922519,-0.9178637899225199,-255.82,0.0,374.9097352098363,3.7152833216467482,DA33_ZJ000038,DA42,1.9190086729050349,1.919004147231981,0.0,0.1333333333333333,DA42_DA33,0.868735695119561,0.036197320629981704,DA42_ZJ000038,DA33_ZJ000038,0.0,0.0,26.41688443670151,0.0,0.0
ZJ000038,DA33,4.739999999999999,0.5890452144944012,704.6920479726692,0.0,5.657863789922519,-0.9178637899225199,-255.82,0.0,374.9097352098363,3.7152833216467482,DA33_ZJ000038,DA44,0.11556157994373299,0.11555186428204411,0.0,0.1333333333333333,DA44_DA33,0.8393843194538297,0.034974346643909575,DA44_ZJ000038,DA33_ZJ000038,0.0,0.0,26.41688443670151,0.0,0.0
ZJ000038,DA33,4.739999999999999,0.5890452144944012,704.6920479726692,0.0,5.657863789922519,-0.9178637899225199,-255.82,0.0,374.9097352098363,3.7152833216467482,DA33_ZJ000038,DA46,1.121796049043308,1.1217951343537167,0.0,0.1333333333333333,DA46_DA33,1.0,0.041666666666666664,DA46_ZJ000038,DA33_ZJ000038,0.0,0.0,26.41688443670151,0.0,0.0
ZJ000038,DA34,6.659999999999999,0.7985609076946901,734.000254185531,0.0,7.625816412504262,-0.965816412504263,-220.94,0.0,374.9097352098363,4.758223053988076,DA34_ZJ000038,DA36,6.254392338159081,6.254392338159081,0.0,0.1333333333333333,DA36_DA34,0.8081149823420368,0.033671457597584865,DA36_ZJ000038,DA34_ZJ000038,0.0,0.0,26.41688443670151,0.0,0.0
ZJ000038,DA34,6.659999999999999,0.7985609076946901,734.000254185531,0.0,7.625816412504262,-0.965816412504263,-220.94,0.0,374.9097352098363,4.758223053988076,DA34_ZJ000038,DA37,1.484484293272906,1.4844789363431907,0.0,0.1333333333333333,DA37_DA34,0.8194037091391021,0.03414182121412925,DA37_ZJ000038,DA34_ZJ000038,0.0,0.0,26.41688443670151,0.0,0.0
ZJ000038,DA34,6.659999999999999,0.7985609076946901,734.000254185531,0.0,7.625816412504262,-0.965816412504263,-220.94,0.0,374.9097352098363,4.758223053988076,DA34_ZJ000038,DA38,4.315438331859661,4.315418989085252,0.0,0.1333333333333333,DA38_DA34,0.5321016066919075,0.02217090027882948,DA38_ZJ000038,DA34_ZJ000038,0.0,0.0,26.41688443670151,0.0,0.0
ZJ000038,DA34,6.659999999999999,0.7985609076946901,734.000254185531,0.0,7.625816412504262,-0.965816412504263,-220.94,0.0,374.9097352098363,4.758223053988076,DA34_ZJ000038,DA39,4.411138304456811,4.411138304456811,0.0,0.1333333333333333,DA39_DA34,0.7900523334733707,0.03291884722805711,DA39_ZJ000038,DA34_ZJ000038,0.0,0.0,26.41688443670151,0.0,0.0
ZJ000038,DA34,6.659999999999999,0.7985609076946901,734.000254185531,0.0,7.625816412504262,-0.965816412504263,-220.94,0.0,374.9097352098363,4.758223053988076,DA34_ZJ000038,DA40,8.121744332862926,8.121729274593118,0.0,0.1333333333333333,DA40_DA34,0.9084855858442228,0.037853566076842614,DA40_ZJ000038,DA34_ZJ000038,0.0,0.0,26.41688443670151,0.0,0.0
ZJ000038,DA34,6.659999999999999,0.7985609076946901,734.000254185531,0.0,7.625816412504262,-0.965816412504263,-220.94,0.0,374.9097352098363,4.758223053988076,DA34_ZJ000038,DA42,1.9190086729050349,1.919004147231981,0.0,0.1333333333333333,DA42_DA34,0.8194037091391021,0.03414182121412925,DA42_ZJ000038,DA34_ZJ000038,0.0,0.0,26.41688443670151,0.0,0.0
ZJ000038,DA34,6.659999999999999,0.7985609076946901,734.000254185531,0.0,7.625816412504262,-0.965816412504263,-220.94,0.0,374.9097352098363,4.758223053988076,DA34_ZJ000038,DA44,0.11556157994373299,0.11555186428204411,0.0,0.1333333333333333,DA44_DA34,0.7900523334733707,0.03291884722805711,DA44_ZJ000038,DA34_ZJ000038,0.0,0.0,26.41688443670151,0.0,0.0
ZJ000038,DA34,6.659999999999999,0.7985609076946901,734.000254185531,0.0,7.625816412504262,-0.965816412504263,-220.94,0.0,374.9097352098363,4.758223053988076,DA34_ZJ000038,DA46,1.121796049043308,1.1217951343537167,0.0,0.1333333333333333,DA46_DA34,1.0,0.041666666666666664,DA46_ZJ000038,DA34_ZJ000038,0.0,0.0,26.41688443670151,0.0,0.0
ZJ000038,DA35,1.92,0.5087243759980854,277.41458648075985,1.2,4.690287083819826,-1.5702870838198262,-408.67,0.0,374.9097352098363,3.9862611183936902,DA35_ZJ000038,DA36,6.254392338159081,6.254392338159081,0.0,0.1333333333333333,DA36_DA35,1.155992641604193,0.04816636006684138,DA36_ZJ000038,DA35_ZJ000038,0.0,0.0,26.41688443670151,0.0,0.0
ZJ000038,DA35,1.92,0.5087243759980854,277.41458648075985,1.2,4.690287083819826,-1.5702870838198262,-408.67,0.0,374.9097352098363,3.9862611183936902,DA35_ZJ000038,DA37,1.484484293272906,1.4844789363431907,0.0,0.1333333333333333,DA37_DA35,1.0,0.041666666666666664,DA37_ZJ000038,DA35_ZJ000038,0.0,0.0,26.41688443670151,0.0,0.0
ZJ000038,DA35,1.92,0.5087243759980854,277.41458648075985,1.2,4.690287083819826,-1.5702870838198262,-408.67,0.0,374.9097352098363,3.9862611183936902,DA35_ZJ000038,DA38,4.315438331859661,4.315418989085252,0.0,0.1333333333333333,DA38_DA35,1.0,0.041666666666666664,DA38_ZJ000038,DA35_ZJ000038,0.0,0.0,26.41688443670151,0.0,0.0
ZJ000038,DA35,1.92,0.5087243759980854,277.41458648075985,1.2,4.690287083819826,-1.5702870838198262,-408.67,0.0,374.9097352098363,3.9862611183936902,DA35_ZJ000038,DA39,4.411138304456811,4.411138304456811,0.0,0.1333333333333333,DA39_DA35,1.0,0.041666666666666664,DA39_ZJ000038,DA35_ZJ000038,0.0,0.0,26.41688443670151,0.0,0.0
ZJ000038,DA35,1.92,0.5087243759980854,277.41458648075985,1.2,4.690287083819826,-1.5702870838198262,-408.67,0.0,374.9097352098363,3.9862611183936902,DA35_ZJ000038,DA40,8.121744332862926,8.121729274593118,0.0,0.1333333333333333,DA40_DA35,1.0,0.041666666666666664,DA40_ZJ000038,DA35_ZJ000038,0.0,0.0,26.41688443670151,0.0,0.0
ZJ000038,DA35,1.92,0.5087243759980854,277.41458648075985,1.2,4.690287083819826,-1.5702870838198262,-408.67,0.0,374.9097352098363,3.9862611183936902,DA35_ZJ000038,DA42,1.9190086729050349,1.919004147231981,0.0,0.1333333333333333,DA42_DA35,1.0,0.041666666666666664,DA42_ZJ000038,DA35_ZJ000038,0.0,0.0,26.41688443670151,0.0,0.0
ZJ000038,DA35,1.92,0.5087243759980854,277.41458648075985,1.2,4.690287083819826,-1.5702870838198262,-408.67,0.0,374.9097352098363,3.9862611183936902,DA35_ZJ000038,DA44,0.11556157994373299,0.11555186428204411,0.0,0.1333333333333333,DA44_DA35,1.0,0.041666666666666664,DA44_ZJ000038,DA35_ZJ000038,0.0,0.0,26.41688443670151,0.0,0.0
ZJ000038,DA35,1.92,0.5087243759980854,277.41458648075985,1.2,4.690287083819826,-1.5702870838198262,-408.67,0.0,374.9097352098363,3.9862611183936902,DA35_ZJ000038,DA46,1.121796049043308,1.1217951343537167,0.0,0.1333333333333333,DA46_DA35,1.264366951754586,0.052681956323107744,DA46_ZJ000038,DA35_ZJ000038,0.0,0.0,26.41688443670151,0.0,0.0
ZJ000038,DA45,2.52,0.4048300625001728,522.4834154946002,1.2,3.5915135362116857,0.12848646378831408,-68.26,0.0,374.9097352098363,1.7940843160318305,DA45_ZJ000038,DA36,6.254392338159081,6.254392338159081,0.0,0.1333333333333333,DA36_DA45,1.122125669682195,0.046755236236758126,DA36_ZJ000038,DA45_ZJ000038,0.0,0.0,26.41688443670151,0.0,0.0
ZJ000038,DA45,2.52,0.4048300625001728,522.4834154946002,1.2,3.5915135362116857,0.12848646378831408,-68.26,0.0,374.9097352098363,1.7940843160318305,DA45_ZJ000038,DA37,1.484484293272906,1.4844789363431907,0.0,0.1333333333333333,DA37_DA45,1.0,0.041666666666666664,DA37_ZJ000038,DA45_ZJ000038,0.0,0.0,26.41688443670151,0.0,0.0
ZJ000038,DA45,2.52,0.4048300625001728,522.4834154946002,1.2,3.5915135362116857,0.12848646378831408,-68.26,0.0,374.9097352098363,1.7940843160318305,DA45_ZJ000038,DA38,4.315438331859661,4.315418989085252,0.0,0.1333333333333333,DA38_DA45,1.0,0.041666666666666664,DA38_ZJ000038,DA45_ZJ000038,0.0,0.0,26.41688443670151,0.0,0.0
ZJ000038,DA45,2.52,0.4048300625001728,522.4834154946002,1.2,3.5915135362116857,0.12848646378831408,-68.26,0.0,374.9097352098363,1.7940843160318305,DA45_ZJ000038,DA39,4.411138304456811,4.411138304456811,0.0,0.1333333333333333,DA39_DA45,1.0,0.041666666666666664,DA39_ZJ000038,DA45_ZJ000038,0.0,0.0,26.41688443670151,0.0,0.0
ZJ000038,DA45,2.52,0.4048300625001728,522.4834154946002,1.2,3.5915135362116857,0.12848646378831408,-68.26,0.0,374.9097352098363,1.7940843160318305,DA45_ZJ000038,DA40,8.121744332862926,8.121729274593118,0.0,0.1333333333333333,DA40_DA45,1.0,0.041666666666666664,DA40_ZJ000038,DA45_ZJ000038,0.0,0.0,26.41688443670151,0.0,0.0
ZJ000038,DA45,2.52,0.4048300625001728,522.4834154946002,1.2,3.5915135362116857,0.12848646378831408,-68.26,0.0,374.9097352098363,1.7940843160318305,DA45_ZJ000038,DA42,1.9190086729050349,1.919004147231981,0.0,0.1333333333333333,DA42_DA45,1.0,0.041666666666666664,DA42_ZJ000038,DA45_ZJ000038,0.0,0.0,26.41688443670151,0.0,0.0
ZJ000038,DA45,2.52,0.4048300625001728,522.4834154946002,1.2,3.5915135362116857,0.12848646378831408,-68.26,0.0,374.9097352098363,1.7940843160318305,DA45_ZJ000038,DA44,0.11556157994373299,0.11555186428204411,0.0,0.1333333333333333,DA44_DA45,1.0,0.041666666666666664,DA44_ZJ000038,DA45_ZJ000038,0.0,0.0,26.41688443670151,0.0,0.0
ZJ000038,DA45,2.52,0.4048300625001728,522.4834154946002,1.2,3.5915135362116857,0.12848646378831408,-68.26,0.0,374.9097352098363,1.7940843160318305,DA45_ZJ000038,DA46,1.121796049043308,1.1217951343537167,0.0,0.1333333333333333,DA46_DA45,1.230499979832588,0.0512708324930245,DA46_ZJ000038,DA45_ZJ000038,0.0,0.0,26.41688443670151,0.0,0.0
ZJ000037,DA33,4.739999999999999,0.6425374951219378,637.700139833935,0.0,6.755959192907419,-2.0159591929074194,-413.75,0.0,224.17170048231955,4.098886115118367,DA33_ZJ000037,DA34,2.5434981423427154,2.5434944812063778,0.0,0.1333333333333333,DA34_DA33,0.5140843776294046,0.02142018240122519,DA34_ZJ000037,DA33_ZJ000037,0.0,0.0,26.41688443670151,0.0,0.0
ZJ000037,DA33,4.739999999999999,0.6425374951219378,637.700139833935,0.0,6.755959192907419,-2.0159591929074194,-413.75,0.0,224.17170048231955,4.098886115118367,DA33_ZJ000037,DA36,6.499451176581771,6.499448685468355,0.0,0.1333333333333333,DA36_DA33,0.8574469683224957,0.03572695701343732,DA36_ZJ000037,DA33_ZJ000037,0.0,0.0,26.41688443670151,0.0,0.0
ZJ000037,DA33,4.739999999999999,0.6425374951219378,637.700139833935,0.0,6.755959192907419,-2.0159591929074194,-413.75,0.0,224.17170048231955,4.098886115118367,DA33_ZJ000037,DA38,6.215717980470708,6.2157082343215775,0.0,0.1333333333333333,DA38_DA33,0.5814335926723664,0.024226399694681933,DA38_ZJ000037,DA33_ZJ000037,0.0,0.0,26.41688443670151,0.0,0.0
ZJ000037,DA33,4.739999999999999,0.6425374951219378,637.700139833935,0.0,6.755959192907419,-2.0159591929074194,-413.75,0.0,224.17170048231955,4.098886115118367,DA33_ZJ000037,DA39,2.778100230444535,2.778100230444535,0.0,0.1333333333333333,DA39_DA33,0.8393843194538297,0.034974346643909575,DA39_ZJ000037,DA33_ZJ000037,0.0,0.0,26.41688443670151,0.0,0.0
ZJ000037,DA33,4.739999999999999,0.6425374951219378,637.700139833935,0.0,6.755959192907419,-2.0159591929074194,-413.75,0.0,224.17170048231955,4.098886115118367,DA33_ZJ000037,DA40,2.0164479749347017,2.0164162197087556,0.0,0.1333333333333333,DA40_DA33,0.9578175718246816,0.039909065492695066,DA40_ZJ000037,DA33_ZJ000037,0.0,0.0,26.41688443670151,0.0,0.0
ZJ000037,DA33,4.739999999999999,0.6425374951219378,637.700139833935,0.0,6.755959192907419,-2.0159591929074194,-413.75,0.0,224.17170048231955,4.098886115118367,DA33_ZJ000037,DA42,1.4671332929521637,1.4671332929521637,0.0,0.1333333333333333,DA42_DA33,0.868735695119561,0.036197320629981704,DA42_ZJ000037,DA33_ZJ000037,0.0,0.0,26.41688443670151,0.0,0.0
ZJ000037,DA33,4.739999999999999,0.6425374951219378,637.700139833935,0.0,6.755959192907419,-2.0159591929074194,-413.75,0.0,224.17170048231955,4.098886115118367,DA33_ZJ000037,DA46,0.8043182418663112,0.8043146983185812,0.0,0.1333333333333333,DA46_DA33,1.0,0.041666666666666664,DA46_ZJ000037,DA33_ZJ000037,0.0,0.0,26.41688443670151,0.0,0.0
ZJ000037,DA35,1.26,0.4962915372906463,153.88303150978342,0.6,5.532303318681839,-3.672303318681839,-839.95,0.0,224.17170048231955,5.28114594596707,DA35_ZJ000037,DA34,2.5434981423427154,2.5434944812063778,0.0,0.1333333333333333,DA34_DA35,1.0,0.041666666666666664,DA34_ZJ000037,DA35_ZJ000037,0.0,0.0,26.41688443670151,0.0,0.0
ZJ000037,DA35,1.26,0.4962915372906463,153.88303150978342,0.6,5.532303318681839,-3.672303318681839,-839.95,0.0,224.17170048231955,5.28114594596707,DA35_ZJ000037,DA36,6.499451176581771,6.499448685468355,0.0,0.1333333333333333,DA36_DA35,1.155992641604193,0.04816636006684138,DA36_ZJ000037,DA35_ZJ000037,0.0,0.0,26.41688443670151,0.0,0.0
ZJ000037,DA35,1.26,0.4962915372906463,153.88303150978342,0.6,5.532303318681839,-3.672303318681839,-839.95,0.0,224.17170048231955,5.28114594596707,DA35_ZJ000037,DA38,6.215717980470708,6.2157082343215775,0.0,0.1333333333333333,DA38_DA35,1.0,0.041666666666666664,DA38_ZJ000037,DA35_ZJ000037,0.0,0.0,26.41688443670151,0.0,0.0
ZJ000037,DA35,1.26,0.4962915372906463,153.88303150978342,0.6,5.532303318681839,-3.672303318681839,-839.95,0.0,224.17170048231955,5.28114594596707,DA35_ZJ000037,DA39,2.778100230444535,2.778100230444535,0.0,0.1333333333333333,DA39_DA35,1.0,0.041666666666666664,DA39_ZJ000037,DA35_ZJ000037,0.0,0.0,26.41688443670151,0.0,0.0
ZJ000037,DA35,1.26,0.4962915372906463,153.88303150978342,0.6,5.532303318681839,-3.672303318681839,-839.95,0.0,224.17170048231955,5.28114594596707,DA35_ZJ000037,DA40,2.0164479749347017,2.0164162197087556,0.0,0.1333333333333333,DA40_DA35,1.0,0.041666666666666664,DA40_ZJ000037,DA35_ZJ000037,0.0,0.0,26.41688443670151,0.0,0.0
ZJ000037,DA35,1.26,0.4962915372906463,153.88303150978342,0.6,5.532303318681839,-3.672303318681839,-839.95,0.0,224.17170048231955,5.28114594596707,DA35_ZJ000037,DA42,1.4671332929521637,1.4671332929521637,0.0,0.1333333333333333,DA42_DA35,1.0,0.041666666666666664,DA42_ZJ000037,DA35_ZJ000037,0.0,0.0,26.41688443670151,0.0,0.0
ZJ000037,DA35,1.26,0.4962915372906463,153.88303150978342,0.6,5.532303318681839,-3.672303318681839,-839.95,0.0,224.17170048231955,5.28114594596707,DA35_ZJ000037,DA46,0.8043182418663112,0.8043146983185812,0.0,0.1333333333333333,DA46_DA35,1.264366951754586,0.052681956323107744,DA46_ZJ000037,DA35_ZJ000037,0.0,0.0,26.41688443670151,0.0,0.0
ZJ000037,DA37,4.92,0.4869524533384736,910.3655842103703,0.0,5.515068728904015,-0.5950687289040149,-222.2,0.0,224.17170048231955,2.173617946507318,DA37_ZJ000037,DA34,2.5434981423427154,2.5434944812063778,0.0,0.1333333333333333,DA34_DA37,0.8194037091391021,0.03414182121412925,DA34_ZJ000037,DA37_ZJ000037,0.0,0.0,26.41688443670151,0.0,0.0
ZJ000037,DA37,4.92,0.4869524533384736,910.3655842103703,0.0,5.515068728904015,-0.5950687289040149,-222.2,0.0,224.17170048231955,2.173617946507318,DA37_ZJ000037,DA36,6.499451176581771,6.499448685468355,0.0,0.1333333333333333,DA36_DA37,1.162766299832193,0.048448595826341374,DA36_ZJ000037,DA37_ZJ000037,0.0,0.0,26.41688443670151,0.0,0.0
ZJ000037,DA37,4.92,0.4869524533384736,910.3655842103703,0.0,5.515068728904015,-0.5950687289040149,-222.2,0.0,224.17170048231955,2.173617946507318,DA37_ZJ000037,DA38,6.215717980470708,6.2157082343215775,0.0,0.1333333333333333,DA38_DA37,0.8867529241820639,0.036948038507586,DA38_ZJ000037,DA37_ZJ000037,0.0,0.0,26.41688443670151,0.0,0.0
ZJ000037,DA37,4.92,0.4869524533384736,910.3655842103703,0.0,5.515068728904015,-0.5950687289040149,-222.2,0.0,224.17170048231955,2.173617946507318,DA37_ZJ000037,DA39,2.778100230444535,2.778100230444535,0.0,0.1333333333333333,DA39_DA37,1.144703650963527,0.04769598545681363,DA39_ZJ000037,DA37_ZJ000037,0.0,0.0,26.41688443670151,0.0,0.0
ZJ000037,DA37,4.92,0.4869524533384736,910.3655842103703,0.0,5.515068728904015,-0.5950687289040149,-222.2,0.0,224.17170048231955,2.173617946507318,DA37_ZJ000037,DA40,2.0164479749347017,2.0164162197087556,0.0,0.1333333333333333,DA40_DA37,1.263136903334379,0.05263070430559912,DA40_ZJ000037,DA37_ZJ000037,0.0,0.0,26.41688443670151,0.0,0.0
ZJ000037,DA37,4.92,0.4869524533384736,910.3655842103703,0.0,5.515068728904015,-0.5950687289040149,-222.2,0.0,224.17170048231955,2.173617946507318,DA37_ZJ000037,DA42,1.4671332929521637,1.4671332929521637,0.0,0.1333333333333333,DA42_DA37,1.174055026629258,0.04891895944288575,DA42_ZJ000037,DA37_ZJ000037,0.0,0.0,26.41688443670151,0.0,0.0
ZJ000037,DA37,4.92,0.4869524533384736,910.3655842103703,0.0,5.515068728904015,-0.5950687289040149,-222.2,0.0,224.17170048231955,2.173617946507318,DA37_ZJ000037,DA46,0.8043182418663112,0.8043146983185812,0.0,0.1333333333333333,DA46_DA37,1.0,0.041666666666666664,DA46_ZJ000037,DA37_ZJ000037,0.0,0.0,26.41688443670151,0.0,0.0
ZJ000037,DA44,4.26,0.3564252135950065,1095.2016404878946,0.0,3.981190238677585,0.27880976132241475,-21.78,0.0,224.17170048231955,0.8766338737846582,DA44_ZJ000037,DA34,2.5434981423427154,2.5434944812063778,0.0,0.1333333333333333,DA34_DA44,0.7900523334733707,0.03291884722805711,DA34_ZJ000037,DA44_ZJ000037,0.0,0.0,26.41688443670151,0.0,0.0
ZJ000037,DA44,4.26,0.3564252135950065,1095.2016404878946,0.0,3.981190238677585,0.27880976132241475,-21.78,0.0,224.17170048231955,0.8766338737846582,DA44_ZJ000037,DA36,6.499451176581771,6.499448685468355,0.0,0.1333333333333333,DA36_DA44,1.133414924166462,0.047225621840269245,DA36_ZJ000037,DA44_ZJ000037,0.0,0.0,26.41688443670151,0.0,0.0
ZJ000037,DA44,4.26,0.3564252135950065,1095.2016404878946,0.0,3.981190238677585,0.27880976132241475,-21.78,0.0,224.17170048231955,0.8766338737846582,DA44_ZJ000037,DA38,6.215717980470708,6.2157082343215775,0.0,0.1333333333333333,DA38_DA44,0.8574015485163325,0.035725064521513854,DA38_ZJ000037,DA44_ZJ000037,0.0,0.0,26.41688443670151,0.0,0.0
ZJ000037,DA44,4.26,0.3564252135950065,1095.2016404878946,0.0,3.981190238677585,0.27880976132241475,-21.78,0.0,224.17170048231955,0.8766338737846582,DA44_ZJ000037,DA39,2.778100230444535,2.778100230444535,0.0,0.1333333333333333,DA39_DA44,1.115352275297796,0.0464730114707415,DA39_ZJ000037,DA44_ZJ000037,0.0,0.0,26.41688443670151,0.0,0.0
ZJ000037,DA44,4.26,0.3564252135950065,1095.2016404878946,0.0,3.981190238677585,0.27880976132241475,-21.78,0.0,224.17170048231955,0.8766338737846582,DA44_ZJ000037,DA40,2.0164479749347017,2.0164162197087556,0.0,0.1333333333333333,DA40_DA44,1.233785527668648,0.051407730319527,DA40_ZJ000037,DA44_ZJ000037,0.0,0.0,26.41688443670151,0.0,0.0
ZJ000037,DA44,4.26,0.3564252135950065,1095.2016404878946,0.0,3.981190238677585,0.27880976132241475,-21.78,0.0,224.17170048231955,0.8766338737846582,DA44_ZJ000037,DA42,1.4671332929521637,1.4671332929521637,0.0,0.1333333333333333,DA42_DA44,1.144703650963527,0.04769598545681363,DA42_ZJ000037,DA44_ZJ000037,0.0,0.0,26.41688443670151,0.0,0.0
ZJ000037,DA44,4.26,0.3564252135950065,1095.2016404878946,0.0,3.981190238677585,0.27880976132241475,-21.78,0.0,224.17170048231955,0.8766338737846582,DA44_ZJ000037,DA46,0.8043182418663112,0.8043146983185812,0.0,0.1333333333333333,DA46_DA44,1.0,0.041666666666666664,DA46_ZJ000037,DA44_ZJ000037,0.0,0.0,26.41688443670151,0.0,0.0
ZJ000037,DA45,3.78,0.3955372600675915,855.6621794250315,0.0,4.153536136455836,-0.37353613645583605,-194.44,0.0,224.17170048231955,1.6557652504101195,DA45_ZJ000037,DA34,2.5434981423427154,2.5434944812063778,0.0,0.1333333333333333,DA34_DA45,1.0,0.041666666666666664,DA34_ZJ000037,DA45_ZJ000037,0.0,0.0,26.41688443670151,0.0,0.0
ZJ000037,DA45,3.78,0.3955372600675915,855.6621794250315,0.0,4.153536136455836,-0.37353613645583605,-194.44,0.0,224.17170048231955,1.6557652504101195,DA45_ZJ000037,DA36,6.499451176581771,6.499448685468355,0.0,0.1333333333333333,DA36_DA45,1.122125669682195,0.046755236236758126,DA36_ZJ000037,DA45_ZJ000037,0.0,0.0,26.41688443670151,0.0,0.0
ZJ000037,DA45,3.78,0.3955372600675915,855.6621794250315,0.0,4.153536136455836,-0.37353613645583605,-194.44,0.0,224.17170048231955,1.6557652504101195,DA45_ZJ000037,DA38,6.215717980470708,6.2157082343215775,0.0,0.1333333333333333,DA38_DA45,1.0,0.041666666666666664,DA38_ZJ000037,DA45_ZJ000037,0.0,0.0,26.41688443670151,0.0,0.0
ZJ000037,DA45,3.78,0.3955372600675915,855.6621794250315,0.0,4.153536136455836,-0.37353613645583605,-194.44,0.0,224.17170048231955,1.6557652504101195,DA45_ZJ000037,DA39,2.778100230444535,2.778100230444535,0.0,0.1333333333333333,DA39_DA45,1.0,0.041666666666666664,DA39_ZJ000037,DA45_ZJ000037,0.0,0.0,26.41688443670151,0.0,0.0
ZJ000037,DA45,3.78,0.3955372600675915,855.6621794250315,0.0,4.153536136455836,-0.37353613645583605,-194.44,0.0,224.17170048231955,1.6557652504101195,DA45_ZJ000037,DA40,2.0164479749347017,2.0164162197087556,0.0,0.1333333333333333,DA40_DA45,1.0,0.041666666666666664,DA40_ZJ000037,DA45_ZJ000037,0.0,0.0,26.41688443670151,0.0,0.0
ZJ000037,DA45,3.78,0.3955372600675915,855.6621794250315,0.0,4.153536136455836,-0.37353613645583605,-194.44,0.0,224.17170048231955,1.6557652504101195,DA45_ZJ000037,DA42,1.4671332929521637,1.4671332929521637,0.0,0.1333333333333333,DA42_DA45,1.0,0.041666666666666664,DA42_ZJ000037,DA45_ZJ000037,0.0,0.0,26.41688443670151,0.0,0.0
ZJ000037,DA45,3.78,0.3955372600675915,855.6621794250315,0.0,4.153536136455836,-0.37353613645583605,-194.44,0.0,224.17170048231955,1.6557652504101195,DA45_ZJ000037,DA46,0.8043182418663112,0.8043146983185812,0.0,0.1333333333333333,DA46_DA45,1.230499979832588,0.0512708324930245,DA46_ZJ000037,DA45_ZJ000037,0.0,0.0,26.41688443670151,0.0,0.0
ZJ000036,DA33,7.619999999999999,2.166526884364463,251.714998553331,0.0,17.58159145048289,-9.96159145048289,-559.8,0.0,-632.5214198439921,12.128217498672264,DA33_ZJ000036,DA46,2.208487468798312,2.208483140737446,0.0,0.1333333333333333,DA46_DA33,1.0,0.041666666666666664,DA46_ZJ000036,DA33_ZJ000036,0.0,0.0,26.41688443670151,0.0,0.0
ZJ000036,DA34,0.36,3.820771600231136,-90.57781941275364,0.0,39.20271704166754,-38.84271704166754,-1116.62,0.0,-632.5214198439921,42.663499842500904,DA34_ZJ000036,DA46,2.208487468798312,2.208483140737446,1.151696537641215,0.1333333333333333,DA46_DA34,1.0,0.041666666666666664,DA46_ZJ000036,DA34_ZJ000036,1.86,1.86,26.41688443670151,0.043596985874728655,1.151696537641215
ZJ000036,DA35,2.04,2.057818662593069,-0.8659005245202495,1.8,16.388967085132844,-12.548967085132844,-709.82,0.0,-632.5214198439921,14.606808430818123,DA35_ZJ000036,DA46,2.208487468798312,2.208483140737446,0.0,0.1333333333333333,DA46_DA35,1.264366951754586,0.052681956323107744,DA46_ZJ000036,DA35_ZJ000036,0.0,0.0,26.41688443670151,0.0,0.0
ZJ000036,DA36,11.28,2.2798883674762,394.76106641514116,0.0,18.77421581583294,-7.4942158158329395,-428.71,0.0,-632.5214198439921,9.774109420207216,DA36_ZJ000036,DA46,2.208487468798312,2.208483140737446,0.0,0.1333333333333333,DA46_DA36,1.155992641604193,0.04816636006684138,DA46_ZJ000036,DA36_ZJ000036,0.0,0.0,26.41688443670151,0.0,0.0
ZJ000036,DA37,4.68,1.293425598331676,261.8298575531901,0.0,10.541260519545538,-5.861260519545539,-553.16,0.0,-632.5214198439921,7.154713039731499,DA37_ZJ000036,DA46,2.208487468798312,2.208483140737446,0.0,0.1333333333333333,DA46_DA37,1.0,0.041666666666666664,DA46_ZJ000036,DA37_ZJ000036,0.0,0.0,26.41688443670151,0.0,0.0
ZJ000036,DA38,9.0,2.580601578462706,248.7558899100342,0.0,26.23773603770094,-17.23773603770094,-767.97,0.0,-632.5214198439921,19.818245942120043,DA38_ZJ000036,DA46,2.208487468798312,2.208483140737446,0.0,0.1333333333333333,DA46_DA38,1.0,0.041666666666666664,DA46_ZJ000036,DA38_ZJ000036,0.0,0.0,26.41688443670151,0.0,0.0
ZJ000036,DA39,6.06,1.304784792894876,364.44440746085877,3.0,11.079865071639105,-2.0198650716391064,-254.8,0.0,-632.5214198439921,3.324591652296144,DA39_ZJ000036,DA46,2.208487468798312,2.208483140737446,0.0,0.1333333333333333,DA46_DA39,1.0,0.041666666666666664,DA46_ZJ000036,DA39_ZJ000036,0.0,0.0,26.41688443670151,0.0,0.0
ZJ000036,DA40,14.04,3.046800986419111,360.8111938581567,0.0,26.045377269096097,-12.005377269096098,-494.03,0.0,-632.5214198439921,15.052110913206333,DA40_ZJ000036,DA46,2.208487468798312,2.208483140737446,0.0,0.1333333333333333,DA46_DA40,1.0,0.041666666666666664,DA46_ZJ000036,DA40_ZJ000036,0.0,0.0,26.41688443670151,0.0,0.0
ZJ000036,DA42,3.36,0.4356151564628613,671.3230244977619,0.0,3.5778730960501286,-0.21787309605012872,-150.02,0.0,-632.5214198439921,0.6535098577255847,DA42_ZJ000036,DA46,2.208487468798312,2.208483140737446,0.0,0.1333333333333333,DA46_DA42,1.0,0.041666666666666664,DA46_ZJ000036,DA42_ZJ000036,0.0,0.0,26.41688443670151,0.0,0.0
ZJ000036,DA44,5.64,1.43523225297378,292.9677575398688,0.0,12.195545929547212,-6.555545929547212,-556.76,0.0,-632.5214198439921,7.990799091656817,DA44_ZJ000036,DA46,2.208487468798312,2.208483140737446,0.0,0.1333333333333333,DA46_DA44,1.0,0.041666666666666664,DA46_ZJ000036,DA44_ZJ000036,0.0,0.0,26.41688443670151,0.0,0.0
ZJ000036,DA45,1.02,1.300307741551603,-21.55703089309638,1.2,10.002655967451972,-7.782655967451972,-698.52,0.0,-632.5214198439921,9.082909636286256,DA45_ZJ000036,DA46,2.208487468798312,2.208483140737446,0.0,0.1333333333333333,DA46_DA45,1.230499979832588,0.0512708324930245,DA46_ZJ000036,DA45_ZJ000036,0.0,0.0,26.41688443670151,0.0,0.0
ZJ000035,DA35,0.6599999999999999,0.367539759417923,79.57240899467574,0.6,3.8925342286922673,-2.6325342286922675,-816.26,0.0,1257.5291477247727,7.621999644382624,DA35_ZJ000035,DA33,0.6310316873790484,0.6310316873790484,1.6636191447426656,0.1333333333333333,DA33_DA35,1.0,0.041666666666666664,DA33_ZJ000035,DA35_ZJ000035,0.48,0.48,26.41688443670151,0.06297559989441322,1.6636191447426656
ZJ000035,DA35,0.6599999999999999,0.367539759417923,79.57240899467574,0.6,3.8925342286922673,-2.6325342286922675,-816.26,0.0,1257.5291477247727,7.621999644382624,DA35_ZJ000035,DA34,6.948853857977179,6.948853857977179,1.6636191447426656,0.1333333333333333,DA34_DA35,1.0,0.041666666666666664,DA34_ZJ000035,DA35_ZJ000035,0.48,0.48,26.41688443670151,0.06297559989441322,1.6636191447426656
ZJ000035,DA35,0.6599999999999999,0.367539759417923,79.57240899467574,0.6,3.8925342286922673,-2.6325342286922675,-816.26,0.0,1257.5291477247727,7.621999644382624,DA35_ZJ000035,DA36,5.190569831791969,5.190569831791969,1.6636191447426656,0.1333333333333333,DA36_DA35,1.155992641604193,0.04816636006684138,DA36_ZJ000035,DA35_ZJ000035,0.48,0.48,26.41688443670151,0.06297559989441322,1.6636191447426656
ZJ000035,DA35,0.6599999999999999,0.367539759417923,79.57240899467574,0.6,3.8925342286922673,-2.6325342286922675,-816.26,0.0,1257.5291477247727,7.621999644382624,DA35_ZJ000035,DA37,4.230585386544508,4.230585386544508,1.6636191447426656,0.1333333333333333,DA37_DA35,1.0,0.041666666666666664,DA37_ZJ000035,DA35_ZJ000035,0.48,0.48,26.41688443670151,0.06297559989441322,1.6636191447426656
ZJ000035,DA35,0.6599999999999999,0.367539759417923,79.57240899467574,0.6,3.8925342286922673,-2.6325342286922675,-816.26,0.0,1257.5291477247727,7.621999644382624,DA35_ZJ000035,DA38,2.4161893189340495,2.4161893189340495,1.6636191447426656,0.1333333333333333,DA38_DA35,1.0,0.041666666666666664,DA38_ZJ000035,DA35_ZJ000035,0.48,0.48,26.41688443670151,0.06297559989441322,1.6636191447426656
ZJ000035,DA35,0.6599999999999999,0.367539759417923,79.57240899467574,0.6,3.8925342286922673,-2.6325342286922675,-816.26,0.0,1257.5291477247727,7.621999644382624,DA35_ZJ000035,DA39,3.327940902225631,3.327940902225631,1.6636191447426656,0.1333333333333333,DA39_DA35,1.0,0.041666666666666664,DA39_ZJ000035,DA35_ZJ000035,0.48,0.48,26.41688443670151,0.06297559989441322,1.6636191447426656
ZJ000035,DA35,0.6599999999999999,0.367539759417923,79.57240899467574,0.6,3.8925342286922673,-2.6325342286922675,-816.26,0.0,1257.5291477247727,7.621999644382624,DA35_ZJ000035,DA40,18.56302528461811,18.56300323953197,1.6636191447426656,0.1333333333333333,DA40_DA35,1.0,0.041666666666666664,DA40_ZJ000035,DA35_ZJ000035,0.48,0.48,26.41688443670151,0.06297559989441322,1.6636191447426656
ZJ000035,DA35,0.6599999999999999,0.367539759417923,79.57240899467574,0.6,3.8925342286922673,-2.6325342286922675,-816.26,0.0,1257.5291477247727,7.621999644382624,DA35_ZJ000035,DA42,3.2725681139809746,3.272567346601227,1.6636191447426656,0.1333333333333333,DA42_DA35,1.0,0.041666666666666664,DA42_ZJ000035,DA35_ZJ000035,0.48,0.48,26.41688443670151,0.06297559989441322,1.6636191447426656
ZJ000035,DA35,0.6599999999999999,0.367539759417923,79.57240899467574,0.6,3.8925342286922673,-2.6325342286922675,-816.26,0.0,1257.5291477247727,7.621999644382624,DA35_ZJ000035,DA44,4.23066408552737,4.23066408552737,1.6636191447426656,0.1333333333333333,DA44_DA35,1.0,0.041666666666666664,DA44_ZJ000035,DA35_ZJ000035,0.48,0.48,26.41688443670151,0.06297559989441322,1.6636191447426656
ZJ000035,DA35,0.6599999999999999,0.367539759417923,79.57240899467574,0.6,3.8925342286922673,-2.6325342286922675,-816.26,0.0,1257.5291477247727,7.621999644382624,DA35_ZJ000035,DA45,1.1479014815534414,1.147895533088467,1.6636191447426656,0.1333333333333333,DA45_DA35,1.230499979832588,0.0512708324930245,DA45_ZJ000035,DA35_ZJ000035,0.48,0.48,26.41688443670151,0.06297559989441322,1.6636191447426656
ZJ000035,DA35,0.6599999999999999,0.367539759417923,79.57240899467574,0.6,3.8925342286922673,-2.6325342286922675,-816.26,0.0,1257.5291477247727,7.621999644382624,DA35_ZJ000035,DA46,1.2774704983218894,1.2774704983218894,1.6636191447426656,0.1333333333333333,DA46_DA35,1.264366951754586,0.052681956323107744,DA46_ZJ000035,DA35_ZJ000035,0.48,0.48,26.41688443670151,0.06297559989441322,1.6636191447426656
ZJ000031,DA33,1.87022814,0.2211355487617183,745.73834938463,0.0,1.7238195818857915,0.1464085581142085,-33.79,0.0,1281.5932219576928,2.9087799061957145,DA33_ZJ000031,DA36,0.8049620032846915,0.8049620032846915,0.0,0.1326041431501506,DA36_DA33,0.8574469683224957,0.03572695701343732,DA36_ZJ000031,DA33_ZJ000031,0.0,0.0,26.41688443670151,0.0,0.0
ZJ000031,DA33,1.87022814,0.2211355487617183,745.73834938463,0.0,1.7238195818857915,0.1464085581142085,-33.79,0.0,1281.5932219576928,2.9087799061957145,DA33_ZJ000031,DA37,0.23995455220897768,0.2399521559470698,0.0,0.1326041431501506,DA37_DA33,0.868735695119561,0.036197320629981704,DA37_ZJ000031,DA33_ZJ000031,0.0,0.0,26.41688443670151,0.0,0.0
ZJ000031,DA33,1.87022814,0.2211355487617183,745.73834938463,0.0,1.7238195818857915,0.1464085581142085,-33.79,0.0,1281.5932219576928,2.9087799061957145,DA33_ZJ000031,DA38,3.368112074388286,3.368112074388286,0.0,0.1326041431501506,DA38_DA33,0.5814335926723664,0.024226399694681933,DA38_ZJ000031,DA33_ZJ000031,0.0,0.0,26.41688443670151,0.0,0.0
ZJ000031,DA33,1.87022814,0.2211355487617183,745.73834938463,0.0,1.7238195818857915,0.1464085581142085,-33.79,0.0,1281.5932219576928,2.9087799061957145,DA33_ZJ000031,DA39,1.1234468627803316,1.1234445780587765,0.0,0.1326041431501506,DA39_DA33,0.8393843194538297,0.034974346643909575,DA39_ZJ000031,DA33_ZJ000031,0.0,0.0,26.41688443670151,0.0,0.0
ZJ000031,DA33,1.87022814,0.2211355487617183,745.73834938463,0.0,1.7238195818857915,0.1464085581142085,-33.79,0.0,1281.5932219576928,2.9087799061957145,DA33_ZJ000031,DA40,13.646583949898224,13.646583949898224,0.0,0.1326041431501506,DA40_DA33,0.9578175718246816,0.039909065492695066,DA40_ZJ000031,DA33_ZJ000031,0.0,0.0,26.41688443670151,0.0,0.0
ZJ000031,DA33,1.87022814,0.2211355487617183,745.73834938463,0.0,1.7238195818857915,0.1464085581142085,-33.79,0.0,1281.5932219576928,2.9087799061957145,DA33_ZJ000031,DA45,1.643434412911336,1.6434322935937735,0.0,0.1326041431501506,DA45_DA33,1.0,0.041666666666666664,DA45_ZJ000031,DA33_ZJ000031,0.0,0.0,26.41688443670151,0.0,0.0
ZJ000031,DA34,0.72395928,0.1478375533181367,389.6991757176116,0.0,1.329481769036101,-0.605522489036101,-509.59,0.0,1281.5932219576928,2.6480414507872223,DA34_ZJ000031,DA36,0.8049620032846915,0.8049620032846915,0.6018520037061144,0.1326041431501506,DA36_DA34,0.8081149823420368,0.033671457597584865,DA36_ZJ000031,DA34_ZJ000031,0.06032994,0.06032994,26.41688443670151,0.022782853335647307,0.6018520037061144
ZJ000031,DA34,0.72395928,0.1478375533181367,389.6991757176116,0.0,1.329481769036101,-0.605522489036101,-509.59,0.0,1281.5932219576928,2.6480414507872223,DA34_ZJ000031,DA37,0.23995455220897768,0.2399521559470698,0.6018520037061144,0.1326041431501506,DA37_DA34,0.8194037091391021,0.03414182121412925,DA37_ZJ000031,DA34_ZJ000031,0.06032994,0.06032994,26.41688443670151,0.022782853335647307,0.6018520037061144
ZJ000031,DA34,0.72395928,0.1478375533181367,389.6991757176116,0.0,1.329481769036101,-0.605522489036101,-509.59,0.0,1281.5932219576928,2.6480414507872223,DA34_ZJ000031,DA38,3.368112074388286,3.368112074388286,0.6018520037061144,0.1326041431501506,DA38_DA34,0.5321016066919075,0.02217090027882948,DA38_ZJ000031,DA34_ZJ000031,0.06032994,0.06032994,26.41688443670151,0.022782853335647307,0.6018520037061144
ZJ000031,DA34,0.72395928,0.1478375533181367,389.6991757176116,0.0,1.329481769036101,-0.605522489036101,-509.59,0.0,1281.5932219576928,2.6480414507872223,DA34_ZJ000031,DA39,1.1234468627803316,1.1234445780587765,0.6018520037061144,0.1326041431501506,DA39_DA34,0.7900523334733707,0.03291884722805711,DA39_ZJ000031,DA34_ZJ000031,0.06032994,0.06032994,26.41688443670151,0.022782853335647307,0.6018520037061144
ZJ000031,DA34,0.72395928,0.1478375533181367,389.6991757176116,0.0,1.329481769036101,-0.605522489036101,-509.59,0.0,1281.5932219576928,2.6480414507872223,DA34_ZJ000031,DA40,13.646583949898224,13.646583949898224,0.6018520037061144,0.1326041431501506,DA40_DA34,0.9084855858442228,0.037853566076842614,DA40_ZJ000031,DA34_ZJ000031,0.06032994,0.06032994,26.41688443670151,0.022782853335647307,0.6018520037061144
ZJ000031,DA34,0.72395928,0.1478375533181367,389.6991757176116,0.0,1.329481769036101,-0.605522489036101,-509.59,0.0,1281.5932219576928,2.6480414507872223,DA34_ZJ000031,DA45,1.643434412911336,1.6434322935937735,0.6018520037061144,0.1326041431501506,DA45_DA34,1.0,0.041666666666666664,DA45_ZJ000031,DA34_ZJ000031,0.06032994,0.06032994,26.41688443670151,0.022782853335647307,0.6018520037061144
ZJ000031,DA35,0.48263952,0.1973562423288127,144.55244703933943,0.0,1.9829558589013034,-1.5003163389013034,-860.21,0.0,1281.5932219576928,4.226982356933141,DA35_ZJ000031,DA36,0.8049620032846915,0.8049620032846915,0.0,0.1326041431501506,DA36_DA35,1.155992641604193,0.04816636006684138,DA36_ZJ000031,DA35_ZJ000031,0.0,0.0,26.41688443670151,0.0,0.0
ZJ000031,DA35,0.48263952,0.1973562423288127,144.55244703933943,0.0,1.9829558589013034,-1.5003163389013034,-860.21,0.0,1281.5932219576928,4.226982356933141,DA35_ZJ000031,DA37,0.23995455220897768,0.2399521559470698,0.0,0.1326041431501506,DA37_DA35,1.0,0.041666666666666664,DA37_ZJ000031,DA35_ZJ000031,0.0,0.0,26.41688443670151,0.0,0.0
ZJ000031,DA35,0.48263952,0.1973562423288127,144.55244703933943,0.0,1.9829558589013034,-1.5003163389013034,-860.21,0.0,1281.5932219576928,4.226982356933141,DA35_ZJ000031,DA38,3.368112074388286,3.368112074388286,0.0,0.1326041431501506,DA38_DA35,1.0,0.041666666666666664,DA38_ZJ000031,DA35_ZJ000031,0.0,0.0,26.41688443670151,0.0,0.0
ZJ000031,DA35,0.48263952,0.1973562423288127,144.55244703933943,0.0,1.9829558589013034,-1.5003163389013034,-860.21,0.0,1281.5932219576928,4.226982356933141,DA35_ZJ000031,DA39,1.1234468627803316,1.1234445780587765,0.0,0.1326041431501506,DA39_DA35,1.0,0.041666666666666664,DA39_ZJ000031,DA35_ZJ000031,0.0,0.0,26.41688443670151,0.0,0.0
ZJ000031,DA35,0.48263952,0.1973562423288127,144.55244703933943,0.0,1.9829558589013034,-1.5003163389013034,-860.21,0.0,1281.5932219576928,4.226982356933141,DA35_ZJ000031,DA40,13.646583949898224,13.646583949898224,0.0,0.1326041431501506,DA40_DA35,1.0,0.041666666666666664,DA40_ZJ000031,DA35_ZJ000031,0.0,0.0,26.41688443670151,0.0,0.0
ZJ000031,DA35,0.48263952,0.1973562423288127,144.55244703933943,0.0,1.9829558589013034,-1.5003163389013034,-860.21,0.0,1281.5932219576928,4.226982356933141,DA35_ZJ000031,DA45,1.643434412911336,1.6434322935937735,0.0,0.1326041431501506,DA45_DA35,1.230499979832588,0.0512708324930245,DA45_ZJ000031,DA35_ZJ000031,0.0,0.0,26.41688443670151,0.0,0.0
ZJ000031,DA42,0.42230958,0.08016022472296899,426.8318314469396,0.0,0.766142036393685,-0.34383245639368504,-528.93,0.0,1281.5932219576928,1.4513194833828253,DA42_ZJ000031,DA36,0.8049620032846915,0.8049620032846915,0.0,0.1326041431501506,DA36_DA42,1.162766299832193,0.048448595826341374,DA36_ZJ000031,DA42_ZJ000031,0.0,0.0,26.41688443670151,0.0,0.0
ZJ000031,DA42,0.42230958,0.08016022472296899,426.8318314469396,0.0,0.766142036393685,-0.34383245639368504,-528.93,0.0,1281.5932219576928,1.4513194833828253,DA42_ZJ000031,DA37,0.23995455220897768,0.2399521559470698,0.0,0.1326041431501506,DA37_DA42,1.174055026629258,0.04891895944288575,DA37_ZJ000031,DA42_ZJ000031,0.0,0.0,26.41688443670151,0.0,0.0
ZJ000031,DA42,0.42230958,0.08016022472296899,426.8318314469396,0.0,0.766142036393685,-0.34383245639368504,-528.93,0.0,1281.5932219576928,1.4513194833828253,DA42_ZJ000031,DA38,3.368112074388286,3.368112074388286,0.0,0.1326041431501506,DA38_DA42,0.8867529241820639,0.036948038507586,DA38_ZJ000031,DA42_ZJ000031,0.0,0.0,26.41688443670151,0.0,0.0
ZJ000031,DA42,0.42230958,0.08016022472296899,426.8318314469396,0.0,0.766142036393685,-0.34383245639368504,-528.93,0.0,1281.5932219576928,1.4513194833828253,DA42_ZJ000031,DA39,1.1234468627803316,1.1234445780587765,0.0,0.1326041431501506,DA39_DA42,1.144703650963527,0.04769598545681363,DA39_ZJ000031,DA42_ZJ000031,0.0,0.0,26.41688443670151,0.0,0.0
ZJ000031,DA42,0.42230958,0.08016022472296899,426.8318314469396,0.0,0.766142036393685,-0.34383245639368504,-528.93,0.0,1281.5932219576928,1.4513194833828253,DA42_ZJ000031,DA40,13.646583949898224,13.646583949898224,0.0,0.1326041431501506,DA40_DA42,1.263136903334379,0.05263070430559912,DA40_ZJ000031,DA42_ZJ000031,0.0,0.0,26.41688443670151,0.0,0.0
ZJ000031,DA42,0.42230958,0.08016022472296899,426.8318314469396,0.0,0.766142036393685,-0.34383245639368504,-528.93,0.0,1281.5932219576928,1.4513194833828253,DA42_ZJ000031,DA45,1.643434412911336,1.6434322935937735,0.0,0.1326041431501506,DA45_DA42,1.0,0.041666666666666664,DA45_ZJ000031,DA42_ZJ000031,0.0,0.0,26.41688443670151,0.0,0.0
ZJ000031,DA44,0.72395928,0.07690635765138377,841.3516672856939,0.0,0.754875241740837,-0.030915961740836995,-140.2,0.0,1281.5932219576928,1.093449380341916,DA44_ZJ000031,DA36,0.8049620032846915,0.8049620032846915,0.0,0.1326041431501506,DA36_DA44,1.133414924166462,0.047225621840269245,DA36_ZJ000031,DA44_ZJ000031,0.0,0.0,26.41688443670151,0.0,0.0
ZJ000031,DA44,0.72395928,0.07690635765138377,841.3516672856939,0.0,0.754875241740837,-0.030915961740836995,-140.2,0.0,1281.5932219576928,1.093449380341916,DA44_ZJ000031,DA37,0.23995455220897768,0.2399521559470698,0.0,0.1326041431501506,DA37_DA44,1.144703650963527,0.04769598545681363,DA37_ZJ000031,DA44_ZJ000031,0.0,0.0,26.41688443670151,0.0,0.0
ZJ000031,DA44,0.72395928,0.07690635765138377,841.3516672856939,0.0,0.754875241740837,-0.030915961740836995,-140.2,0.0,1281.5932219576928,1.093449380341916,DA44_ZJ000031,DA38,3.368112074388286,3.368112074388286,0.0,0.1326041431501506,DA38_DA44,0.8574015485163325,0.035725064521513854,DA38_ZJ000031,DA44_ZJ000031,0.0,0.0,26.41688443670151,0.0,0.0
ZJ000031,DA44,0.72395928,0.07690635765138377,841.3516672856939,0.0,0.754875241740837,-0.030915961740836995,-140.2,0.0,1281.5932219576928,1.093449380341916,DA44_ZJ000031,DA39,1.1234468627803316,1.1234445780587765,0.0,0.1326041431501506,DA39_DA44,1.115352275297796,0.0464730114707415,DA39_ZJ000031,DA44_ZJ000031,0.0,0.0,26.41688443670151,0.0,0.0
ZJ000031,DA44,0.72395928,0.07690635765138377,841.3516672856939,0.0,0.754875241740837,-0.030915961740836995,-140.2,0.0,1281.5932219576928,1.093449380341916,DA44_ZJ000031,DA40,13.646583949898224,13.646583949898224,0.0,0.1326041431501506,DA40_DA44,1.233785527668648,0.051407730319527,DA40_ZJ000031,DA44_ZJ000031,0.0,0.0,26.41688443670151,0.0,0.0
ZJ000031,DA44,0.72395928,0.07690635765138377,841.3516672856939,0.0,0.754875241740837,-0.030915961740836995,-140.2,0.0,1281.5932219576928,1.093449380341916,DA44_ZJ000031,DA45,1.643434412911336,1.6434322935937735,0.0,0.1326041431501506,DA45_DA44,1.0,0.041666666666666664,DA45_ZJ000031,DA44_ZJ000031,0.0,0.0,26.41688443670151,0.0,0.0
ZJ000031,DA46,0.18098982,0.03643754192746474,396.7124850526188,0.0,0.33800383958544933,-0.15701401958544933,-530.91,0.0,1281.5932219576928,0.6604316214374837,DA46_ZJ000031,DA36,0.8049620032846915,0.8049620032846915,0.0,0.1326041431501506,DA36_DA46,1.155992641604193,0.04816636006684138,DA36_ZJ000031,DA46_ZJ000031,0.0,0.0,26.41688443670151,0.0,0.0
ZJ000031,DA46,0.18098982,0.03643754192746474,396.7124850526188,0.0,0.33800383958544933,-0.15701401958544933,-530.91,0.0,1281.5932219576928,0.6604316214374837,DA46_ZJ000031,DA37,0.23995455220897768,0.2399521559470698,0.0,0.1326041431501506,DA37_DA46,1.0,0.041666666666666664,DA37_ZJ000031,DA46_ZJ000031,0.0,0.0,26.41688443670151,0.0,0.0
ZJ000031,DA46,0.18098982,0.03643754192746474,396.7124850526188,0.0,0.33800383958544933,-0.15701401958544933,-530.91,0.0,1281.5932219576928,0.6604316214374837,DA46_ZJ000031,DA38,3.368112074388286,3.368112074388286,0.0,0.1326041431501506,DA38_DA46,1.0,0.041666666666666664,DA38_ZJ000031,DA46_ZJ000031,0.0,0.0,26.41688443670151,0.0,0.0
ZJ000031,DA46,0.18098982,0.03643754192746474,396.7124850526188,0.0,0.33800383958544933,-0.15701401958544933,-530.91,0.0,1281.5932219576928,0.6604316214374837,DA46_ZJ000031,DA39,1.1234468627803316,1.1234445780587765,0.0,0.1326041431501506,DA39_DA46,1.0,0.041666666666666664,DA39_ZJ000031,DA46_ZJ000031,0.0,0.0,26.41688443670151,0.0,0.0
ZJ000031,DA46,0.18098982,0.03643754192746474,396.7124850526188,0.0,0.33800383958544933,-0.15701401958544933,-530.91,0.0,1281.5932219576928,0.6604316214374837,DA46_ZJ000031,DA40,13.646583949898224,13.646583949898224,0.0,0.1326041431501506,DA40_DA46,1.0,0.041666666666666664,DA40_ZJ000031,DA46_ZJ000031,0.0,0.0,26.41688443670151,0.0,0.0
ZJ000031,DA46,0.18098982,0.03643754192746474,396.7124850526188,0.0,0.33800383958544933,-0.15701401958544933,-530.91,0.0,1281.5932219576928,0.6604316214374837,DA46_ZJ000031,DA45,1.643434412911336,1.6434322935937735,0.0,0.1326041431501506,DA45_DA46,1.230499979832588,0.0512708324930245,DA45_ZJ000031,DA46_ZJ000031,0.0,0.0,26.41688443670151,0.0,0.0
ZJ000030,DA33,0.42230958,0.2014991620858278,109.58378964380945,0.0,2.01322941164388,-1.5909198316438797,-889.54,0.0,828.2338838973967,3.4612999825824344,DA33_ZJ000030,DA36,1.4033823480564958,1.4033799603543287,7.3670773920685075,0.1326041431501506,DA36_DA33,0.8574469683224957,0.03572695701343732,DA36_ZJ000030,DA33_ZJ000030,0.96527904,0.96527904,26.41688443670151,0.278877602304732,7.3670773920685075
ZJ000030,DA33,0.42230958,0.2014991620858278,109.58378964380945,0.0,2.01322941164388,-1.5909198316438797,-889.54,0.0,828.2338838973967,3.4612999825824344,DA33_ZJ000030,DA37,0.7934735506974601,0.793471213343747,7.3670773920685075,0.1326041431501506,DA37_DA33,0.868735695119561,0.036197320629981704,DA37_ZJ000030,DA33_ZJ000030,0.96527904,0.96527904,26.41688443670151,0.278877602304732,7.3670773920685075
ZJ000030,DA33,0.42230958,0.2014991620858278,109.58378964380945,0.0,2.01322941164388,-1.5909198316438797,-889.54,0.0,828.2338838973967,3.4612999825824344,DA33_ZJ000030,DA38,2.3258319591932692,2.325831662558937,7.3670773920685075,0.1326041431501506,DA38_DA33,0.5814335926723664,0.024226399694681933,DA38_ZJ000030,DA33_ZJ000030,0.96527904,0.96527904,26.41688443670151,0.278877602304732,7.3670773920685075
ZJ000030,DA33,0.42230958,0.2014991620858278,109.58378964380945,0.0,2.01322941164388,-1.5909198316438797,-889.54,0.0,828.2338838973967,3.4612999825824344,DA33_ZJ000030,DA40,3.2509433004358286,3.2509433004358286,7.3670773920685075,0.1326041431501506,DA40_DA33,0.9578175718246816,0.039909065492695066,DA40_ZJ000030,DA33_ZJ000030,0.96527904,0.96527904,26.41688443670151,0.278877602304732,7.3670773920685075
ZJ000030,DA33,0.42230958,0.2014991620858278,109.58378964380945,0.0,2.01322941164388,-1.5909198316438797,-889.54,0.0,828.2338838973967,3.4612999825824344,DA33_ZJ000030,DA44,6.304380352862494,6.304380352862494,7.3670773920685075,0.1326041431501506,DA44_DA33,0.8393843194538297,0.034974346643909575,DA44_ZJ000030,DA33_ZJ000030,0.96527904,0.96527904,26.41688443670151,0.278877602304732,7.3670773920685075
ZJ000030,DA33,0.42230958,0.2014991620858278,109.58378964380945,0.0,2.01322941164388,-1.5909198316438797,-889.54,0.0,828.2338838973967,3.4612999825824344,DA33_ZJ000030,DA45,0.3375648867245159,0.3375648867245159,7.3670773920685075,0.1326041431501506,DA45_DA33,1.0,0.041666666666666664,DA45_ZJ000030,DA33_ZJ000030,0.96527904,0.96527904,26.41688443670151,0.278877602304732,7.3670773920685075
ZJ000030,DA33,0.42230958,0.2014991620858278,109.58378964380945,0.0,2.01322941164388,-1.5909198316438797,-889.54,0.0,828.2338838973967,3.4612999825824344,DA33_ZJ000030,DA46,0.45068353567640235,0.45068353567640235,7.3670773920685075,0.1326041431501506,DA46_DA33,1.0,0.041666666666666664,DA46_ZJ000030,DA33_ZJ000030,0.96527904,0.96527904,26.41688443670151,0.278877602304732,7.3670773920685075
ZJ000030,DA34,0.9049491,0.1077797487168921,739.6281405118633,0.0,1.2826219638698915,-0.3776728638698915,-450.41,0.0,828.2338838973967,1.3781191650485238,DA34_ZJ000030,DA36,1.4033823480564958,1.4033799603543287,0.0,0.1326041431501506,DA36_DA34,0.8081149823420368,0.033671457597584865,DA36_ZJ000030,DA34_ZJ000030,0.0,0.0,26.41688443670151,0.0,0.0
ZJ000030,DA34,0.9049491,0.1077797487168921,739.6281405118633,0.0,1.2826219638698915,-0.3776728638698915,-450.41,0.0,828.2338838973967,1.3781191650485238,DA34_ZJ000030,DA37,0.7934735506974601,0.793471213343747,0.0,0.1326041431501506,DA37_DA34,0.8194037091391021,0.03414182121412925,DA37_ZJ000030,DA34_ZJ000030,0.0,0.0,26.41688443670151,0.0,0.0
ZJ000030,DA34,0.9049491,0.1077797487168921,739.6281405118633,0.0,1.2826219638698915,-0.3776728638698915,-450.41,0.0,828.2338838973967,1.3781191650485238,DA34_ZJ000030,DA38,2.3258319591932692,2.325831662558937,0.0,0.1326041431501506,DA38_DA34,0.5321016066919075,0.02217090027882948,DA38_ZJ000030,DA34_ZJ000030,0.0,0.0,26.41688443670151,0.0,0.0
ZJ000030,DA34,0.9049491,0.1077797487168921,739.6281405118633,0.0,1.2826219638698915,-0.3776728638698915,-450.41,0.0,828.2338838973967,1.3781191650485238,DA34_ZJ000030,DA40,3.2509433004358286,3.2509433004358286,0.0,0.1326041431501506,DA40_DA34,0.9084855858442228,0.037853566076842614,DA40_ZJ000030,DA34_ZJ000030,0.0,0.0,26.41688443670151,0.0,0.0
ZJ000030,DA34,0.9049491,0.1077797487168921,739.6281405118633,0.0,1.2826219638698915,-0.3776728638698915,-450.41,0.0,828.2338838973967,1.3781191650485238,DA34_ZJ000030,DA44,6.304380352862494,6.304380352862494,0.0,0.1326041431501506,DA44_DA34,0.7900523334733707,0.03291884722805711,DA44_ZJ000030,DA34_ZJ000030,0.0,0.0,26.41688443670151,0.0,0.0
ZJ000030,DA34,0.9049491,0.1077797487168921,739.6281405118633,0.0,1.2826219638698915,-0.3776728638698915,-450.41,0.0,828.2338838973967,1.3781191650485238,DA34_ZJ000030,DA45,0.3375648867245159,0.3375648867245159,0.0,0.1326041431501506,DA45_DA34,1.0,0.041666666666666664,DA45_ZJ000030,DA34_ZJ000030,0.0,0.0,26.41688443670151,0.0,0.0
ZJ000030,DA34,0.9049491,0.1077797487168921,739.6281405118633,0.0,1.2826219638698915,-0.3776728638698915,-450.41,0.0,828.2338838973967,1.3781191650485238,DA34_ZJ000030,DA46,0.45068353567640235,0.45068353567640235,0.0,0.1326041431501506,DA46_DA34,1.0,0.041666666666666664,DA46_ZJ000030,DA34_ZJ000030,0.0,0.0,26.41688443670151,0.0,0.0
ZJ000030,DA35,0.96527904,0.2100086836400832,359.6376793896357,0.0,2.51653676455485,-1.55125772455485,-838.66,0.0,828.2338838973967,3.50062190324998,DA35_ZJ000030,DA36,1.4033823480564958,1.4033799603543287,0.0,0.1326041431501506,DA36_DA35,1.155992641604193,0.04816636006684138,DA36_ZJ000030,DA35_ZJ000030,0.0,0.0,26.41688443670151,0.0,0.0
ZJ000030,DA35,0.96527904,0.2100086836400832,359.6376793896357,0.0,2.51653676455485,-1.55125772455485,-838.66,0.0,828.2338838973967,3.50062190324998,DA35_ZJ000030,DA37,0.7934735506974601,0.793471213343747,0.0,0.1326041431501506,DA37_DA35,1.0,0.041666666666666664,DA37_ZJ000030,DA35_ZJ000030,0.0,0.0,26.41688443670151,0.0,0.0
ZJ000030,DA35,0.96527904,0.2100086836400832,359.6376793896357,0.0,2.51653676455485,-1.55125772455485,-838.66,0.0,828.2338838973967,3.50062190324998,DA35_ZJ000030,DA38,2.3258319591932692,2.325831662558937,0.0,0.1326041431501506,DA38_DA35,1.0,0.041666666666666664,DA38_ZJ000030,DA35_ZJ000030,0.0,0.0,26.41688443670151,0.0,0.0
ZJ000030,DA35,0.96527904,0.2100086836400832,359.6376793896357,0.0,2.51653676455485,-1.55125772455485,-838.66,0.0,828.2338838973967,3.50062190324998,DA35_ZJ000030,DA40,3.2509433004358286,3.2509433004358286,0.0,0.1326041431501506,DA40_DA35,1.0,0.041666666666666664,DA40_ZJ000030,DA35_ZJ000030,0.0,0.0,26.41688443670151,0.0,0.0
ZJ000030,DA35,0.96527904,0.2100086836400832,359.6376793896357,0.0,2.51653676455485,-1.55125772455485,-838.66,0.0,828.2338838973967,3.50062190324998,DA35_ZJ000030,DA44,6.304380352862494,6.304380352862494,0.0,0.1326041431501506,DA44_DA35,1.0,0.041666666666666664,DA44_ZJ000030,DA35_ZJ000030,0.0,0.0,26.41688443670151,0.0,0.0
ZJ000030,DA35,0.96527904,0.2100086836400832,359.6376793896357,0.0,2.51653676455485,-1.55125772455485,-838.66,0.0,828.2338838973967,3.50062190324998,DA35_ZJ000030,DA45,0.3375648867245159,0.3375648867245159,0.0,0.1326041431501506,DA45_DA35,1.230499979832588,0.0512708324930245,DA45_ZJ000030,DA35_ZJ000030,0.0,0.0,26.41688443670151,0.0,0.0
ZJ000030,DA35,0.96527904,0.2100086836400832,359.6376793896357,0.0,2.51653676455485,-1.55125772455485,-838.66,0.0,828.2338838973967,3.50062190324998,DA35_ZJ000030,DA46,0.45068353567640235,0.45068353567640235,0.0,0.1326041431501506,DA46_DA35,1.264366951754586,0.052681956323107744,DA46_ZJ000030,DA35_ZJ000030,0.0,0.0,26.41688443670151,0.0,0.0
ZJ000030,DA42,0.48263952,0.06088214652256643,692.7439283388373,0.0,0.6819002845890562,-0.19926076458905617,-427.29,0.0,828.2338838973967,0.7643898906202299,DA42_ZJ000030,DA36,1.4033823480564958,1.4033799603543287,0.0,0.1326041431501506,DA36_DA42,1.162766299832193,0.048448595826341374,DA36_ZJ000030,DA42_ZJ000030,0.0,0.0,26.41688443670151,0.0,0.0
ZJ000030,DA42,0.48263952,0.06088214652256643,692.7439283388373,0.0,0.6819002845890562,-0.19926076458905617,-427.29,0.0,828.2338838973967,0.7643898906202299,DA42_ZJ000030,DA37,0.7934735506974601,0.793471213343747,0.0,0.1326041431501506,DA37_DA42,1.174055026629258,0.04891895944288575,DA37_ZJ000030,DA42_ZJ000030,0.0,0.0,26.41688443670151,0.0,0.0
ZJ000030,DA42,0.48263952,0.06088214652256643,692.7439283388373,0.0,0.6819002845890562,-0.19926076458905617,-427.29,0.0,828.2338838973967,0.7643898906202299,DA42_ZJ000030,DA38,2.3258319591932692,2.325831662558937,0.0,0.1326041431501506,DA38_DA42,0.8867529241820639,0.036948038507586,DA38_ZJ000030,DA42_ZJ000030,0.0,0.0,26.41688443670151,0.0,0.0
ZJ000030,DA42,0.48263952,0.06088214652256643,692.7439283388373,0.0,0.6819002845890562,-0.19926076458905617,-427.29,0.0,828.2338838973967,0.7643898906202299,DA42_ZJ000030,DA40,3.2509433004358286,3.2509433004358286,0.0,0.1326041431501506,DA40_DA42,1.263136903334379,0.05263070430559912,DA40_ZJ000030,DA42_ZJ000030,0.0,0.0,26.41688443670151,0.0,0.0
ZJ000030,DA42,0.48263952,0.06088214652256643,692.7439283388373,0.0,0.6819002845890562,-0.19926076458905617,-427.29,0.0,828.2338838973967,0.7643898906202299,DA42_ZJ000030,DA44,6.304380352862494,6.304380352862494,0.0,0.1326041431501506,DA44_DA42,1.144703650963527,0.04769598545681363,DA44_ZJ000030,DA42_ZJ000030,0.0,0.0,26.41688443670151,0.0,0.0
ZJ000030,DA42,0.48263952,0.06088214652256643,692.7439283388373,0.0,0.6819002845890562,-0.19926076458905617,-427.29,0.0,828.2338838973967,0.7643898906202299,DA42_ZJ000030,DA45,0.3375648867245159,0.3375648867245159,0.0,0.1326041431501506,DA45_DA42,1.0,0.041666666666666664,DA45_ZJ000030,DA42_ZJ000030,0.0,0.0,26.41688443670151,0.0,0.0
ZJ000030,DA42,0.48263952,0.06088214652256643,692.7439283388373,0.0,0.6819002845890562,-0.19926076458905617,-427.29,0.0,828.2338838973967,0.7643898906202299,DA42_ZJ000030,DA46,0.45068353567640235,0.45068353567640235,0.0,0.1326041431501506,DA46_DA42,1.0,0.041666666666666664,DA46_ZJ000030,DA42_ZJ000030,0.0,0.0,26.41688443670151,0.0,0.0
ZJ000030,DA39,0.0,0.01318123903903487,-100.0,0.0,0.0,0.0,-100.0,0.0,828.2338838973967,0.12235272707783326,DA39_ZJ000030,DA36,1.4033823480564958,1.4033799603543287,0.0,0.1326041431501506,DA36_DA39,1.133414924166462,0.047225621840269245,DA36_ZJ000030,DA39_ZJ000030,0.0,0.0,26.41688443670151,0.0,0.0
ZJ000030,DA39,0.0,0.01318123903903487,-100.0,0.0,0.0,0.0,-100.0,0.0,828.2338838973967,0.12235272707783326,DA39_ZJ000030,DA37,0.7934735506974601,0.793471213343747,0.0,0.1326041431501506,DA37_DA39,1.144703650963527,0.04769598545681363,DA37_ZJ000030,DA39_ZJ000030,0.0,0.0,26.41688443670151,0.0,0.0
ZJ000030,DA39,0.0,0.01318123903903487,-100.0,0.0,0.0,0.0,-100.0,0.0,828.2338838973967,0.12235272707783326,DA39_ZJ000030,DA38,2.3258319591932692,2.325831662558937,0.0,0.1326041431501506,DA38_DA39,0.8574015485163325,0.035725064521513854,DA38_ZJ000030,DA39_ZJ000030,0.0,0.0,26.41688443670151,0.0,0.0
ZJ000030,DA39,0.0,0.01318123903903487,-100.0,0.0,0.0,0.0,-100.0,0.0,828.2338838973967,0.12235272707783326,DA39_ZJ000030,DA40,3.2509433004358286,3.2509433004358286,0.0,0.1326041431501506,DA40_DA39,1.233785527668648,0.051407730319527,DA40_ZJ000030,DA39_ZJ000030,0.0,0.0,26.41688443670151,0.0,0.0
ZJ000030,DA39,0.0,0.01318123903903487,-100.0,0.0,0.0,0.0,-100.0,0.0,828.2338838973967,0.12235272707783326,DA39_ZJ000030,DA44,6.304380352862494,6.304380352862494,0.0,0.1326041431501506,DA44_DA39,1.115352275297796,0.0464730114707415,DA44_ZJ000030,DA39_ZJ000030,0.0,0.0,26.41688443670151,0.0,0.0
ZJ000030,DA39,0.0,0.01318123903903487,-100.0,0.0,0.0,0.0,-100.0,0.0,828.2338838973967,0.12235272707783326,DA39_ZJ000030,DA45,0.3375648867245159,0.3375648867245159,0.0,0.1326041431501506,DA45_DA39,1.0,0.041666666666666664,DA45_ZJ000030,DA39_ZJ000030,0.0,0.0,26.41688443670151,0.0,0.0
ZJ000030,DA39,0.0,0.01318123903903487,-100.0,0.0,0.0,0.0,-100.0,0.0,828.2338838973967,0.12235272707783326,DA39_ZJ000030,DA46,0.45068353567640235,0.45068353567640235,0.0,0.1326041431501506,DA46_DA39,1.0,0.041666666666666664,DA46_ZJ000030,DA39_ZJ000030,0.0,0.0,26.41688443670151,0.0,0.0
ZJ000029,DA34,0.66362934,0.3971875514459856,67.08210959382204,0.0,3.899858389645244,-3.236229049645244,-914.79,0.0,-14.068518240869093,3.6334320018727317,DA34_ZJ000029,DA33,0.1207516864111338,0.1207516864111338,0.8772582243078726,0.1326041431501506,DA33_DA34,0.5140843776294046,0.02142018240122519,DA33_ZJ000029,DA34_ZJ000029,0.12065988,0.12065988,26.41688443670151,0.033208239465554845,0.8772582243078726
ZJ000029,DA34,0.66362934,0.3971875514459856,67.08210959382204,0.0,3.899858389645244,-3.236229049645244,-914.79,0.0,-14.068518240869093,3.6334320018727317,DA34_ZJ000029,DA36,2.0534475019953287,2.0534475019953287,0.8772582243078726,0.1326041431501506,DA36_DA34,0.8081149823420368,0.033671457597584865,DA36_ZJ000029,DA34_ZJ000029,0.12065988,0.12065988,26.41688443670151,0.033208239465554845,0.8772582243078726
ZJ000029,DA34,0.66362934,0.3971875514459856,67.08210959382204,0.0,3.899858389645244,-3.236229049645244,-914.79,0.0,-14.068518240869093,3.6334320018727317,DA34_ZJ000029,DA37,2.6690150651087112,2.6690033096960137,0.8772582243078726,0.1326041431501506,DA37_DA34,0.8194037091391021,0.03414182121412925,DA37_ZJ000029,DA34_ZJ000029,0.12065988,0.12065988,26.41688443670151,0.033208239465554845,0.8772582243078726
ZJ000029,DA34,0.66362934,0.3971875514459856,67.08210959382204,0.0,3.899858389645244,-3.236229049645244,-914.79,0.0,-14.068518240869093,3.6334320018727317,DA34_ZJ000029,DA38,3.7284287595964565,3.728419627827763,0.8772582243078726,0.1326041431501506,DA38_DA34,0.5321016066919075,0.02217090027882948,DA38_ZJ000029,DA34_ZJ000029,0.12065988,0.12065988,26.41688443670151,0.033208239465554845,0.8772582243078726
ZJ000029,DA34,0.66362934,0.3971875514459856,67.08210959382204,0.0,3.899858389645244,-3.236229049645244,-914.79,0.0,-14.068518240869093,3.6334320018727317,DA34_ZJ000029,DA40,1.4553131475129137,1.4553131475129137,0.8772582243078726,0.1326041431501506,DA40_DA34,0.9084855858442228,0.037853566076842614,DA40_ZJ000029,DA34_ZJ000029,0.12065988,0.12065988,26.41688443670151,0.033208239465554845,0.8772582243078726
ZJ000029,DA34,0.66362934,0.3971875514459856,67.08210959382204,0.0,3.899858389645244,-3.236229049645244,-914.79,0.0,-14.068518240869093,3.6334320018727317,DA34_ZJ000029,DA42,1.3930265792520715,1.3930265792520715,0.8772582243078726,0.1326041431501506,DA42_DA34,0.8194037091391021,0.03414182121412925,DA42_ZJ000029,DA34_ZJ000029,0.12065988,0.12065988,26.41688443670151,0.033208239465554845,0.8772582243078726
ZJ000029,DA34,0.66362934,0.3971875514459856,67.08210959382204,0.0,3.899858389645244,-3.236229049645244,-914.79,0.0,-14.068518240869093,3.6334320018727317,DA34_ZJ000029,DA44,1.0297937272208306,1.0297937272208306,0.8772582243078726,0.1326041431501506,DA44_DA34,0.7900523334733707,0.03291884722805711,DA44_ZJ000029,DA34_ZJ000029,0.12065988,0.12065988,26.41688443670151,0.033208239465554845,0.8772582243078726
ZJ000029,DA34,0.66362934,0.3971875514459856,67.08210959382204,0.0,3.899858389645244,-3.236229049645244,-914.79,0.0,-14.068518240869093,3.6334320018727317,DA34_ZJ000029,DA46,1.652993967606604,1.6529928911875478,0.8772582243078726,0.1326041431501506,DA46_DA34,1.0,0.041666666666666664,DA46_ZJ000029,DA34_ZJ000029,0.12065988,0.12065988,26.41688443670151,0.033208239465554845,0.8772582243078726
ZJ000029,DA35,1.32725868,0.5191603107806494,155.6548820159676,0.0,6.037280776277733,-4.710022096277733,-1007.24,0.0,-14.068518240869093,5.229190314307013,DA35_ZJ000029,DA33,0.1207516864111338,0.1207516864111338,0.0,0.1326041431501506,DA33_DA35,1.0,0.041666666666666664,DA33_ZJ000029,DA35_ZJ000029,0.0,0.0,26.41688443670151,0.0,0.0
ZJ000029,DA35,1.32725868,0.5191603107806494,155.6548820159676,0.0,6.037280776277733,-4.710022096277733,-1007.24,0.0,-14.068518240869093,5.229190314307013,DA35_ZJ000029,DA36,2.0534475019953287,2.0534475019953287,0.0,0.1326041431501506,DA36_DA35,1.155992641604193,0.04816636006684138,DA36_ZJ000029,DA35_ZJ000029,0.0,0.0,26.41688443670151,0.0,0.0
ZJ000029,DA35,1.32725868,0.5191603107806494,155.6548820159676,0.0,6.037280776277733,-4.710022096277733,-1007.24,0.0,-14.068518240869093,5.229190314307013,DA35_ZJ000029,DA37,2.6690150651087112,2.6690033096960137,0.0,0.1326041431501506,DA37_DA35,1.0,0.041666666666666664,DA37_ZJ000029,DA35_ZJ000029,0.0,0.0,26.41688443670151,0.0,0.0
ZJ000029,DA35,1.32725868,0.5191603107806494,155.6548820159676,0.0,6.037280776277733,-4.710022096277733,-1007.24,0.0,-14.068518240869093,5.229190314307013,DA35_ZJ000029,DA38,3.7284287595964565,3.728419627827763,0.0,0.1326041431501506,DA38_DA35,1.0,0.041666666666666664,DA38_ZJ000029,DA35_ZJ000029,0.0,0.0,26.41688443670151,0.0,0.0
ZJ000029,DA35,1.32725868,0.5191603107806494,155.6548820159676,0.0,6.037280776277733,-4.710022096277733,-1007.24,0.0,-14.068518240869093,5.229190314307013,DA35_ZJ000029,DA40,1.4553131475129137,1.4553131475129137,0.0,0.1326041431501506,DA40_DA35,1.0,0.041666666666666664,DA40_ZJ000029,DA35_ZJ000029,0.0,0.0,26.41688443670151,0.0,0.0
ZJ000029,DA35,1.32725868,0.5191603107806494,155.6548820159676,0.0,6.037280776277733,-4.710022096277733,-1007.24,0.0,-14.068518240869093,5.229190314307013,DA35_ZJ000029,DA42,1.3930265792520715,1.3930265792520715,0.0,0.1326041431501506,DA42_DA35,1.0,0.041666666666666664,DA42_ZJ000029,DA35_ZJ000029,0.0,0.0,26.41688443670151,0.0,0.0
ZJ000029,DA35,1.32725868,0.5191603107806494,155.6548820159676,0.0,6.037280776277733,-4.710022096277733,-1007.24,0.0,-14.068518240869093,5.229190314307013,DA35_ZJ000029,DA44,1.0297937272208306,1.0297937272208306,0.0,0.1326041431501506,DA44_DA35,1.0,0.041666666666666664,DA44_ZJ000029,DA35_ZJ000029,0.0,0.0,26.41688443670151,0.0,0.0
ZJ000029,DA35,1.32725868,0.5191603107806494,155.6548820159676,0.0,6.037280776277733,-4.710022096277733,-1007.24,0.0,-14.068518240869093,5.229190314307013,DA35_ZJ000029,DA46,1.652993967606604,1.6529928911875478,0.0,0.1326041431501506,DA46_DA35,1.264366951754586,0.052681956323107744,DA46_ZJ000029,DA35_ZJ000029,0.0,0.0,26.41688443670151,0.0,0.0
ZJ000029,DA39,1.38758862,0.3363944482365653,312.4885613522954,0.0,4.124850219817085,-2.737261599817085,-913.71,0.0,-14.068518240869093,3.0736697129823205,DA39_ZJ000029,DA33,0.1207516864111338,0.1207516864111338,0.0,0.1326041431501506,DA33_DA39,0.8393843194538297,0.034974346643909575,DA33_ZJ000029,DA39_ZJ000029,0.0,0.0,26.41688443670151,0.0,0.0
ZJ000029,DA39,1.38758862,0.3363944482365653,312.4885613522954,0.0,4.124850219817085,-2.737261599817085,-913.71,0.0,-14.068518240869093,3.0736697129823205,DA39_ZJ000029,DA36,2.0534475019953287,2.0534475019953287,0.0,0.1326041431501506,DA36_DA39,1.133414924166462,0.047225621840269245,DA36_ZJ000029,DA39_ZJ000029,0.0,0.0,26.41688443670151,0.0,0.0
ZJ000029,DA39,1.38758862,0.3363944482365653,312.4885613522954,0.0,4.124850219817085,-2.737261599817085,-913.71,0.0,-14.068518240869093,3.0736697129823205,DA39_ZJ000029,DA37,2.6690150651087112,2.6690033096960137,0.0,0.1326041431501506,DA37_DA39,1.144703650963527,0.04769598545681363,DA37_ZJ000029,DA39_ZJ000029,0.0,0.0,26.41688443670151,0.0,0.0
ZJ000029,DA39,1.38758862,0.3363944482365653,312.4885613522954,0.0,4.124850219817085,-2.737261599817085,-913.71,0.0,-14.068518240869093,3.0736697129823205,DA39_ZJ000029,DA38,3.7284287595964565,3.728419627827763,0.0,0.1326041431501506,DA38_DA39,0.8574015485163325,0.035725064521513854,DA38_ZJ000029,DA39_ZJ000029,0.0,0.0,26.41688443670151,0.0,0.0
ZJ000029,DA39,1.38758862,0.3363944482365653,312.4885613522954,0.0,4.124850219817085,-2.737261599817085,-913.71,0.0,-14.068518240869093,3.0736697129823205,DA39_ZJ000029,DA40,1.4553131475129137,1.4553131475129137,0.0,0.1326041431501506,DA40_DA39,1.233785527668648,0.051407730319527,DA40_ZJ000029,DA39_ZJ000029,0.0,0.0,26.41688443670151,0.0,0.0
ZJ000029,DA39,1.38758862,0.3363944482365653,312.4885613522954,0.0,4.124850219817085,-2.737261599817085,-913.71,0.0,-14.068518240869093,3.0736697129823205,DA39_ZJ000029,DA42,1.3930265792520715,1.3930265792520715,0.0,0.1326041431501506,DA42_DA39,1.144703650963527,0.04769598545681363,DA42_ZJ000029,DA39_ZJ000029,0.0,0.0,26.41688443670151,0.0,0.0
ZJ000029,DA39,1.38758862,0.3363944482365653,312.4885613522954,0.0,4.124850219817085,-2.737261599817085,-913.71,0.0,-14.068518240869093,3.0736697129823205,DA39_ZJ000029,DA44,1.0297937272208306,1.0297937272208306,0.0,0.1326041431501506,DA44_DA39,1.115352275297796,0.0464730114707415,DA44_ZJ000029,DA39_ZJ000029,0.0,0.0,26.41688443670151,0.0,0.0
ZJ000029,DA39,1.38758862,0.3363944482365653,312.4885613522954,0.0,4.124850219817085,-2.737261599817085,-913.71,0.0,-14.068518240869093,3.0736697129823205,DA39_ZJ000029,DA46,1.652993967606604,1.6529928911875478,0.0,0.1326041431501506,DA46_DA39,1.0,0.041666666666666664,DA46_ZJ000029,DA39_ZJ000029,0.0,0.0,26.41688443670151,0.0,0.0
ZJ000029,DA45,0.6032993999999999,0.2776416752526198,117.29425146677697,0.0,3.037389707319854,-2.434090307319854,-976.7,0.0,-14.068518240869093,2.711726242192338,DA45_ZJ000029,DA33,0.1207516864111338,0.1207516864111338,0.0,0.1326041431501506,DA33_DA45,1.0,0.041666666666666664,DA33_ZJ000029,DA45_ZJ000029,0.0,0.0,26.41688443670151,0.0,0.0
ZJ000029,DA45,0.6032993999999999,0.2776416752526198,117.29425146677697,0.0,3.037389707319854,-2.434090307319854,-976.7,0.0,-14.068518240869093,2.711726242192338,DA45_ZJ000029,DA36,2.0534475019953287,2.0534475019953287,0.0,0.1326041431501506,DA36_DA45,1.122125669682195,0.046755236236758126,DA36_ZJ000029,DA45_ZJ000029,0.0,0.0,26.41688443670151,0.0,0.0
ZJ000029,DA45,0.6032993999999999,0.2776416752526198,117.29425146677697,0.0,3.037389707319854,-2.434090307319854,-976.7,0.0,-14.068518240869093,2.711726242192338,DA45_ZJ000029,DA37,2.6690150651087112,2.6690033096960137,0.0,0.1326041431501506,DA37_DA45,1.0,0.041666666666666664,DA37_ZJ000029,DA45_ZJ000029,0.0,0.0,26.41688443670151,0.0,0.0
ZJ000029,DA45,0.6032993999999999,0.2776416752526198,117.29425146677697,0.0,3.037389707319854,-2.434090307319854,-976.7,0.0,-14.068518240869093,2.711726242192338,DA45_ZJ000029,DA38,3.7284287595964565,3.728419627827763,0.0,0.1326041431501506,DA38_DA45,1.0,0.041666666666666664,DA38_ZJ000029,DA45_ZJ000029,0.0,0.0,26.41688443670151,0.0,0.0
ZJ000029,DA45,0.6032993999999999,0.2776416752526198,117.29425146677697,0.0,3.037389707319854,-2.434090307319854,-976.7,0.0,-14.068518240869093,2.711726242192338,DA45_ZJ000029,DA40,1.4553131475129137,1.4553131475129137,0.0,0.1326041431501506,DA40_DA45,1.0,0.041666666666666664,DA40_ZJ000029,DA45_ZJ000029,0.0,0.0,26.41688443670151,0.0,0.0
ZJ000029,DA45,0.6032993999999999,0.2776416752526198,117.29425146677697,0.0,3.037389707319854,-2.434090307319854,-976.7,0.0,-14.068518240869093,2.711726242192338,DA45_ZJ000029,DA42,1.3930265792520715,1.3930265792520715,0.0,0.1326041431501506,DA42_DA45,1.0,0.041666666666666664,DA42_ZJ000029,DA45_ZJ000029,0.0,0.0,26.41688443670151,0.0,0.0
ZJ000029,DA45,0.6032993999999999,0.2776416752526198,117.29425146677697,0.0,3.037389707319854,-2.434090307319854,-976.7,0.0,-14.068518240869093,2.711726242192338,DA45_ZJ000029,DA44,1.0297937272208306,1.0297937272208306,0.0,0.1326041431501506,DA44_DA45,1.0,0.041666666666666664,DA44_ZJ000029,DA45_ZJ000029,0.0,0.0,26.41688443670151,0.0,0.0
ZJ000029,DA45,0.6032993999999999,0.2776416752526198,117.29425146677697,0.0,3.037389707319854,-2.434090307319854,-976.7,0.0,-14.068518240869093,2.711726242192338,DA45_ZJ000029,DA46,1.652993967606604,1.6529928911875478,0.0,0.1326041431501506,DA46_DA45,1.230499979832588,0.0512708324930245,DA46_ZJ000029,DA45_ZJ000029,0.0,0.0,26.41688443670151,0.0,0.0
ZJ000012,DA39,0.0,0.0050546191968317,-100.0,0.0,0.0,0.0,-100.0,0.0,7576.232469563802,0.38800432,DA39_ZJ000012,DA33,0.18421559662853132,0.18421559662853132,0.0,0.1100717985133087,DA33_DA39,0.8393843194538297,0.034974346643909575,DA33_ZJ000012,DA39_ZJ000012,0.0,0.0,26.41688443670151,0.0,0.0
ZJ000012,DA39,0.0,0.0050546191968317,-100.0,0.0,0.0,0.0,-100.0,0.0,7576.232469563802,0.38800432,DA39_ZJ000012,DA38,4.045332043161294,4.045331940803168,0.0,0.1100717985133087,DA38_DA39,0.8574015485163325,0.035725064521513854,DA38_ZJ000012,DA39_ZJ000012,0.0,0.0,26.41688443670151,0.0,0.0
ZJ000012,DA39,0.0,0.0050546191968317,-100.0,0.0,0.0,0.0,-100.0,0.0,7576.232469563802,0.38800432,DA39_ZJ000012,DA46,0.41134036108088656,0.4113402608031683,0.0,0.1100717985133087,DA46_DA39,1.0,0.041666666666666664,DA46_ZJ000012,DA39_ZJ000012,0.0,0.0,26.41688443670151,0.0,0.0
ZJ000012,DA42,0.0,0.0050546191968317,-100.0,0.0,0.0,0.0,-100.0,0.0,7576.232469563802,0.38800432,DA42_ZJ000012,DA33,0.18421559662853132,0.18421559662853132,0.0,0.1100717985133087,DA33_DA42,0.868735695119561,0.036197320629981704,DA33_ZJ000012,DA42_ZJ000012,0.0,0.0,26.41688443670151,0.0,0.0
ZJ000012,DA42,0.0,0.0050546191968317,-100.0,0.0,0.0,0.0,-100.0,0.0,7576.232469563802,0.38800432,DA42_ZJ000012,DA38,4.045332043161294,4.045331940803168,0.0,0.1100717985133087,DA38_DA42,0.8867529241820639,0.036948038507586,DA38_ZJ000012,DA42_ZJ000012,0.0,0.0,26.41688443670151,0.0,0.0
ZJ000012,DA42,0.0,0.0050546191968317,-100.0,0.0,0.0,0.0,-100.0,0.0,7576.232469563802,0.38800432,DA42_ZJ000012,DA46,0.41134036108088656,0.4113402608031683,0.0,0.1100717985133087,DA46_DA42,1.0,0.041666666666666664,DA46_ZJ000012,DA42_ZJ000012,0.0,0.0,26.41688443670151,0.0,0.0
ZJ000012,DA34,0.0,0.0050546191968317,-100.0,0.0,0.0,0.0,-100.0,0.0,7576.232469563802,0.38800432,DA34_ZJ000012,DA33,0.18421559662853132,0.18421559662853132,0.0,0.1100717985133087,DA33_DA34,0.5140843776294046,0.02142018240122519,DA33_ZJ000012,DA34_ZJ000012,0.0,0.0,26.41688443670151,0.0,0.0
ZJ000012,DA34,0.0,0.0050546191968317,-100.0,0.0,0.0,0.0,-100.0,0.0,7576.232469563802,0.38800432,DA34_ZJ000012,DA38,4.045332043161294,4.045331940803168,0.0,0.1100717985133087,DA38_DA34,0.5321016066919075,0.02217090027882948,DA38_ZJ000012,DA34_ZJ000012,0.0,0.0,26.41688443670151,0.0,0.0
ZJ000012,DA34,0.0,0.0050546191968317,-100.0,0.0,0.0,0.0,-100.0,0.0,7576.232469563802,0.38800432,DA34_ZJ000012,DA46,0.41134036108088656,0.4113402608031683,0.0,0.1100717985133087,DA46_DA34,1.0,0.041666666666666664,DA46_ZJ000012,DA34_ZJ000012,0.0,0.0,26.41688443670151,0.0,0.0
ZJ000012,DA45,0.0,0.0050546191968317,-100.0,0.0,0.0,0.0,-100.0,0.0,7576.232469563802,0.38800432,DA45_ZJ000012,DA33,0.18421559662853132,0.18421559662853132,0.0,0.1100717985133087,DA33_DA45,1.0,0.041666666666666664,DA33_ZJ000012,DA45_ZJ000012,0.0,0.0,26.41688443670151,0.0,0.0
ZJ000012,DA45,0.0,0.0050546191968317,-100.0,0.0,0.0,0.0,-100.0,0.0,7576.232469563802,0.38800432,DA45_ZJ000012,DA38,4.045332043161294,4.045331940803168,0.0,0.1100717985133087,DA38_DA45,1.0,0.041666666666666664,DA38_ZJ000012,DA45_ZJ000012,0.0,0.0,26.41688443670151,0.0,0.0
ZJ000012,DA45,0.0,0.0050546191968317,-100.0,0.0,0.0,0.0,-100.0,0.0,7576.232469563802,0.38800432,DA45_ZJ000012,DA46,0.41134036108088656,0.4113402608031683,0.0,0.1100717985133087,DA46_DA45,1.230499979832588,0.0512708324930245,DA46_ZJ000012,DA45_ZJ000012,0.0,0.0,26.41688443670151,0.0,0.0
ZJ000012,DA35,0.0,0.0050546191968317,-100.0,0.0,0.0,0.0,-100.0,0.0,7576.232469563802,0.38800432,DA35_ZJ000012,DA33,0.18421559662853132,0.18421559662853132,0.0,0.1100717985133087,DA33_DA35,1.0,0.041666666666666664,DA33_ZJ000012,DA35_ZJ000012,0.0,0.0,26.41688443670151,0.0,0.0
ZJ000012,DA35,0.0,0.0050546191968317,-100.0,0.0,0.0,0.0,-100.0,0.0,7576.232469563802,0.38800432,DA35_ZJ000012,DA38,4.045332043161294,4.045331940803168,0.0,0.1100717985133087,DA38_DA35,1.0,0.041666666666666664,DA38_ZJ000012,DA35_ZJ000012,0.0,0.0,26.41688443670151,0.0,0.0
ZJ000012,DA35,0.0,0.0050546191968317,-100.0,0.0,0.0,0.0,-100.0,0.0,7576.232469563802,0.38800432,DA35_ZJ000012,DA46,0.41134036108088656,0.4113402608031683,0.0,0.1100717985133087,DA46_DA35,1.264366951754586,0.052681956323107744,DA46_ZJ000012,DA35_ZJ000012,0.0,0.0,26.41688443670151,0.0,0.0
ZJ000012,DA36,0.0,0.0050546191968317,-100.0,0.0,0.0,0.0,-100.0,0.0,7576.232469563802,0.38800432,DA36_ZJ000012,DA33,0.18421559662853132,0.18421559662853132,0.0,0.1100717985133087,DA33_DA36,0.8574469683224957,0.03572695701343732,DA33_ZJ000012,DA36_ZJ000012,0.0,0.0,26.41688443670151,0.0,0.0
ZJ000012,DA36,0.0,0.0050546191968317,-100.0,0.0,0.0,0.0,-100.0,0.0,7576.232469563802,0.38800432,DA36_ZJ000012,DA38,4.045332043161294,4.045331940803168,0.0,0.1100717985133087,DA38_DA36,0.8754641973849986,0.03647767489104161,DA38_ZJ000012,DA36_ZJ000012,0.0,0.0,26.41688443670151,0.0,0.0
ZJ000012,DA36,0.0,0.0050546191968317,-100.0,0.0,0.0,0.0,-100.0,0.0,7576.232469563802,0.38800432,DA36_ZJ000012,DA46,0.41134036108088656,0.4113402608031683,0.0,0.1100717985133087,DA46_DA36,1.155992641604193,0.04816636006684138,DA46_ZJ000012,DA36_ZJ000012,0.0,0.0,26.41688443670151,0.0,0.0
ZJ000012,DA44,0.0,0.0050546191968317,-100.0,0.0,0.0,0.0,-100.0,0.0,7576.232469563802,0.38800432,DA44_ZJ000012,DA33,0.18421559662853132,0.18421559662853132,0.0,0.1100717985133087,DA33_DA44,0.8393843194538297,0.034974346643909575,DA33_ZJ000012,DA44_ZJ000012,0.0,0.0,26.41688443670151,0.0,0.0
ZJ000012,DA44,0.0,0.0050546191968317,-100.0,0.0,0.0,0.0,-100.0,0.0,7576.232469563802,0.38800432,DA44_ZJ000012,DA38,4.045332043161294,4.045331940803168,0.0,0.1100717985133087,DA38_DA44,0.8574015485163325,0.035725064521513854,DA38_ZJ000012,DA44_ZJ000012,0.0,0.0,26.41688443670151,0.0,0.0
ZJ000012,DA44,0.0,0.0050546191968317,-100.0,0.0,0.0,0.0,-100.0,0.0,7576.232469563802,0.38800432,DA44_ZJ000012,DA46,0.41134036108088656,0.4113402608031683,0.0,0.1100717985133087,DA46_DA44,1.0,0.041666666666666664,DA46_ZJ000012,DA44_ZJ000012,0.0,0.0,26.41688443670151,0.0,0.0
ZJ000012,DA37,0.0,0.0050546191968317,-100.0,0.0,0.0,0.0,-100.0,0.0,7576.232469563802,0.38800432,DA37_ZJ000012,DA33,0.18421559662853132,0.18421559662853132,0.0,0.1100717985133087,DA33_DA37,0.868735695119561,0.036197320629981704,DA33_ZJ000012,DA37_ZJ000012,0.0,0.0,26.41688443670151,0.0,0.0
ZJ000012,DA37,0.0,0.0050546191968317,-100.0,0.0,0.0,0.0,-100.0,0.0,7576.232469563802,0.38800432,DA37_ZJ000012,DA38,4.045332043161294,4.045331940803168,0.0,0.1100717985133087,DA38_DA37,0.8867529241820639,0.036948038507586,DA38_ZJ000012,DA37_ZJ000012,0.0,0.0,26.41688443670151,0.0,0.0
ZJ000012,DA37,0.0,0.0050546191968317,-100.0,0.0,0.0,0.0,-100.0,0.0,7576.232469563802,0.38800432,DA37_ZJ000012,DA46,0.41134036108088656,0.4113402608031683,0.0,0.1100717985133087,DA46_DA37,1.0,0.041666666666666664,DA46_ZJ000012,DA37_ZJ000012,0.0,0.0,26.41688443670151,0.0,0.0
ZJ000012,DA40,0.0,0.0050546191968317,-100.0,0.0,0.0,0.0,-100.0,0.0,7576.232469563802,0.38800432,DA40_ZJ000012,DA33,0.18421559662853132,0.18421559662853132,0.0,0.1100717985133087,DA33_DA40,0.9578175718246816,0.039909065492695066,DA33_ZJ000012,DA40_ZJ000012,0.0,0.0,26.41688443670151,0.0,0.0
ZJ000012,DA40,0.0,0.0050546191968317,-100.0,0.0,0.0,0.0,-100.0,0.0,7576.232469563802,0.38800432,DA40_ZJ000012,DA38,4.045332043161294,4.045331940803168,0.0,0.1100717985133087,DA38_DA40,0.9758348008871847,0.04065978337029936,DA38_ZJ000012,DA40_ZJ000012,0.0,0.0,26.41688443670151,0.0,0.0
ZJ000012,DA40,0.0,0.0050546191968317,-100.0,0.0,0.0,0.0,-100.0,0.0,7576.232469563802,0.38800432,DA40_ZJ000012,DA46,0.41134036108088656,0.4113402608031683,0.0,0.1100717985133087,DA46_DA40,1.0,0.041666666666666664,DA46_ZJ000012,DA40_ZJ000012,0.0,0.0,26.41688443670151,0.0,0.0
ZJ000008,DA33,1.33435632,2.329641463090215,-42.722674662992674,8.857854719999999,21.148258928782973,-10.956047888782974,-570.29,0.0,1316.3757511830222,43.95254760948216,DA33_ZJ000008,DA34,111.20693208228329,111.20693208228329,0.0,0.08985452939861932,DA34_DA33,0.5140843776294046,0.02142018240122519,DA34_ZJ000008,DA33_ZJ000008,0.0,0.0,26.41688443670151,0.0,0.0
ZJ000008,DA33,1.33435632,2.329641463090215,-42.722674662992674,8.857854719999999,21.148258928782973,-10.956047888782974,-570.29,0.0,1316.3757511830222,43.95254760948216,DA33_ZJ000008,DA37,11.860790555582454,11.860724076845102,0.0,0.08985452939861932,DA37_DA33,0.868735695119561,0.036197320629981704,DA37_ZJ000008,DA33_ZJ000008,0.0,0.0,26.41688443670151,0.0,0.0
ZJ000008,DA33,1.33435632,2.329641463090215,-42.722674662992674,8.857854719999999,21.148258928782973,-10.956047888782974,-570.29,0.0,1316.3757511830222,43.95254760948216,DA33_ZJ000008,DA38,126.12791184631753,126.12791184631753,0.0,0.08985452939861932,DA38_DA33,0.5814335926723664,0.024226399694681933,DA38_ZJ000008,DA33_ZJ000008,0.0,0.0,26.41688443670151,0.0,0.0
ZJ000008,DA33,1.33435632,2.329641463090215,-42.722674662992674,8.857854719999999,21.148258928782973,-10.956047888782974,-570.29,0.0,1316.3757511830222,43.95254760948216,DA33_ZJ000008,DA39,7.092315771345336,7.0923067650756,0.0,0.08985452939861932,DA39_DA33,0.8393843194538297,0.034974346643909575,DA39_ZJ000008,DA33_ZJ000008,0.0,0.0,26.41688443670151,0.0,0.0
ZJ000008,DA33,1.33435632,2.329641463090215,-42.722674662992674,8.857854719999999,21.148258928782973,-10.956047888782974,-570.29,0.0,1316.3757511830222,43.95254760948216,DA33_ZJ000008,DA40,110.16303048046224,110.16303048046224,0.0,0.08985452939861932,DA40_DA33,0.9578175718246816,0.039909065492695066,DA40_ZJ000008,DA33_ZJ000008,0.0,0.0,26.41688443670151,0.0,0.0
ZJ000008,DA33,1.33435632,2.329641463090215,-42.722674662992674,8.857854719999999,21.148258928782973,-10.956047888782974,-570.29,0.0,1316.3757511830222,43.95254760948216,DA33_ZJ000008,DA42,8.595273885794217,8.595273885794217,0.0,0.08985452939861932,DA42_DA33,0.868735695119561,0.036197320629981704,DA42_ZJ000008,DA33_ZJ000008,0.0,0.0,26.41688443670151,0.0,0.0
ZJ000008,DA33,1.33435632,2.329641463090215,-42.722674662992674,8.857854719999999,21.148258928782973,-10.956047888782974,-570.29,0.0,1316.3757511830222,43.95254760948216,DA33_ZJ000008,DA44,22.465884622858116,22.465884622858116,0.0,0.08985452939861932,DA44_DA33,0.8393843194538297,0.034974346643909575,DA44_ZJ000008,DA33_ZJ000008,0.0,0.0,26.41688443670151,0.0,0.0
ZJ000008,DA33,1.33435632,2.329641463090215,-42.722674662992674,8.857854719999999,21.148258928782973,-10.956047888782974,-570.29,0.0,1316.3757511830222,43.95254760948216,DA33_ZJ000008,DA45,11.208301006723087,11.208301006723087,0.0,0.08985452939861932,DA45_DA33,1.0,0.041666666666666664,DA45_ZJ000008,DA33_ZJ000008,0.0,0.0,26.41688443670151,0.0,0.0
ZJ000008,DA33,1.33435632,2.329641463090215,-42.722674662992674,8.857854719999999,21.148258928782973,-10.956047888782974,-570.29,0.0,1316.3757511830222,43.95254760948216,DA33_ZJ000008,DA46,9.536847311466772,9.536816126070878,0.0,0.08985452939861932,DA46_DA33,1.0,0.041666666666666664,DA46_ZJ000008,DA33_ZJ000008,0.0,0.0,26.41688443670151,0.0,0.0
ZJ000008,DA35,3.08510752,1.3553869356927,127.61821283331824,0.0,11.454319898821737,-8.369212378821736,-717.48,0.0,1316.3757511830222,27.566615142369308,DA35_ZJ000008,DA34,111.20693208228329,111.20693208228329,0.0,0.08985452939861932,DA34_DA35,1.0,0.041666666666666664,DA34_ZJ000008,DA35_ZJ000008,0.0,0.0,26.41688443670151,0.0,0.0
ZJ000008,DA35,3.08510752,1.3553869356927,127.61821283331824,0.0,11.454319898821737,-8.369212378821736,-717.48,0.0,1316.3757511830222,27.566615142369308,DA35_ZJ000008,DA37,11.860790555582454,11.860724076845102,0.0,0.08985452939861932,DA37_DA35,1.0,0.041666666666666664,DA37_ZJ000008,DA35_ZJ000008,0.0,0.0,26.41688443670151,0.0,0.0
ZJ000008,DA35,3.08510752,1.3553869356927,127.61821283331824,0.0,11.454319898821737,-8.369212378821736,-717.48,0.0,1316.3757511830222,27.566615142369308,DA35_ZJ000008,DA38,126.12791184631753,126.12791184631753,0.0,0.08985452939861932,DA38_DA35,1.0,0.041666666666666664,DA38_ZJ000008,DA35_ZJ000008,0.0,0.0,26.41688443670151,0.0,0.0
ZJ000008,DA35,3.08510752,1.3553869356927,127.61821283331824,0.0,11.454319898821737,-8.369212378821736,-717.48,0.0,1316.3757511830222,27.566615142369308,DA35_ZJ000008,DA39,7.092315771345336,7.0923067650756,0.0,0.08985452939861932,DA39_DA35,1.0,0.041666666666666664,DA39_ZJ000008,DA35_ZJ000008,0.0,0.0,26.41688443670151,0.0,0.0
ZJ000008,DA35,3.08510752,1.3553869356927,127.61821283331824,0.0,11.454319898821737,-8.369212378821736,-717.48,0.0,1316.3757511830222,27.566615142369308,DA35_ZJ000008,DA40,110.16303048046224,110.16303048046224,0.0,0.08985452939861932,DA40_DA35,1.0,0.041666666666666664,DA40_ZJ000008,DA35_ZJ000008,0.0,0.0,26.41688443670151,0.0,0.0
ZJ000008,DA35,3.08510752,1.3553869356927,127.61821283331824,0.0,11.454319898821737,-8.369212378821736,-717.48,0.0,1316.3757511830222,27.566615142369308,DA35_ZJ000008,DA42,8.595273885794217,8.595273885794217,0.0,0.08985452939861932,DA42_DA35,1.0,0.041666666666666664,DA42_ZJ000008,DA35_ZJ000008,0.0,0.0,26.41688443670151,0.0,0.0
ZJ000008,DA35,3.08510752,1.3553869356927,127.61821283331824,0.0,11.454319898821737,-8.369212378821736,-717.48,0.0,1316.3757511830222,27.566615142369308,DA35_ZJ000008,DA44,22.465884622858116,22.465884622858116,0.0,0.08985452939861932,DA44_DA35,1.0,0.041666666666666664,DA44_ZJ000008,DA35_ZJ000008,0.0,0.0,26.41688443670151,0.0,0.0
ZJ000008,DA35,3.08510752,1.3553869356927,127.61821283331824,0.0,11.454319898821737,-8.369212378821736,-717.48,0.0,1316.3757511830222,27.566615142369308,DA35_ZJ000008,DA45,11.208301006723087,11.208301006723087,0.0,0.08985452939861932,DA45_DA35,1.230499979832588,0.0512708324930245,DA45_ZJ000008,DA35_ZJ000008,0.0,0.0,26.41688443670151,0.0,0.0
ZJ000008,DA35,3.08510752,1.3553869356927,127.61821283331824,0.0,11.454319898821737,-8.369212378821736,-717.48,0.0,1316.3757511830222,27.566615142369308,DA35_ZJ000008,DA46,9.536847311466772,9.536816126070878,0.0,0.08985452939861932,DA46_DA35,1.264366951754586,0.052681956323107744,DA46_ZJ000008,DA35_ZJ000008,0.0,0.0,26.41688443670151,0.0,0.0
ZJ000008,DA36,15.07538736,2.730116882494309,452.1883497613009,0.0,23.965797279840437,-8.890409919840437,-425.64,0.0,1316.3757511830222,47.55906611875774,DA36_ZJ000008,DA34,111.20693208228329,111.20693208228329,0.0,0.08985452939861932,DA34_DA36,0.8081149823420368,0.033671457597584865,DA34_ZJ000008,DA36_ZJ000008,0.0,0.0,26.41688443670151,0.0,0.0
ZJ000008,DA36,15.07538736,2.730116882494309,452.1883497613009,0.0,23.965797279840437,-8.890409919840437,-425.64,0.0,1316.3757511830222,47.55906611875774,DA36_ZJ000008,DA37,11.860790555582454,11.860724076845102,0.0,0.08985452939861932,DA37_DA36,1.162766299832193,0.048448595826341374,DA37_ZJ000008,DA36_ZJ000008,0.0,0.0,26.41688443670151,0.0,0.0
ZJ000008,DA36,15.07538736,2.730116882494309,452.1883497613009,0.0,23.965797279840437,-8.890409919840437,-425.64,0.0,1316.3757511830222,47.55906611875774,DA36_ZJ000008,DA38,126.12791184631753,126.12791184631753,0.0,0.08985452939861932,DA38_DA36,0.8754641973849986,0.03647767489104161,DA38_ZJ000008,DA36_ZJ000008,0.0,0.0,26.41688443670151,0.0,0.0
ZJ000008,DA36,15.07538736,2.730116882494309,452.1883497613009,0.0,23.965797279840437,-8.890409919840437,-425.64,0.0,1316.3757511830222,47.55906611875774,DA36_ZJ000008,DA39,7.092315771345336,7.0923067650756,0.0,0.08985452939861932,DA39_DA36,1.133414924166462,0.047225621840269245,DA39_ZJ000008,DA36_ZJ000008,0.0,0.0,26.41688443670151,0.0,0.0
ZJ000008,DA36,15.07538736,2.730116882494309,452.1883497613009,0.0,23.965797279840437,-8.890409919840437,-425.64,0.0,1316.3757511830222,47.55906611875774,DA36_ZJ000008,DA40,110.16303048046224,110.16303048046224,0.0,0.08985452939861932,DA40_DA36,1.251848176537314,0.05216034068905475,DA40_ZJ000008,DA36_ZJ000008,0.0,0.0,26.41688443670151,0.0,0.0
ZJ000008,DA36,15.07538736,2.730116882494309,452.1883497613009,0.0,23.965797279840437,-8.890409919840437,-425.64,0.0,1316.3757511830222,47.55906611875774,DA36_ZJ000008,DA42,8.595273885794217,8.595273885794217,0.0,0.08985452939861932,DA42_DA36,1.162766299832193,0.048448595826341374,DA42_ZJ000008,DA36_ZJ000008,0.0,0.0,26.41688443670151,0.0,0.0
ZJ000008,DA36,15.07538736,2.730116882494309,452.1883497613009,0.0,23.965797279840437,-8.890409919840437,-425.64,0.0,1316.3757511830222,47.55906611875774,DA36_ZJ000008,DA44,22.465884622858116,22.465884622858116,0.0,0.08985452939861932,DA44_DA36,1.133414924166462,0.047225621840269245,DA44_ZJ000008,DA36_ZJ000008,0.0,0.0,26.41688443670151,0.0,0.0
ZJ000008,DA36,15.07538736,2.730116882494309,452.1883497613009,0.0,23.965797279840437,-8.890409919840437,-425.64,0.0,1316.3757511830222,47.55906611875774,DA36_ZJ000008,DA45,11.208301006723087,11.208301006723087,0.0,0.08985452939861932,DA45_DA36,1.122125669682195,0.046755236236758126,DA45_ZJ000008,DA36_ZJ000008,0.0,0.0,26.41688443670151,0.0,0.0
ZJ000008,DA36,15.07538736,2.730116882494309,452.1883497613009,0.0,23.965797279840437,-8.890409919840437,-425.64,0.0,1316.3757511830222,47.55906611875774,DA36_ZJ000008,DA46,9.536847311466772,9.536816126070878,0.0,0.08985452939861932,DA46_DA36,1.155992641604193,0.04816636006684138,DA46_ZJ000008,DA36_ZJ000008,0.0,0.0,26.41688443670151,0.0,0.0
ZJ000004,DA33,7.41324,4.816513783466449,53.91298215417305,0.0,30.437649034252804,-23.024409034252805,-578.03,0.0,-558.519224232611,27.84089462257111,DA33_ZJ000004,DA44,0.11288023089217986,0.11288023089217986,0.0,0.2840263576459895,DA44_DA33,0.8393843194538297,0.034974346643909575,DA44_ZJ000004,DA33_ZJ000004,0.0,0.0,26.41688443670151,0.0,0.0
ZJ000004,DA34,20.65536,5.870880125593727,251.82731648623312,0.0,38.185774537112735,-17.530414537112733,-398.6,0.0,-558.519224232611,23.4013281806166,DA34_ZJ000004,DA44,0.11288023089217986,0.11288023089217986,0.0,0.2840263576459895,DA44_DA34,0.7900523334733707,0.03291884722805711,DA44_ZJ000004,DA34_ZJ000004,0.0,0.0,26.41688443670151,0.0,0.0
ZJ000004,DA35,3.73596,2.807116891587297,33.0888646353264,0.0,18.092170291844276,-14.356210291844276,-611.42,0.0,-558.519224232611,17.16327409854305,DA35_ZJ000004,DA44,0.11288023089217986,0.11288023089217986,0.0,0.2840263576459895,DA44_DA35,1.0,0.041666666666666664,DA44_ZJ000004,DA35_ZJ000004,0.0,0.0,26.41688443670151,0.0,0.0
ZJ000004,DA36,6.044040000000001,4.992171878159194,21.07035069130414,0.0,34.7179434296946,-28.673903429694597,-674.38,0.0,-558.519224232611,33.666208711929976,DA36_ZJ000004,DA44,0.11288023089217986,0.11288023089217986,0.0,0.2840263576459895,DA44_DA36,1.133414924166462,0.047225621840269245,DA44_ZJ000004,DA36_ZJ000004,0.0,0.0,26.41688443670151,0.0,0.0
ZJ000004,DA37,5.16384,1.291255909674266,299.90833430552414,0.0,8.065184346966726,-2.9013443469667255,-324.69,0.0,-558.519224232611,4.192578813121374,DA37_ZJ000004,DA44,0.11288023089217986,0.11288023089217986,0.0,0.2840263576459895,DA44_DA37,1.144703650963527,0.04769598545681363,DA44_ZJ000004,DA37_ZJ000004,0.0,0.0,26.41688443670151,0.0,0.0
ZJ000004,DA38,4.57704,3.463858489964437,32.13703773582829,0.0,23.42272210838985,-18.84568210838985,-644.07,0.0,-558.519224232611,22.309673376313953,DA38_ZJ000004,DA44,0.11288023089217986,0.11288023089217986,0.0,0.2840263576459895,DA44_DA38,0.8574015485163325,0.035725064521513854,DA44_ZJ000004,DA38_ZJ000004,0.0,0.0,26.41688443670151,0.0,0.0
ZJ000004,DA39,1.01712,1.182901653243809,-14.014829786499552,0.0,7.173456347916348,-6.156336347916348,-620.44,0.0,-558.519224232611,7.339195017385889,DA39_ZJ000004,DA44,0.11288023089217986,0.11288023089217986,0.0,0.2840263576459895,DA44_DA39,1.115352275297796,0.0464730114707415,DA44_ZJ000004,DA39_ZJ000004,0.0,0.0,26.41688443670151,0.0,0.0
ZJ000004,DA40,37.71168,14.22970510700689,165.0208118608887,3.5208,100.07169767120875,-58.83921767120875,-513.5,0.0,-558.519224232611,73.06953572448037,DA40_ZJ000004,DA44,0.11288023089217986,0.11288023089217986,0.0,0.2840263576459895,DA44_DA40,1.233785527668648,0.051407730319527,DA44_ZJ000004,DA40_ZJ000004,0.0,0.0,26.41688443670151,0.0,0.0
ZJ000004,DA42,1.09536,1.968078962465632,-44.34369652385694,0.0,9.769375634040777,-8.674015634040778,-540.74,0.0,-558.519224232611,10.642190181636659,DA42_ZJ000004,DA44,0.11288023089217986,0.11288023089217986,0.0,0.2840263576459895,DA44_DA42,1.144703650963527,0.04769598545681363,DA44_ZJ000004,DA42_ZJ000004,0.0,0.0,26.41688443670151,0.0,0.0
ZJ000004,DA45,2.42544,4.833639031064632,-49.82165642878415,0.0,34.856656673991324,-32.43121667399132,-770.95,0.0,-558.519224232611,37.264940109992786,DA45_ZJ000004,DA44,0.11288023089217986,0.11288023089217986,0.0,0.2840263576459895,DA44_DA45,1.0,0.041666666666666664,DA44_ZJ000004,DA45_ZJ000004,0.0,0.0,26.41688443670151,0.0,0.0
ZJ000004,DA46,0.9584400000000001,1.017028978426856,-5.760797348909525,0.0,6.9752945703496,-6.0168545703496,-691.61,0.0,-558.519224232611,7.033874117697979,DA46_ZJ000004,DA44,0.11288023089217986,0.11288023089217986,0.4407650045500017,0.2840263576459895,DA44_DA46,1.0,0.041666666666666664,DA44_ZJ000004,DA46_ZJ000004,0.11736,0.11736,26.41688443670151,0.016684973037079196,0.4407650045500017
ZHC00001,DA35,0.03409652076318744,0.01488753726066776,129.027274062776,0.0,0.09527766665436901,-0.06118114589118157,-510.96,0.0,709.2924159884013,0.18166553310447178,DA35_ZHC00001,DA33,0.11789962677328801,0.11789962677328801,0.0,0.391046741277156,DA33_DA35,1.0,0.041666666666666664,DA33_ZHC00001,DA35_ZHC00001,0.0,0.0,26.41688443670151,0.0,0.0
ZHC00001,DA35,0.03409652076318744,0.01488753726066776,129.027274062776,0.0,0.09527766665436901,-0.06118114589118157,-510.96,0.0,709.2924159884013,0.18166553310447178,DA35_ZHC00001,DA34,0.26643392175015573,0.26643392175015573,0.0,0.391046741277156,DA34_DA35,1.0,0.041666666666666664,DA34_ZHC00001,DA35_ZHC00001,0.0,0.0,26.41688443670151,0.0,0.0
ZHC00001,DA35,0.03409652076318744,0.01488753726066776,129.027274062776,0.0,0.09527766665436901,-0.06118114589118157,-510.96,0.0,709.2924159884013,0.18166553310447178,DA35_ZHC00001,DA36,0.06689235123815267,0.06689226830978022,0.0,0.391046741277156,DA36_DA35,1.155992641604193,0.04816636006684138,DA36_ZHC00001,DA35_ZHC00001,0.0,0.0,26.41688443670151,0.0,0.0
ZHC00001,DA35,0.03409652076318744,0.01488753726066776,129.027274062776,0.0,0.09527766665436901,-0.06118114589118157,-510.96,0.0,709.2924159884013,0.18166553310447178,DA35_ZHC00001,DA37,0.06496506617287097,0.06496484839412975,0.0,0.391046741277156,DA37_DA35,1.0,0.041666666666666664,DA37_ZHC00001,DA35_ZHC00001,0.0,0.0,26.41688443670151,0.0,0.0
ZHC00001,DA35,0.03409652076318744,0.01488753726066776,129.027274062776,0.0,0.09527766665436901,-0.06118114589118157,-510.96,0.0,709.2924159884013,0.18166553310447178,DA35_ZHC00001,DA38,0.1624428461335612,0.1624428461335612,0.0,0.391046741277156,DA38_DA35,1.0,0.041666666666666664,DA38_ZHC00001,DA35_ZHC00001,0.0,0.0,26.41688443670151,0.0,0.0
ZHC00001,DA35,0.03409652076318744,0.01488753726066776,129.027274062776,0.0,0.09527766665436901,-0.06118114589118157,-510.96,0.0,709.2924159884013,0.18166553310447178,DA35_ZHC00001,DA39,0.16224685425242932,0.16224672014350497,0.0,0.391046741277156,DA39_DA35,1.0,0.041666666666666664,DA39_ZHC00001,DA35_ZHC00001,0.0,0.0,26.41688443670151,0.0,0.0
ZHC00001,DA35,0.03409652076318744,0.01488753726066776,129.027274062776,0.0,0.09527766665436901,-0.06118114589118157,-510.96,0.0,709.2924159884013,0.18166553310447178,DA35_ZHC00001,DA40,0.1002470347667951,0.10024652051329226,0.0,0.391046741277156,DA40_DA35,1.0,0.041666666666666664,DA40_ZHC00001,DA35_ZHC00001,0.0,0.0,26.41688443670151,0.0,0.0
ZHC00001,DA35,0.03409652076318744,0.01488753726066776,129.027274062776,0.0,0.09527766665436901,-0.06118114589118157,-510.96,0.0,709.2924159884013,0.18166553310447178,DA35_ZHC00001,DA42,0.009898532089731155,0.009898532089731155,0.0,0.391046741277156,DA42_DA35,1.0,0.041666666666666664,DA42_ZHC00001,DA35_ZHC00001,0.0,0.0,26.41688443670151,0.0,0.0
ZHC00001,DA35,0.03409652076318744,0.01488753726066776,129.027274062776,0.0,0.09527766665436901,-0.06118114589118157,-510.96,0.0,709.2924159884013,0.18166553310447178,DA35_ZHC00001,DA44,0.1196592353946476,0.1196592353946476,0.0,0.391046741277156,DA44_DA35,1.0,0.041666666666666664,DA44_ZHC00001,DA35_ZHC00001,0.0,0.0,26.41688443670151,0.0,0.0
ZHC00001,DA35,0.03409652076318744,0.01488753726066776,129.027274062776,0.0,0.09527766665436901,-0.06118114589118157,-510.96,0.0,709.2924159884013,0.18166553310447178,DA35_ZHC00001,DA46,0.03470683183953084,0.03470670403655523,0.0,0.391046741277156,DA46_DA35,1.264366951754586,0.052681956323107744,DA46_ZHC00001,DA35_ZHC00001,0.0,0.0,26.41688443670151,0.0,0.0
ZHC00001,DA45,0.04830340441451553,0.006760526389657067,614.491766327766,0.0,0.04538225701168627,0.002921147402829255,-56.79,0.0,709.2924159884013,0.0517912038994183,DA45_ZHC00001,DA33,0.11789962677328801,0.11789962677328801,0.0,0.391046741277156,DA33_DA45,1.0,0.041666666666666664,DA33_ZHC00001,DA45_ZHC00001,0.0,0.0,26.41688443670151,0.0,0.0
ZHC00001,DA45,0.04830340441451553,0.006760526389657067,614.491766327766,0.0,0.04538225701168627,0.002921147402829255,-56.79,0.0,709.2924159884013,0.0517912038994183,DA45_ZHC00001,DA34,0.26643392175015573,0.26643392175015573,0.0,0.391046741277156,DA34_DA45,1.0,0.041666666666666664,DA34_ZHC00001,DA45_ZHC00001,0.0,0.0,26.41688443670151,0.0,0.0
ZHC00001,DA45,0.04830340441451553,0.006760526389657067,614.491766327766,0.0,0.04538225701168627,0.002921147402829255,-56.79,0.0,709.2924159884013,0.0517912038994183,DA45_ZHC00001,DA36,0.06689235123815267,0.06689226830978022,0.0,0.391046741277156,DA36_DA45,1.122125669682195,0.046755236236758126,DA36_ZHC00001,DA45_ZHC00001,0.0,0.0,26.41688443670151,0.0,0.0
ZHC00001,DA45,0.04830340441451553,0.006760526389657067,614.491766327766,0.0,0.04538225701168627,0.002921147402829255,-56.79,0.0,709.2924159884013,0.0517912038994183,DA45_ZHC00001,DA37,0.06496506617287097,0.06496484839412975,0.0,0.391046741277156,DA37_DA45,1.0,0.041666666666666664,DA37_ZHC00001,DA45_ZHC00001,0.0,0.0,26.41688443670151,0.0,0.0
ZHC00001,DA45,0.04830340441451553,0.006760526389657067,614.491766327766,0.0,0.04538225701168627,0.002921147402829255,-56.79,0.0,709.2924159884013,0.0517912038994183,DA45_ZHC00001,DA38,0.1624428461335612,0.1624428461335612,0.0,0.391046741277156,DA38_DA45,1.0,0.041666666666666664,DA38_ZHC00001,DA45_ZHC00001,0.0,0.0,26.41688443670151,0.0,0.0
ZHC00001,DA45,0.04830340441451553,0.006760526389657067,614.491766327766,0.0,0.04538225701168627,0.002921147402829255,-56.79,0.0,709.2924159884013,0.0517912038994183,DA45_ZHC00001,DA39,0.16224685425242932,0.16224672014350497,0.0,0.391046741277156,DA39_DA45,1.0,0.041666666666666664,DA39_ZHC00001,DA45_ZHC00001,0.0,0.0,26.41688443670151,0.0,0.0
ZHC00001,DA45,0.04830340441451553,0.006760526389657067,614.491766327766,0.0,0.04538225701168627,0.002921147402829255,-56.79,0.0,709.2924159884013,0.0517912038994183,DA45_ZHC00001,DA40,0.1002470347667951,0.10024652051329226,0.0,0.391046741277156,DA40_DA45,1.0,0.041666666666666664,DA40_ZHC00001,DA45_ZHC00001,0.0,0.0,26.41688443670151,0.0,0.0
ZHC00001,DA45,0.04830340441451553,0.006760526389657067,614.491766327766,0.0,0.04538225701168627,0.002921147402829255,-56.79,0.0,709.2924159884013,0.0517912038994183,DA45_ZHC00001,DA42,0.009898532089731155,0.009898532089731155,0.0,0.391046741277156,DA42_DA45,1.0,0.041666666666666664,DA42_ZHC00001,DA45_ZHC00001,0.0,0.0,26.41688443670151,0.0,0.0
ZHC00001,DA45,0.04830340441451553,0.006760526389657067,614.491766327766,0.0,0.04538225701168627,0.002921147402829255,-56.79,0.0,709.2924159884013,0.0517912038994183,DA45_ZHC00001,DA44,0.1196592353946476,0.1196592353946476,0.0,0.391046741277156,DA44_DA45,1.0,0.041666666666666664,DA44_ZHC00001,DA45_ZHC00001,0.0,0.0,26.41688443670151,0.0,0.0
ZHC00001,DA45,0.04830340441451553,0.006760526389657067,614.491766327766,0.0,0.04538225701168627,0.002921147402829255,-56.79,0.0,709.2924159884013,0.0517912038994183,DA45_ZHC00001,DA46,0.03470683183953084,0.03470670403655523,0.0,0.391046741277156,DA46_DA45,1.230499979832588,0.0512708324930245,DA46_ZHC00001,DA45_ZHC00001,0.0,0.0,26.41688443670151,0.0,0.0
ZFA00014,DA34,0.003333582535885169,0.0050546191968317,-34.04878970952547,0.0,0.0,0.003333582535885169,-34.05,0.0,147.31703858927943,0.009167413149258877,DA34_ZFA00014,DA33,0.084951973917311,0.084951973917311,0.0,0.6695927978726811,DA33_DA34,0.5140843776294046,0.02142018240122519,DA33_ZFA00014,DA34_ZFA00014,0.0,0.0,26.41688443670151,0.0,0.0
ZFA00014,DA34,0.003333582535885169,0.0050546191968317,-34.04878970952547,0.0,0.0,0.003333582535885169,-34.05,0.0,147.31703858927943,0.009167413149258877,DA34_ZFA00014,DA35,0.02494757850788254,0.02494757850788254,0.0,0.6695927978726811,DA35_DA34,1.0,0.041666666666666664,DA35_ZFA00014,DA34_ZFA00014,0.0,0.0,26.41688443670151,0.0,0.0
ZFA00014,DA34,0.003333582535885169,0.0050546191968317,-34.04878970952547,0.0,0.0,0.003333582535885169,-34.05,0.0,147.31703858927943,0.009167413149258877,DA34_ZFA00014,DA38,0.019947043736456938,0.019947043736456938,0.0,0.6695927978726811,DA38_DA34,0.5321016066919075,0.02217090027882948,DA38_ZFA00014,DA34_ZFA00014,0.0,0.0,26.41688443670151,0.0,0.0
ZFA00014,DA45,0.001666791267942584,0.0050546191968317,-67.02439485476275,0.0,0.0,0.001666791267942584,-67.02,0.0,147.31703858927943,0.010833921098454286,DA45_ZFA00014,DA33,0.084951973917311,0.084951973917311,0.0,0.6695927978726811,DA33_DA45,1.0,0.041666666666666664,DA33_ZFA00014,DA45_ZFA00014,0.0,0.0,26.41688443670151,0.0,0.0
ZFA00014,DA45,0.001666791267942584,0.0050546191968317,-67.02439485476275,0.0,0.0,0.001666791267942584,-67.02,0.0,147.31703858927943,0.010833921098454286,DA45_ZFA00014,DA35,0.02494757850788254,0.02494757850788254,0.0,0.6695927978726811,DA35_DA45,1.230499979832588,0.0512708324930245,DA35_ZFA00014,DA45_ZFA00014,0.0,0.0,26.41688443670151,0.0,0.0
ZFA00014,DA45,0.001666791267942584,0.0050546191968317,-67.02439485476275,0.0,0.0,0.001666791267942584,-67.02,0.0,147.31703858927943,0.010833921098454286,DA45_ZFA00014,DA38,0.019947043736456938,0.019947043736456938,0.0,0.6695927978726811,DA38_DA45,1.0,0.041666666666666664,DA38_ZFA00014,DA45_ZFA00014,0.0,0.0,26.41688443670151,0.0,0.0
ZFA00014,DA39,0.0,0.0050546191968317,-100.0,0.0,0.0,0.0,-100.0,0.0,147.31703858927943,0.012500934509569381,DA39_ZFA00014,DA33,0.084951973917311,0.084951973917311,0.0,0.6695927978726811,DA33_DA39,0.8393843194538297,0.034974346643909575,DA33_ZFA00014,DA39_ZFA00014,0.0,0.0,26.41688443670151,0.0,0.0
ZFA00014,DA39,0.0,0.0050546191968317,-100.0,0.0,0.0,0.0,-100.0,0.0,147.31703858927943,0.012500934509569381,DA39_ZFA00014,DA35,0.02494757850788254,0.02494757850788254,0.0,0.6695927978726811,DA35_DA39,1.0,0.041666666666666664,DA35_ZFA00014,DA39_ZFA00014,0.0,0.0,26.41688443670151,0.0,0.0
ZFA00014,DA39,0.0,0.0050546191968317,-100.0,0.0,0.0,0.0,-100.0,0.0,147.31703858927943,0.012500934509569381,DA39_ZFA00014,DA38,0.019947043736456938,0.019947043736456938,0.0,0.6695927978726811,DA38_DA39,0.8574015485163325,0.035725064521513854,DA38_ZFA00014,DA39_ZFA00014,0.0,0.0,26.41688443670151,0.0,0.0
ZFA00014,DA42,0.0,0.0050546191968317,-100.0,0.0,0.0,0.0,-100.0,0.0,147.31703858927943,0.012500934509569381,DA42_ZFA00014,DA33,0.084951973917311,0.084951973917311,0.0,0.6695927978726811,DA33_DA42,0.868735695119561,0.036197320629981704,DA33_ZFA00014,DA42_ZFA00014,0.0,0.0,26.41688443670151,0.0,0.0
ZFA00014,DA42,0.0,0.0050546191968317,-100.0,0.0,0.0,0.0,-100.0,0.0,147.31703858927943,0.012500934509569381,DA42_ZFA00014,DA35,0.02494757850788254,0.02494757850788254,0.0,0.6695927978726811,DA35_DA42,1.0,0.041666666666666664,DA35_ZFA00014,DA42_ZFA00014,0.0,0.0,26.41688443670151,0.0,0.0
ZFA00014,DA42,0.0,0.0050546191968317,-100.0,0.0,0.0,0.0,-100.0,0.0,147.31703858927943,0.012500934509569381,DA42_ZFA00014,DA38,0.019947043736456938,0.019947043736456938,0.0,0.6695927978726811,DA38_DA42,0.8867529241820639,0.036948038507586,DA38_ZFA00014,DA42_ZFA00014,0.0,0.0,26.41688443670151,0.0,0.0
ZFA00014,DA46,0.0,0.0050546191968317,-100.0,0.0,0.0,0.0,-100.0,0.0,147.31703858927943,0.012500934509569381,DA46_ZFA00014,DA33,0.084951973917311,0.084951973917311,0.0,0.6695927978726811,DA33_DA46,1.0,0.041666666666666664,DA33_ZFA00014,DA46_ZFA00014,0.0,0.0,26.41688443670151,0.0,0.0
ZFA00014,DA46,0.0,0.0050546191968317,-100.0,0.0,0.0,0.0,-100.0,0.0,147.31703858927943,0.012500934509569381,DA46_ZFA00014,DA35,0.02494757850788254,0.02494757850788254,0.0,0.6695927978726811,DA35_DA46,1.264366951754586,0.052681956323107744,DA35_ZFA00014,DA46_ZFA00014,0.0,0.0,26.41688443670151,0.0,0.0
ZFA00014,DA46,0.0,0.0050546191968317,-100.0,0.0,0.0,0.0,-100.0,0.0,147.31703858927943,0.012500934509569381,DA46_ZFA00014,DA38,0.019947043736456938,0.019947043736456938,0.0,0.6695927978726811,DA38_DA46,1.0,0.041666666666666664,DA38_ZFA00014,DA46_ZFA00014,0.0,0.0,26.41688443670151,0.0,0.0
ZFA00014,DA36,0.0,0.0050546191968317,-100.0,0.0,0.0,0.0,-100.0,0.0,147.31703858927943,0.012500934509569381,DA36_ZFA00014,DA33,0.084951973917311,0.084951973917311,0.0,0.6695927978726811,DA33_DA36,0.8574469683224957,0.03572695701343732,DA33_ZFA00014,DA36_ZFA00014,0.0,0.0,26.41688443670151,0.0,0.0
ZFA00014,DA36,0.0,0.0050546191968317,-100.0,0.0,0.0,0.0,-100.0,0.0,147.31703858927943,0.012500934509569381,DA36_ZFA00014,DA35,0.02494757850788254,0.02494757850788254,0.0,0.6695927978726811,DA35_DA36,1.155992641604193,0.04816636006684138,DA35_ZFA00014,DA36_ZFA00014,0.0,0.0,26.41688443670151,0.0,0.0
ZFA00014,DA36,0.0,0.0050546191968317,-100.0,0.0,0.0,0.0,-100.0,0.0,147.31703858927943,0.012500934509569381,DA36_ZFA00014,DA38,0.019947043736456938,0.019947043736456938,0.0,0.6695927978726811,DA38_DA36,0.8754641973849986,0.03647767489104161,DA38_ZFA00014,DA36_ZFA00014,0.0,0.0,26.41688443670151,0.0,0.0
ZFA00014,DA44,0.0,0.0050546191968317,-100.0,0.0,0.0,0.0,-100.0,0.0,147.31703858927943,0.012500934509569381,DA44_ZFA00014,DA33,0.084951973917311,0.084951973917311,0.0,0.6695927978726811,DA33_DA44,0.8393843194538297,0.034974346643909575,DA33_ZFA00014,DA44_ZFA00014,0.0,0.0,26.41688443670151,0.0,0.0
ZFA00014,DA44,0.0,0.0050546191968317,-100.0,0.0,0.0,0.0,-100.0,0.0,147.31703858927943,0.012500934509569381,DA44_ZFA00014,DA35,0.02494757850788254,0.02494757850788254,0.0,0.6695927978726811,DA35_DA44,1.0,0.041666666666666664,DA35_ZFA00014,DA44_ZFA00014,0.0,0.0,26.41688443670151,0.0,0.0
ZFA00014,DA44,0.0,0.0050546191968317,-100.0,0.0,0.0,0.0,-100.0,0.0,147.31703858927943,0.012500934509569381,DA44_ZFA00014,DA38,0.019947043736456938,0.019947043736456938,0.0,0.6695927978726811,DA38_DA44,0.8574015485163325,0.035725064521513854,DA38_ZFA00014,DA44_ZFA00014,0.0,0.0,26.41688443670151,0.0,0.0
ZFA00014,DA37,0.0,0.0050546191968317,-100.0,0.0,0.0,0.0,-100.0,0.0,147.31703858927943,0.012500934509569381,DA37_ZFA00014,DA33,0.084951973917311,0.084951973917311,0.0,0.6695927978726811,DA33_DA37,0.868735695119561,0.036197320629981704,DA33_ZFA00014,DA37_ZFA00014,0.0,0.0,26.41688443670151,0.0,0.0
ZFA00014,DA37,0.0,0.0050546191968317,-100.0,0.0,0.0,0.0,-100.0,0.0,147.31703858927943,0.012500934509569381,DA37_ZFA00014,DA35,0.02494757850788254,0.02494757850788254,0.0,0.6695927978726811,DA35_DA37,1.0,0.041666666666666664,DA35_ZFA00014,DA37_ZFA00014,0.0,0.0,26.41688443670151,0.0,0.0
ZFA00014,DA37,0.0,0.0050546191968317,-100.0,0.0,0.0,0.0,-100.0,0.0,147.31703858927943,0.012500934509569381,DA37_ZFA00014,DA38,0.019947043736456938,0.019947043736456938,0.0,0.6695927978726811,DA38_DA37,0.8867529241820639,0.036948038507586,DA38_ZFA00014,DA37_ZFA00014,0.0,0.0,26.41688443670151,0.0,0.0
ZFA00014,DA40,0.0,0.0050546191968317,-100.0,0.0,0.0,0.0,-100.0,0.0,147.31703858927943,0.012500934509569381,DA40_ZFA00014,DA33,0.084951973917311,0.084951973917311,0.0,0.6695927978726811,DA33_DA40,0.9578175718246816,0.039909065492695066,DA33_ZFA00014,DA40_ZFA00014,0.0,0.0,26.41688443670151,0.0,0.0
ZFA00014,DA40,0.0,0.0050546191968317,-100.0,0.0,0.0,0.0,-100.0,0.0,147.31703858927943,0.012500934509569381,DA40_ZFA00014,DA35,0.02494757850788254,0.02494757850788254,0.0,0.6695927978726811,DA35_DA40,1.0,0.041666666666666664,DA35_ZFA00014,DA40_ZFA00014,0.0,0.0,26.41688443670151,0.0,0.0
ZFA00014,DA40,0.0,0.0050546191968317,-100.0,0.0,0.0,0.0,-100.0,0.0,147.31703858927943,0.012500934509569381,DA40_ZFA00014,DA38,0.019947043736456938,0.019947043736456938,0.0,0.6695927978726811,DA38_DA40,0.9758348008871847,0.04065978337029936,DA38_ZFA00014,DA40_ZFA00014,0.0,0.0,26.41688443670151,0.0,0.0
ZFA00013,DA34,0.001666791267942584,0.0050546191968317,-67.02439485476275,0.0,0.0,0.001666791267942584,-67.02,0.0,-12.065052946033965,0.0033876057857166048,DA34_ZFA00013,DA33,0.04494921213166526,0.04494911884144583,0.0,0.6695927978726811,DA33_DA34,0.5140843776294046,0.02142018240122519,DA33_ZFA00013,DA34_ZFA00013,0.0,0.0,26.41688443670151,0.0,0.0
ZFA00013,DA38,0.001666791267942584,0.0050546191968317,-67.02439485476275,0.0,0.0,0.001666791267942584,-67.02,0.0,-12.065052946033965,0.0033876057857166048,DA38_ZFA00013,DA33,0.04494921213166526,0.04494911884144583,0.0,0.6695927978726811,DA33_DA38,0.5814335926723664,0.024226399694681933,DA33_ZFA00013,DA38_ZFA00013,0.0,0.0,26.41688443670151,0.0,0.0
ZFA00013,DA39,0.0,0.0050546191968317,-100.0,0.0,0.0,0.0,-100.0,0.0,-12.065052946033965,0.0050546191968317,DA39_ZFA00013,DA33,0.04494921213166526,0.04494911884144583,0.0,0.6695927978726811,DA33_DA39,0.8393843194538297,0.034974346643909575,DA33_ZFA00013,DA39_ZFA00013,0.0,0.0,26.41688443670151,0.0,0.0
ZFA00013,DA42,0.0,0.0050546191968317,-100.0,0.0,0.0,0.0,-100.0,0.0,-12.065052946033965,0.0050546191968317,DA42_ZFA00013,DA33,0.04494921213166526,0.04494911884144583,0.0,0.6695927978726811,DA33_DA42,0.868735695119561,0.036197320629981704,DA33_ZFA00013,DA42_ZFA00013,0.0,0.0,26.41688443670151,0.0,0.0
ZFA00013,DA45,0.0,0.0050546191968317,-100.0,0.0,0.0,0.0,-100.0,0.0,-12.065052946033965,0.0050546191968317,DA45_ZFA00013,DA33,0.04494921213166526,0.04494911884144583,0.0,0.6695927978726811,DA33_DA45,1.0,0.041666666666666664,DA33_ZFA00013,DA45_ZFA00013,0.0,0.0,26.41688443670151,0.0,0.0
ZFA00013,DA35,0.0,0.0050546191968317,-100.0,0.0,0.0,0.0,-100.0,0.0,-12.065052946033965,0.0050546191968317,DA35_ZFA00013,DA33,0.04494921213166526,0.04494911884144583,0.0,0.6695927978726811,DA33_DA35,1.0,0.041666666666666664,DA33_ZFA00013,DA35_ZFA00013,0.0,0.0,26.41688443670151,0.0,0.0
ZFA00013,DA46,0.0,0.0050546191968317,-100.0,0.0,0.0,0.0,-100.0,0.0,-12.065052946033965,0.0050546191968317,DA46_ZFA00013,DA33,0.04494921213166526,0.04494911884144583,0.0,0.6695927978726811,DA33_DA46,1.0,0.041666666666666664,DA33_ZFA00013,DA46_ZFA00013,0.0,0.0,26.41688443670151,0.0,0.0
ZFA00013,DA36,0.0,0.0050546191968317,-100.0,0.0,0.0,0.0,-100.0,0.0,-12.065052946033965,0.0050546191968317,DA36_ZFA00013,DA33,0.04494921213166526,0.04494911884144583,0.0,0.6695927978726811,DA33_DA36,0.8574469683224957,0.03572695701343732,DA33_ZFA00013,DA36_ZFA00013,0.0,0.0,26.41688443670151,0.0,0.0
ZFA00013,DA44,0.0,0.0050546191968317,-100.0,0.0,0.0,0.0,-100.0,0.0,-12.065052946033965,0.0050546191968317,DA44_ZFA00013,DA33,0.04494921213166526,0.04494911884144583,0.0,0.6695927978726811,DA33_DA44,0.8393843194538297,0.034974346643909575,DA33_ZFA00013,DA44_ZFA00013,0.0,0.0,26.41688443670151,0.0,0.0
ZFA00013,DA37,0.0,0.0050546191968317,-100.0,0.0,0.0,0.0,-100.0,0.0,-12.065052946033965,0.0050546191968317,DA37_ZFA00013,DA33,0.04494921213166526,0.04494911884144583,0.0,0.6695927978726811,DA33_DA37,0.868735695119561,0.036197320629981704,DA33_ZFA00013,DA37_ZFA00013,0.0,0.0,26.41688443670151,0.0,0.0
ZFA00013,DA40,0.0,0.0050546191968317,-100.0,0.0,0.0,0.0,-100.0,0.0,-12.065052946033965,0.0050546191968317,DA40_ZFA00013,DA33,0.04494921213166526,0.04494911884144583,0.0,0.6695927978726811,DA33_DA40,0.9578175718246816,0.039909065492695066,DA33_ZFA00013,DA40_ZFA00013,0.0,0.0,26.41688443670151,0.0,0.0
ZFA00008,DA44,0.001666791267942584,0.0050546191968317,-67.02439485476275,0.0,0.0,0.001666791267942584,-67.02,0.0,1048.6502458924306,0.056392882422218224,DA44_ZFA00008,DA33,0.5599876133451526,0.5599876133451526,0.0,0.2083177593381675,DA33_DA44,0.8393843194538297,0.034974346643909575,DA33_ZFA00008,DA44_ZFA00008,0.0,0.0,26.41688443670151,0.0,0.0
ZFA00008,DA44,0.001666791267942584,0.0050546191968317,-67.02439485476275,0.0,0.0,0.001666791267942584,-67.02,0.0,1048.6502458924306,0.056392882422218224,DA44_ZFA00008,DA38,0.12495524116487645,0.12495509970268981,0.0,0.2083177593381675,DA38_DA44,0.8574015485163325,0.035725064521513854,DA38_ZFA00008,DA44_ZFA00008,0.0,0.0,26.41688443670151,0.0,0.0
ZFA00008,DA39,0.0,0.0050546191968317,-100.0,0.0,0.0,0.0,-100.0,0.0,1048.6502458924306,0.058059895833333326,DA39_ZFA00008,DA33,0.5599876133451526,0.5599876133451526,0.0,0.2083177593381675,DA33_DA39,0.8393843194538297,0.034974346643909575,DA33_ZFA00008,DA39_ZFA00008,0.0,0.0,26.41688443670151,0.0,0.0
ZFA00008,DA39,0.0,0.0050546191968317,-100.0,0.0,0.0,0.0,-100.0,0.0,1048.6502458924306,0.058059895833333326,DA39_ZFA00008,DA38,0.12495524116487645,0.12495509970268981,0.0,0.2083177593381675,DA38_DA39,0.8574015485163325,0.035725064521513854,DA38_ZFA00008,DA39_ZFA00008,0.0,0.0,26.41688443670151,0.0,0.0
ZFA00008,DA42,0.0,0.0050546191968317,-100.0,0.0,0.0,0.0,-100.0,0.0,1048.6502458924306,0.058059895833333326,DA42_ZFA00008,DA33,0.5599876133451526,0.5599876133451526,0.0,0.2083177593381675,DA33_DA42,0.868735695119561,0.036197320629981704,DA33_ZFA00008,DA42_ZFA00008,0.0,0.0,26.41688443670151,0.0,0.0
ZFA00008,DA42,0.0,0.0050546191968317,-100.0,0.0,0.0,0.0,-100.0,0.0,1048.6502458924306,0.058059895833333326,DA42_ZFA00008,DA38,0.12495524116487645,0.12495509970268981,0.0,0.2083177593381675,DA38_DA42,0.8867529241820639,0.036948038507586,DA38_ZFA00008,DA42_ZFA00008,0.0,0.0,26.41688443670151,0.0,0.0
ZFA00008,DA34,0.0,0.0050546191968317,-100.0,0.0,0.0,0.0,-100.0,0.0,1048.6502458924306,0.058059895833333326,DA34_ZFA00008,DA33,0.5599876133451526,0.5599876133451526,0.0,0.2083177593381675,DA33_DA34,0.5140843776294046,0.02142018240122519,DA33_ZFA00008,DA34_ZFA00008,0.0,0.0,26.41688443670151,0.0,0.0
ZFA00008,DA34,0.0,0.0050546191968317,-100.0,0.0,0.0,0.0,-100.0,0.0,1048.6502458924306,0.058059895833333326,DA34_ZFA00008,DA38,0.12495524116487645,0.12495509970268981,0.0,0.2083177593381675,DA38_DA34,0.5321016066919075,0.02217090027882948,DA38_ZFA00008,DA34_ZFA00008,0.0,0.0,26.41688443670151,0.0,0.0
ZFA00008,DA45,0.0,0.0050546191968317,-100.0,0.0,0.0,0.0,-100.0,0.0,1048.6502458924306,0.058059895833333326,DA45_ZFA00008,DA33,0.5599876133451526,0.5599876133451526,0.0,0.2083177593381675,DA33_DA45,1.0,0.041666666666666664,DA33_ZFA00008,DA45_ZFA00008,0.0,0.0,26.41688443670151,0.0,0.0
ZFA00008,DA45,0.0,0.0050546191968317,-100.0,0.0,0.0,0.0,-100.0,0.0,1048.6502458924306,0.058059895833333326,DA45_ZFA00008,DA38,0.12495524116487645,0.12495509970268981,0.0,0.2083177593381675,DA38_DA45,1.0,0.041666666666666664,DA38_ZFA00008,DA45_ZFA00008,0.0,0.0,26.41688443670151,0.0,0.0
ZFA00008,DA35,0.0,0.0050546191968317,-100.0,0.0,0.0,0.0,-100.0,0.0,1048.6502458924306,0.058059895833333326,DA35_ZFA00008,DA33,0.5599876133451526,0.5599876133451526,0.0,0.2083177593381675,DA33_DA35,1.0,0.041666666666666664,DA33_ZFA00008,DA35_ZFA00008,0.0,0.0,26.41688443670151,0.0,0.0
ZFA00008,DA35,0.0,0.0050546191968317,-100.0,0.0,0.0,0.0,-100.0,0.0,1048.6502458924306,0.058059895833333326,DA35_ZFA00008,DA38,0.12495524116487645,0.12495509970268981,0.0,0.2083177593381675,DA38_DA35,1.0,0.041666666666666664,DA38_ZFA00008,DA35_ZFA00008,0.0,0.0,26.41688443670151,0.0,0.0
ZFA00008,DA46,0.0,0.0050546191968317,-100.0,0.0,0.0,0.0,-100.0,0.0,1048.6502458924306,0.058059895833333326,DA46_ZFA00008,DA33,0.5599876133451526,0.5599876133451526,0.0,0.2083177593381675,DA33_DA46,1.0,0.041666666666666664,DA33_ZFA00008,DA46_ZFA00008,0.0,0.0,26.41688443670151,0.0,0.0
ZFA00008,DA46,0.0,0.0050546191968317,-100.0,0.0,0.0,0.0,-100.0,0.0,1048.6502458924306,0.058059895833333326,DA46_ZFA00008,DA38,0.12495524116487645,0.12495509970268981,0.0,0.2083177593381675,DA38_DA46,1.0,0.041666666666666664,DA38_ZFA00008,DA46_ZFA00008,0.0,0.0,26.41688443670151,0.0,0.0
ZFA00008,DA36,0.0,0.0050546191968317,-100.0,0.0,0.0,0.0,-100.0,0.0,1048.6502458924306,0.058059895833333326,DA36_ZFA00008,DA33,0.5599876133451526,0.5599876133451526,0.0,0.2083177593381675,DA33_DA36,0.8574469683224957,0.03572695701343732,DA33_ZFA00008,DA36_ZFA00008,0.0,0.0,26.41688443670151,0.0,0.0
ZFA00008,DA36,0.0,0.0050546191968317,-100.0,0.0,0.0,0.0,-100.0,0.0,1048.6502458924306,0.058059895833333326,DA36_ZFA00008,DA38,0.12495524116487645,0.12495509970268981,0.0,0.2083177593381675,DA38_DA36,0.8754641973849986,0.03647767489104161,DA38_ZFA00008,DA36_ZFA00008,0.0,0.0,26.41688443670151,0.0,0.0
ZFA00008,DA37,0.0,0.0050546191968317,-100.0,0.0,0.0,0.0,-100.0,0.0,1048.6502458924306,0.058059895833333326,DA37_ZFA00008,DA33,0.5599876133451526,0.5599876133451526,0.7583794575129622,0.2083177593381675,DA33_DA37,0.868735695119561,0.036197320629981704,DA33_ZFA00008,DA37_ZFA00008,0.001666791267942584,0.001666791267942584,26.41688443670151,0.028708133971291877,0.7583794575129622
ZFA00008,DA37,0.0,0.0050546191968317,-100.0,0.0,0.0,0.0,-100.0,0.0,1048.6502458924306,0.058059895833333326,DA37_ZFA00008,DA38,0.12495524116487645,0.12495509970268981,0.7583794575129622,0.2083177593381675,DA38_DA37,0.8867529241820639,0.036948038507586,DA38_ZFA00008,DA37_ZFA00008,0.001666791267942584,0.001666791267942584,26.41688443670151,0.028708133971291877,0.7583794575129622
ZFA00008,DA40,0.0,0.0050546191968317,-100.0,0.0,0.0,0.0,-100.0,0.0,1048.6502458924306,0.058059895833333326,DA40_ZFA00008,DA33,0.5599876133451526,0.5599876133451526,0.0,0.2083177593381675,DA33_DA40,0.9578175718246816,0.039909065492695066,DA33_ZFA00008,DA40_ZFA00008,0.0,0.0,26.41688443670151,0.0,0.0
ZFA00008,DA40,0.0,0.0050546191968317,-100.0,0.0,0.0,0.0,-100.0,0.0,1048.6502458924306,0.058059895833333326,DA40_ZFA00008,DA38,0.12495524116487645,0.12495509970268981,0.0,0.2083177593381675,DA38_DA40,0.9758348008871847,0.04065978337029936,DA38_ZFA00008,DA40_ZFA00008,0.0,0.0,26.41688443670151,0.0,0.0
ZFA00007,DA39,0.001666791267942584,0.0050546191968317,-67.02439485476275,0.0,0.0,0.001666791267942584,-67.02,0.0,-20.30895423234332,0.0033876057857166048,DA39_ZFA00007,DA33,0.028281099868193042,0.028281099868193042,0.0,0.2083177593381675,DA33_DA39,0.8393843194538297,0.034974346643909575,DA33_ZFA00007,DA39_ZFA00007,0.0,0.0,26.41688443670151,0.0,0.0
ZFA00007,DA39,0.001666791267942584,0.0050546191968317,-67.02439485476275,0.0,0.0,0.001666791267942584,-67.02,0.0,-20.30895423234332,0.0033876057857166048,DA39_ZFA00007,DA38,0.008279466244410325,0.008279466244410325,0.0,0.2083177593381675,DA38_DA39,0.8574015485163325,0.035725064521513854,DA38_ZFA00007,DA39_ZFA00007,0.0,0.0,26.41688443670151,0.0,0.0
ZFA00007,DA42,0.0,0.0050546191968317,-100.0,0.0,0.0,0.0,-100.0,0.0,-20.30895423234332,0.0050546191968317,DA42_ZFA00007,DA33,0.028281099868193042,0.028281099868193042,0.0,0.2083177593381675,DA33_DA42,0.868735695119561,0.036197320629981704,DA33_ZFA00007,DA42_ZFA00007,0.0,0.0,26.41688443670151,0.0,0.0
ZFA00007,DA42,0.0,0.0050546191968317,-100.0,0.0,0.0,0.0,-100.0,0.0,-20.30895423234332,0.0050546191968317,DA42_ZFA00007,DA38,0.008279466244410325,0.008279466244410325,0.0,0.2083177593381675,DA38_DA42,0.8867529241820639,0.036948038507586,DA38_ZFA00007,DA42_ZFA00007,0.0,0.0,26.41688443670151,0.0,0.0
ZFA00007,DA34,0.0,0.0050546191968317,-100.0,0.0,0.0,0.0,-100.0,0.0,-20.30895423234332,0.0050546191968317,DA34_ZFA00007,DA33,0.028281099868193042,0.028281099868193042,0.0,0.2083177593381675,DA33_DA34,0.5140843776294046,0.02142018240122519,DA33_ZFA00007,DA34_ZFA00007,0.0,0.0,26.41688443670151,0.0,0.0
ZFA00007,DA34,0.0,0.0050546191968317,-100.0,0.0,0.0,0.0,-100.0,0.0,-20.30895423234332,0.0050546191968317,DA34_ZFA00007,DA38,0.008279466244410325,0.008279466244410325,0.0,0.2083177593381675,DA38_DA34,0.5321016066919075,0.02217090027882948,DA38_ZFA00007,DA34_ZFA00007,0.0,0.0,26.41688443670151,0.0,0.0
ZFA00007,DA45,0.0,0.0050546191968317,-100.0,0.0,0.0,0.0,-100.0,0.0,-20.30895423234332,0.0050546191968317,DA45_ZFA00007,DA33,0.028281099868193042,0.028281099868193042,0.0,0.2083177593381675,DA33_DA45,1.0,0.041666666666666664,DA33_ZFA00007,DA45_ZFA00007,0.0,0.0,26.41688443670151,0.0,0.0
ZFA00007,DA45,0.0,0.0050546191968317,-100.0,0.0,0.0,0.0,-100.0,0.0,-20.30895423234332,0.0050546191968317,DA45_ZFA00007,DA38,0.008279466244410325,0.008279466244410325,0.0,0.2083177593381675,DA38_DA45,1.0,0.041666666666666664,DA38_ZFA00007,DA45_ZFA00007,0.0,0.0,26.41688443670151,0.0,0.0
ZFA00007,DA35,0.0,0.0050546191968317,-100.0,0.0,0.0,0.0,-100.0,0.0,-20.30895423234332,0.0050546191968317,DA35_ZFA00007,DA33,0.028281099868193042,0.028281099868193042,0.0,0.2083177593381675,DA33_DA35,1.0,0.041666666666666664,DA33_ZFA00007,DA35_ZFA00007,0.0,0.0,26.41688443670151,0.0,0.0
ZFA00007,DA35,0.0,0.0050546191968317,-100.0,0.0,0.0,0.0,-100.0,0.0,-20.30895423234332,0.0050546191968317,DA35_ZFA00007,DA38,0.008279466244410325,0.008279466244410325,0.0,0.2083177593381675,DA38_DA35,1.0,0.041666666666666664,DA38_ZFA00007,DA35_ZFA00007,0.0,0.0,26.41688443670151,0.0,0.0
ZFA00007,DA46,0.0,0.0050546191968317,-100.0,0.0,0.0,0.0,-100.0,0.0,-20.30895423234332,0.0050546191968317,DA46_ZFA00007,DA33,0.028281099868193042,0.028281099868193042,0.0,0.2083177593381675,DA33_DA46,1.0,0.041666666666666664,DA33_ZFA00007,DA46_ZFA00007,0.0,0.0,26.41688443670151,0.0,0.0
ZFA00007,DA46,0.0,0.0050546191968317,-100.0,0.0,0.0,0.0,-100.0,0.0,-20.30895423234332,0.0050546191968317,DA46_ZFA00007,DA38,0.008279466244410325,0.008279466244410325,0.0,0.2083177593381675,DA38_DA46,1.0,0.041666666666666664,DA38_ZFA00007,DA46_ZFA00007,0.0,0.0,26.41688443670151,0.0,0.0
ZFA00007,DA36,0.0,0.0050546191968317,-100.0,0.0,0.0,0.0,-100.0,0.0,-20.30895423234332,0.0050546191968317,DA36_ZFA00007,DA33,0.028281099868193042,0.028281099868193042,0.0,0.2083177593381675,DA33_DA36,0.8574469683224957,0.03572695701343732,DA33_ZFA00007,DA36_ZFA00007,0.0,0.0,26.41688443670151,0.0,0.0
ZFA00007,DA36,0.0,0.0050546191968317,-100.0,0.0,0.0,0.0,-100.0,0.0,-20.30895423234332,0.0050546191968317,DA36_ZFA00007,DA38,0.008279466244410325,0.008279466244410325,0.0,0.2083177593381675,DA38_DA36,0.8754641973849986,0.03647767489104161,DA38_ZFA00007,DA36_ZFA00007,0.0,0.0,26.41688443670151,0.0,0.0
ZFA00007,DA44,0.0,0.0050546191968317,-100.0,0.0,0.0,0.0,-100.0,0.0,-20.30895423234332,0.0050546191968317,DA44_ZFA00007,DA33,0.028281099868193042,0.028281099868193042,0.0,0.2083177593381675,DA33_DA44,0.8393843194538297,0.034974346643909575,DA33_ZFA00007,DA44_ZFA00007,0.0,0.0,26.41688443670151,0.0,0.0
ZFA00007,DA44,0.0,0.0050546191968317,-100.0,0.0,0.0,0.0,-100.0,0.0,-20.30895423234332,0.0050546191968317,DA44_ZFA00007,DA38,0.008279466244410325,0.008279466244410325,0.0,0.2083177593381675,DA38_DA44,0.8574015485163325,0.035725064521513854,DA38_ZFA00007,DA44_ZFA00007,0.0,0.0,26.41688443670151,0.0,0.0
ZFA00007,DA37,0.0,0.0050546191968317,-100.0,0.0,0.0,0.0,-100.0,0.0,-20.30895423234332,0.0050546191968317,DA37_ZFA00007,DA33,0.028281099868193042,0.028281099868193042,0.0,0.2083177593381675,DA33_DA37,0.868735695119561,0.036197320629981704,DA33_ZFA00007,DA37_ZFA00007,0.0,0.0,26.41688443670151,0.0,0.0
ZFA00007,DA37,0.0,0.0050546191968317,-100.0,0.0,0.0,0.0,-100.0,0.0,-20.30895423234332,0.0050546191968317,DA37_ZFA00007,DA38,0.008279466244410325,0.008279466244410325,0.0,0.2083177593381675,DA38_DA37,0.8867529241820639,0.036948038507586,DA38_ZFA00007,DA37_ZFA00007,0.0,0.0,26.41688443670151,0.0,0.0
ZFA00007,DA40,0.0,0.0050546191968317,-100.0,0.0,0.0,0.0,-100.0,0.0,-20.30895423234332,0.0050546191968317,DA40_ZFA00007,DA33,0.028281099868193042,0.028281099868193042,0.0,0.2083177593381675,DA33_DA40,0.9578175718246816,0.039909065492695066,DA33_ZFA00007,DA40_ZFA00007,0.0,0.0,26.41688443670151,0.0,0.0
ZFA00007,DA40,0.0,0.0050546191968317,-100.0,0.0,0.0,0.0,-100.0,0.0,-20.30895423234332,0.0050546191968317,DA40_ZFA00007,DA38,0.008279466244410325,0.008279466244410325,0.0,0.2083177593381675,DA38_DA40,0.9758348008871847,0.04065978337029936,DA38_ZFA00007,DA40_ZFA00007,0.0,0.0,26.41688443670151,0.0,0.0
ZFA00006,DA42,0.003461797248803828,0.0050546191968317,-31.512204698353397,0.0,0.0,0.003461797248803828,-31.51,0.0,-37.21952097349061,0.0015927105089216687,DA42_ZFA00006,DA33,0.005330601404978711,0.005330601404978711,0.0,0.4012045735401744,DA33_DA42,0.868735695119561,0.036197320629981704,DA33_ZFA00006,DA42_ZFA00006,0.0,0.0,26.41688443670151,0.0,0.0
ZFA00006,DA42,0.003461797248803828,0.0050546191968317,-31.512204698353397,0.0,0.0,0.003461797248803828,-31.51,0.0,-37.21952097349061,0.0015927105089216687,DA42_ZFA00006,DA38,0.01687029703134548,0.01687009671225921,0.0,0.4012045735401744,DA38_DA42,0.8867529241820639,0.036948038507586,DA38_ZFA00006,DA42_ZFA00006,0.0,0.0,26.41688443670151,0.0,0.0
ZFA00006,DA44,0.002307864832535885,0.0050546191968317,-54.341469798902274,0.0,0.0,0.002307864832535885,-54.34,0.0,-37.21952097349061,0.0027466800715583457,DA44_ZFA00006,DA33,0.005330601404978711,0.005330601404978711,0.0,0.4012045735401744,DA33_DA44,0.8393843194538297,0.034974346643909575,DA33_ZFA00006,DA44_ZFA00006,0.0,0.0,26.41688443670151,0.0,0.0
ZFA00006,DA44,0.002307864832535885,0.0050546191968317,-54.341469798902274,0.0,0.0,0.002307864832535885,-54.34,0.0,-37.21952097349061,0.0027466800715583457,DA44_ZFA00006,DA38,0.01687029703134548,0.01687009671225921,0.0,0.4012045735401744,DA38_DA44,0.8574015485163325,0.035725064521513854,DA38_ZFA00006,DA44_ZFA00006,0.0,0.0,26.41688443670151,0.0,0.0
ZFA00006,DA39,0.0,0.0050546191968317,-100.0,0.0,0.0,0.0,-100.0,0.0,-37.21952097349061,0.0050546191968317,DA39_ZFA00006,DA33,0.005330601404978711,0.005330601404978711,0.0,0.4012045735401744,DA33_DA39,0.8393843194538297,0.034974346643909575,DA33_ZFA00006,DA39_ZFA00006,0.0,0.0,26.41688443670151,0.0,0.0
ZFA00006,DA39,0.0,0.0050546191968317,-100.0,0.0,0.0,0.0,-100.0,0.0,-37.21952097349061,0.0050546191968317,DA39_ZFA00006,DA38,0.01687029703134548,0.01687009671225921,0.0,0.4012045735401744,DA38_DA39,0.8574015485163325,0.035725064521513854,DA38_ZFA00006,DA39_ZFA00006,0.0,0.0,26.41688443670151,0.0,0.0
ZFA00006,DA34,0.0,0.0050546191968317,-100.0,0.0,0.0,0.0,-100.0,0.0,-37.21952097349061,0.0050546191968317,DA34_ZFA00006,DA33,0.005330601404978711,0.005330601404978711,0.0,0.4012045735401744,DA33_DA34,0.5140843776294046,0.02142018240122519,DA33_ZFA00006,DA34_ZFA00006,0.0,0.0,26.41688443670151,0.0,0.0
ZFA00006,DA34,0.0,0.0050546191968317,-100.0,0.0,0.0,0.0,-100.0,0.0,-37.21952097349061,0.0050546191968317,DA34_ZFA00006,DA38,0.01687029703134548,0.01687009671225921,0.0,0.4012045735401744,DA38_DA34,0.5321016066919075,0.02217090027882948,DA38_ZFA00006,DA34_ZFA00006,0.0,0.0,26.41688443670151,0.0,0.0
ZFA00006,DA45,0.0,0.0050546191968317,-100.0,0.0,0.0,0.0,-100.0,0.0,-37.21952097349061,0.0050546191968317,DA45_ZFA00006,DA33,0.005330601404978711,0.005330601404978711,0.0,0.4012045735401744,DA33_DA45,1.0,0.041666666666666664,DA33_ZFA00006,DA45_ZFA00006,0.0,0.0,26.41688443670151,0.0,0.0
ZFA00006,DA45,0.0,0.0050546191968317,-100.0,0.0,0.0,0.0,-100.0,0.0,-37.21952097349061,0.0050546191968317,DA45_ZFA00006,DA38,0.01687029703134548,0.01687009671225921,0.0,0.4012045735401744,DA38_DA45,1.0,0.041666666666666664,DA38_ZFA00006,DA45_ZFA00006,0.0,0.0,26.41688443670151,0.0,0.0
ZFA00006,DA35,0.0,0.0050546191968317,-100.0,0.0,0.0,0.0,-100.0,0.0,-37.21952097349061,0.0050546191968317,DA35_ZFA00006,DA33,0.005330601404978711,0.005330601404978711,0.0,0.4012045735401744,DA33_DA35,1.0,0.041666666666666664,DA33_ZFA00006,DA35_ZFA00006,0.0,0.0,26.41688443670151,0.0,0.0
ZFA00006,DA35,0.0,0.0050546191968317,-100.0,0.0,0.0,0.0,-100.0,0.0,-37.21952097349061,0.0050546191968317,DA35_ZFA00006,DA38,0.01687029703134548,0.01687009671225921,0.0,0.4012045735401744,DA38_DA35,1.0,0.041666666666666664,DA38_ZFA00006,DA35_ZFA00006,0.0,0.0,26.41688443670151,0.0,0.0
ZFA00006,DA46,0.0,0.0050546191968317,-100.0,0.0,0.0,0.0,-100.0,0.0,-37.21952097349061,0.0050546191968317,DA46_ZFA00006,DA33,0.005330601404978711,0.005330601404978711,0.0,0.4012045735401744,DA33_DA46,1.0,0.041666666666666664,DA33_ZFA00006,DA46_ZFA00006,0.0,0.0,26.41688443670151,0.0,0.0
ZFA00006,DA46,0.0,0.0050546191968317,-100.0,0.0,0.0,0.0,-100.0,0.0,-37.21952097349061,0.0050546191968317,DA46_ZFA00006,DA38,0.01687029703134548,0.01687009671225921,0.0,0.4012045735401744,DA38_DA46,1.0,0.041666666666666664,DA38_ZFA00006,DA46_ZFA00006,0.0,0.0,26.41688443670151,0.0,0.0
ZFA00006,DA36,0.0,0.0050546191968317,-100.0,0.0,0.0,0.0,-100.0,0.0,-37.21952097349061,0.0050546191968317,DA36_ZFA00006,DA33,0.005330601404978711,0.005330601404978711,0.0,0.4012045735401744,DA33_DA36,0.8574469683224957,0.03572695701343732,DA33_ZFA00006,DA36_ZFA00006,0.0,0.0,26.41688443670151,0.0,0.0
ZFA00006,DA36,0.0,0.0050546191968317,-100.0,0.0,0.0,0.0,-100.0,0.0,-37.21952097349061,0.0050546191968317,DA36_ZFA00006,DA38,0.01687029703134548,0.01687009671225921,0.0,0.4012045735401744,DA38_DA36,0.8754641973849986,0.03647767489104161,DA38_ZFA00006,DA36_ZFA00006,0.0,0.0,26.41688443670151,0.0,0.0
ZFA00006,DA37,0.0,0.0050546191968317,-100.0,0.0,0.0,0.0,-100.0,0.0,-37.21952097349061,0.0050546191968317,DA37_ZFA00006,DA33,0.005330601404978711,0.005330601404978711,0.0,0.4012045735401744,DA33_DA37,0.868735695119561,0.036197320629981704,DA33_ZFA00006,DA37_ZFA00006,0.0,0.0,26.41688443670151,0.0,0.0
ZFA00006,DA37,0.0,0.0050546191968317,-100.0,0.0,0.0,0.0,-100.0,0.0,-37.21952097349061,0.0050546191968317,DA37_ZFA00006,DA38,0.01687029703134548,0.01687009671225921,0.0,0.4012045735401744,DA38_DA37,0.8867529241820639,0.036948038507586,DA38_ZFA00006,DA37_ZFA00006,0.0,0.0,26.41688443670151,0.0,0.0
ZFA00006,DA40,0.0,0.0050546191968317,-100.0,0.0,0.0,0.0,-100.0,0.0,-37.21952097349061,0.0050546191968317,DA40_ZFA00006,DA33,0.005330601404978711,0.005330601404978711,0.0,0.4012045735401744,DA33_DA40,0.9578175718246816,0.039909065492695066,DA33_ZFA00006,DA40_ZFA00006,0.0,0.0,26.41688443670151,0.0,0.0
ZFA00006,DA40,0.0,0.0050546191968317,-100.0,0.0,0.0,0.0,-100.0,0.0,-37.21952097349061,0.0050546191968317,DA40_ZFA00006,DA38,0.01687029703134548,0.01687009671225921,0.0,0.4012045735401744,DA38_DA40,0.9758348008871847,0.04065978337029936,DA38_ZFA00006,DA40_ZFA00006,0.0,0.0,26.41688443670151,0.0,0.0
ZFA00004,DA39,0.0,0.0050546191968317,-100.0,0.0,0.0,0.0,-100.0,0.0,1170.5472478182014,0.06422132509303564,DA39_ZFA00004,DA33,0.48558058599627185,0.4855803489052419,0.0,0.1934379193854412,DA33_DA39,0.8393843194538297,0.034974346643909575,DA33_ZFA00004,DA39_ZFA00004,0.0,0.0,26.41688443670151,0.0,0.0
ZFA00004,DA39,0.0,0.0050546191968317,-100.0,0.0,0.0,0.0,-100.0,0.0,1170.5472478182014,0.06422132509303564,DA39_ZFA00004,DA35,0.028451945997045956,0.028451945997045956,0.0,0.1934379193854412,DA35_DA39,1.0,0.041666666666666664,DA35_ZFA00004,DA39_ZFA00004,0.0,0.0,26.41688443670151,0.0,0.0
ZFA00004,DA39,0.0,0.0050546191968317,-100.0,0.0,0.0,0.0,-100.0,0.0,1170.5472478182014,0.06422132509303564,DA39_ZFA00004,DA38,0.24145966449457,0.2414595355081126,0.0,0.1934379193854412,DA38_DA39,0.8574015485163325,0.035725064521513854,DA38_ZFA00004,DA39_ZFA00004,0.0,0.0,26.41688443670151,0.0,0.0
ZFA00004,DA42,0.0,0.0050546191968317,-100.0,0.0,0.0,0.0,-100.0,0.0,1170.5472478182014,0.06422132509303564,DA42_ZFA00004,DA33,0.48558058599627185,0.4855803489052419,0.0,0.1934379193854412,DA33_DA42,0.868735695119561,0.036197320629981704,DA33_ZFA00004,DA42_ZFA00004,0.0,0.0,26.41688443670151,0.0,0.0
ZFA00004,DA42,0.0,0.0050546191968317,-100.0,0.0,0.0,0.0,-100.0,0.0,1170.5472478182014,0.06422132509303564,DA42_ZFA00004,DA35,0.028451945997045956,0.028451945997045956,0.0,0.1934379193854412,DA35_DA42,1.0,0.041666666666666664,DA35_ZFA00004,DA42_ZFA00004,0.0,0.0,26.41688443670151,0.0,0.0
ZFA00004,DA42,0.0,0.0050546191968317,-100.0,0.0,0.0,0.0,-100.0,0.0,1170.5472478182014,0.06422132509303564,DA42_ZFA00004,DA38,0.24145966449457,0.2414595355081126,0.0,0.1934379193854412,DA38_DA42,0.8867529241820639,0.036948038507586,DA38_ZFA00004,DA42_ZFA00004,0.0,0.0,26.41688443670151,0.0,0.0
ZFA00004,DA34,0.0,0.0050546191968317,-100.0,0.0,0.0,0.0,-100.0,0.0,1170.5472478182014,0.06422132509303564,DA34_ZFA00004,DA33,0.48558058599627185,0.4855803489052419,0.0,0.1934379193854412,DA33_DA34,0.5140843776294046,0.02142018240122519,DA33_ZFA00004,DA34_ZFA00004,0.0,0.0,26.41688443670151,0.0,0.0
ZFA00004,DA34,0.0,0.0050546191968317,-100.0,0.0,0.0,0.0,-100.0,0.0,1170.5472478182014,0.06422132509303564,DA34_ZFA00004,DA35,0.028451945997045956,0.028451945997045956,0.0,0.1934379193854412,DA35_DA34,1.0,0.041666666666666664,DA35_ZFA00004,DA34_ZFA00004,0.0,0.0,26.41688443670151,0.0,0.0
ZFA00004,DA34,0.0,0.0050546191968317,-100.0,0.0,0.0,0.0,-100.0,0.0,1170.5472478182014,0.06422132509303564,DA34_ZFA00004,DA38,0.24145966449457,0.2414595355081126,0.0,0.1934379193854412,DA38_DA34,0.5321016066919075,0.02217090027882948,DA38_ZFA00004,DA34_ZFA00004,0.0,0.0,26.41688443670151,0.0,0.0
ZFA00004,DA45,0.0,0.0050546191968317,-100.0,0.0,0.0,0.0,-100.0,0.0,1170.5472478182014,0.06422132509303564,DA45_ZFA00004,DA33,0.48558058599627185,0.4855803489052419,0.0,0.1934379193854412,DA33_DA45,1.0,0.041666666666666664,DA33_ZFA00004,DA45_ZFA00004,0.0,0.0,26.41688443670151,0.0,0.0
ZFA00004,DA45,0.0,0.0050546191968317,-100.0,0.0,0.0,0.0,-100.0,0.0,1170.5472478182014,0.06422132509303564,DA45_ZFA00004,DA35,0.028451945997045956,0.028451945997045956,0.0,0.1934379193854412,DA35_DA45,1.230499979832588,0.0512708324930245,DA35_ZFA00004,DA45_ZFA00004,0.0,0.0,26.41688443670151,0.0,0.0
ZFA00004,DA45,0.0,0.0050546191968317,-100.0,0.0,0.0,0.0,-100.0,0.0,1170.5472478182014,0.06422132509303564,DA45_ZFA00004,DA38,0.24145966449457,0.2414595355081126,0.0,0.1934379193854412,DA38_DA45,1.0,0.041666666666666664,DA38_ZFA00004,DA45_ZFA00004,0.0,0.0,26.41688443670151,0.0,0.0
ZFA00004,DA46,0.0,0.0050546191968317,-100.0,0.0,0.0,0.0,-100.0,0.0,1170.5472478182014,0.06422132509303564,DA46_ZFA00004,DA33,0.48558058599627185,0.4855803489052419,0.0,0.1934379193854412,DA33_DA46,1.0,0.041666666666666664,DA33_ZFA00004,DA46_ZFA00004,0.0,0.0,26.41688443670151,0.0,0.0
ZFA00004,DA46,0.0,0.0050546191968317,-100.0,0.0,0.0,0.0,-100.0,0.0,1170.5472478182014,0.06422132509303564,DA46_ZFA00004,DA35,0.028451945997045956,0.028451945997045956,0.0,0.1934379193854412,DA35_DA46,1.264366951754586,0.052681956323107744,DA35_ZFA00004,DA46_ZFA00004,0.0,0.0,26.41688443670151,0.0,0.0
ZFA00004,DA46,0.0,0.0050546191968317,-100.0,0.0,0.0,0.0,-100.0,0.0,1170.5472478182014,0.06422132509303564,DA46_ZFA00004,DA38,0.24145966449457,0.2414595355081126,0.0,0.1934379193854412,DA38_DA46,1.0,0.041666666666666664,DA38_ZFA00004,DA46_ZFA00004,0.0,0.0,26.41688443670151,0.0,0.0
ZFA00004,DA36,0.0,0.0050546191968317,-100.0,0.0,0.0,0.0,-100.0,0.0,1170.5472478182014,0.06422132509303564,DA36_ZFA00004,DA33,0.48558058599627185,0.4855803489052419,0.0,0.1934379193854412,DA33_DA36,0.8574469683224957,0.03572695701343732,DA33_ZFA00004,DA36_ZFA00004,0.0,0.0,26.41688443670151,0.0,0.0
ZFA00004,DA36,0.0,0.0050546191968317,-100.0,0.0,0.0,0.0,-100.0,0.0,1170.5472478182014,0.06422132509303564,DA36_ZFA00004,DA35,0.028451945997045956,0.028451945997045956,0.0,0.1934379193854412,DA35_DA36,1.155992641604193,0.04816636006684138,DA35_ZFA00004,DA36_ZFA00004,0.0,0.0,26.41688443670151,0.0,0.0
ZFA00004,DA36,0.0,0.0050546191968317,-100.0,0.0,0.0,0.0,-100.0,0.0,1170.5472478182014,0.06422132509303564,DA36_ZFA00004,DA38,0.24145966449457,0.2414595355081126,0.0,0.1934379193854412,DA38_DA36,0.8754641973849986,0.03647767489104161,DA38_ZFA00004,DA36_ZFA00004,0.0,0.0,26.41688443670151,0.0,0.0
ZFA00004,DA44,0.0,0.0050546191968317,-100.0,0.0,0.0,0.0,-100.0,0.0,1170.5472478182014,0.06422132509303564,DA44_ZFA00004,DA33,0.48558058599627185,0.4855803489052419,0.0,0.1934379193854412,DA33_DA44,0.8393843194538297,0.034974346643909575,DA33_ZFA00004,DA44_ZFA00004,0.0,0.0,26.41688443670151,0.0,0.0
ZFA00004,DA44,0.0,0.0050546191968317,-100.0,0.0,0.0,0.0,-100.0,0.0,1170.5472478182014,0.06422132509303564,DA44_ZFA00004,DA35,0.028451945997045956,0.028451945997045956,0.0,0.1934379193854412,DA35_DA44,1.0,0.041666666666666664,DA35_ZFA00004,DA44_ZFA00004,0.0,0.0,26.41688443670151,0.0,0.0
ZFA00004,DA44,0.0,0.0050546191968317,-100.0,0.0,0.0,0.0,-100.0,0.0,1170.5472478182014,0.06422132509303564,DA44_ZFA00004,DA38,0.24145966449457,0.2414595355081126,0.0,0.1934379193854412,DA38_DA44,0.8574015485163325,0.035725064521513854,DA38_ZFA00004,DA44_ZFA00004,0.0,0.0,26.41688443670151,0.0,0.0
ZFA00004,DA37,0.0,0.0050546191968317,-100.0,0.0,0.0,0.0,-100.0,0.0,1170.5472478182014,0.06422132509303564,DA37_ZFA00004,DA33,0.48558058599627185,0.4855803489052419,0.0,0.1934379193854412,DA33_DA37,0.868735695119561,0.036197320629981704,DA33_ZFA00004,DA37_ZFA00004,0.0,0.0,26.41688443670151,0.0,0.0
ZFA00004,DA37,0.0,0.0050546191968317,-100.0,0.0,0.0,0.0,-100.0,0.0,1170.5472478182014,0.06422132509303564,DA37_ZFA00004,DA35,0.028451945997045956,0.028451945997045956,0.0,0.1934379193854412,DA35_DA37,1.0,0.041666666666666664,DA35_ZFA00004,DA37_ZFA00004,0.0,0.0,26.41688443670151,0.0,0.0
ZFA00004,DA37,0.0,0.0050546191968317,-100.0,0.0,0.0,0.0,-100.0,0.0,1170.5472478182014,0.06422132509303564,DA37_ZFA00004,DA38,0.24145966449457,0.2414595355081126,0.0,0.1934379193854412,DA38_DA37,0.8867529241820639,0.036948038507586,DA38_ZFA00004,DA37_ZFA00004,0.0,0.0,26.41688443670151,0.0,0.0
ZFA00004,DA40,0.0,0.0050546191968317,-100.0,0.0,0.0,0.0,-100.0,0.0,1170.5472478182014,0.06422132509303564,DA40_ZFA00004,DA33,0.48558058599627185,0.4855803489052419,0.0,0.1934379193854412,DA33_DA40,0.9578175718246816,0.039909065492695066,DA33_ZFA00004,DA40_ZFA00004,0.0,0.0,26.41688443670151,0.0,0.0
ZFA00004,DA40,0.0,0.0050546191968317,-100.0,0.0,0.0,0.0,-100.0,0.0,1170.5472478182014,0.06422132509303564,DA40_ZFA00004,DA35,0.028451945997045956,0.028451945997045956,0.0,0.1934379193854412,DA35_DA40,1.0,0.041666666666666664,DA35_ZFA00004,DA40_ZFA00004,0.0,0.0,26.41688443670151,0.0,0.0
ZFA00004,DA40,0.0,0.0050546191968317,-100.0,0.0,0.0,0.0,-100.0,0.0,1170.5472478182014,0.06422132509303564,DA40_ZFA00004,DA38,0.24145966449457,0.2414595355081126,0.0,0.1934379193854412,DA38_DA40,0.9758348008871847,0.04065978337029936,DA38_ZFA00004,DA40_ZFA00004,0.0,0.0,26.41688443670151,0.0,0.0
ZFA00003,DA42,0.004326477272727273,0.0050546191968317,-14.405475383008795,0.0,0.0,0.004326477272727273,-14.41,0.0,1487.0651439400453,0.07589385086124993,DA42_ZFA00003,DA33,0.8645673405220781,0.8645673126213501,0.0,0.2568165833471956,DA33_DA42,0.868735695119561,0.036197320629981704,DA33_ZFA00003,DA42_ZFA00003,0.0,0.0,26.41688443670151,0.0,0.0
ZFA00003,DA42,0.004326477272727273,0.0050546191968317,-14.405475383008795,0.0,0.0,0.004326477272727273,-14.41,0.0,1487.0651439400453,0.07589385086124993,DA42_ZFA00003,DA35,0.012251386009280675,0.01225128989407739,0.0,0.2568165833471956,DA35_DA42,1.0,0.041666666666666664,DA35_ZFA00003,DA42_ZFA00003,0.0,0.0,26.41688443670151,0.0,0.0
ZFA00003,DA42,0.004326477272727273,0.0050546191968317,-14.405475383008795,0.0,0.0,0.004326477272727273,-14.41,0.0,1487.0651439400453,0.07589385086124993,DA42_ZFA00003,DA38,0.05984264759512986,0.059842539894077396,0.0,0.2568165833471956,DA38_DA42,0.8867529241820639,0.036948038507586,DA38_ZFA00003,DA42_ZFA00003,0.0,0.0,26.41688443670151,0.0,0.0
ZFA00003,DA42,0.004326477272727273,0.0050546191968317,-14.405475383008795,0.0,0.0,0.004326477272727273,-14.41,0.0,1487.0651439400453,0.07589385086124993,DA42_ZFA00003,DA39,0.0014350063899805196,0.0014350063899805196,0.0,0.2568165833471956,DA39_DA42,1.144703650963527,0.04769598545681363,DA39_ZFA00003,DA42_ZFA00003,0.0,0.0,26.41688443670151,0.0,0.0
ZFA00003,DA34,0.0,0.0050546191968317,-100.0,0.0,0.0,0.0,-100.0,0.0,1487.0651439400453,0.08022009943181818,DA34_ZFA00003,DA33,0.8645673405220781,0.8645673126213501,0.0,0.2568165833471956,DA33_DA34,0.5140843776294046,0.02142018240122519,DA33_ZFA00003,DA34_ZFA00003,0.0,0.0,26.41688443670151,0.0,0.0
ZFA00003,DA34,0.0,0.0050546191968317,-100.0,0.0,0.0,0.0,-100.0,0.0,1487.0651439400453,0.08022009943181818,DA34_ZFA00003,DA35,0.012251386009280675,0.01225128989407739,0.0,0.2568165833471956,DA35_DA34,1.0,0.041666666666666664,DA35_ZFA00003,DA34_ZFA00003,0.0,0.0,26.41688443670151,0.0,0.0
ZFA00003,DA34,0.0,0.0050546191968317,-100.0,0.0,0.0,0.0,-100.0,0.0,1487.0651439400453,0.08022009943181818,DA34_ZFA00003,DA38,0.05984264759512986,0.059842539894077396,0.0,0.2568165833471956,DA38_DA34,0.5321016066919075,0.02217090027882948,DA38_ZFA00003,DA34_ZFA00003,0.0,0.0,26.41688443670151,0.0,0.0
ZFA00003,DA34,0.0,0.0050546191968317,-100.0,0.0,0.0,0.0,-100.0,0.0,1487.0651439400453,0.08022009943181818,DA34_ZFA00003,DA39,0.0014350063899805196,0.0014350063899805196,0.0,0.2568165833471956,DA39_DA34,0.7900523334733707,0.03291884722805711,DA39_ZFA00003,DA34_ZFA00003,0.0,0.0,26.41688443670151,0.0,0.0
ZFA00003,DA45,0.0,0.0050546191968317,-100.0,0.0,0.0,0.0,-100.0,0.0,1487.0651439400453,0.08022009943181818,DA45_ZFA00003,DA33,0.8645673405220781,0.8645673126213501,0.0,0.2568165833471956,DA33_DA45,1.0,0.041666666666666664,DA33_ZFA00003,DA45_ZFA00003,0.0,0.0,26.41688443670151,0.0,0.0
ZFA00003,DA45,0.0,0.0050546191968317,-100.0,0.0,0.0,0.0,-100.0,0.0,1487.0651439400453,0.08022009943181818,DA45_ZFA00003,DA35,0.012251386009280675,0.01225128989407739,0.0,0.2568165833471956,DA35_DA45,1.230499979832588,0.0512708324930245,DA35_ZFA00003,DA45_ZFA00003,0.0,0.0,26.41688443670151,0.0,0.0
ZFA00003,DA45,0.0,0.0050546191968317,-100.0,0.0,0.0,0.0,-100.0,0.0,1487.0651439400453,0.08022009943181818,DA45_ZFA00003,DA38,0.05984264759512986,0.059842539894077396,0.0,0.2568165833471956,DA38_DA45,1.0,0.041666666666666664,DA38_ZFA00003,DA45_ZFA00003,0.0,0.0,26.41688443670151,0.0,0.0
ZFA00003,DA45,0.0,0.0050546191968317,-100.0,0.0,0.0,0.0,-100.0,0.0,1487.0651439400453,0.08022009943181818,DA45_ZFA00003,DA39,0.0014350063899805196,0.0014350063899805196,0.0,0.2568165833471956,DA39_DA45,1.0,0.041666666666666664,DA39_ZFA00003,DA45_ZFA00003,0.0,0.0,26.41688443670151,0.0,0.0
ZFA00003,DA46,0.0,0.0050546191968317,-100.0,0.0,0.0,0.0,-100.0,0.0,1487.0651439400453,0.08022009943181818,DA46_ZFA00003,DA33,0.8645673405220781,0.8645673126213501,0.0,0.2568165833471956,DA33_DA46,1.0,0.041666666666666664,DA33_ZFA00003,DA46_ZFA00003,0.0,0.0,26.41688443670151,0.0,0.0
ZFA00003,DA46,0.0,0.0050546191968317,-100.0,0.0,0.0,0.0,-100.0,0.0,1487.0651439400453,0.08022009943181818,DA46_ZFA00003,DA35,0.012251386009280675,0.01225128989407739,0.0,0.2568165833471956,DA35_DA46,1.264366951754586,0.052681956323107744,DA35_ZFA00003,DA46_ZFA00003,0.0,0.0,26.41688443670151,0.0,0.0
ZFA00003,DA46,0.0,0.0050546191968317,-100.0,0.0,0.0,0.0,-100.0,0.0,1487.0651439400453,0.08022009943181818,DA46_ZFA00003,DA38,0.05984264759512986,0.059842539894077396,0.0,0.2568165833471956,DA38_DA46,1.0,0.041666666666666664,DA38_ZFA00003,DA46_ZFA00003,0.0,0.0,26.41688443670151,0.0,0.0
ZFA00003,DA46,0.0,0.0050546191968317,-100.0,0.0,0.0,0.0,-100.0,0.0,1487.0651439400453,0.08022009943181818,DA46_ZFA00003,DA39,0.0014350063899805196,0.0014350063899805196,0.0,0.2568165833471956,DA39_DA46,1.0,0.041666666666666664,DA39_ZFA00003,DA46_ZFA00003,0.0,0.0,26.41688443670151,0.0,0.0
ZFA00003,DA36,0.0,0.0050546191968317,-100.0,0.0,0.0,0.0,-100.0,0.0,1487.0651439400453,0.08022009943181818,DA36_ZFA00003,DA33,0.8645673405220781,0.8645673126213501,0.0,0.2568165833471956,DA33_DA36,0.8574469683224957,0.03572695701343732,DA33_ZFA00003,DA36_ZFA00003,0.0,0.0,26.41688443670151,0.0,0.0
ZFA00003,DA36,0.0,0.0050546191968317,-100.0,0.0,0.0,0.0,-100.0,0.0,1487.0651439400453,0.08022009943181818,DA36_ZFA00003,DA35,0.012251386009280675,0.01225128989407739,0.0,0.2568165833471956,DA35_DA36,1.155992641604193,0.04816636006684138,DA35_ZFA00003,DA36_ZFA00003,0.0,0.0,26.41688443670151,0.0,0.0
ZFA00003,DA36,0.0,0.0050546191968317,-100.0,0.0,0.0,0.0,-100.0,0.0,1487.0651439400453,0.08022009943181818,DA36_ZFA00003,DA38,0.05984264759512986,0.059842539894077396,0.0,0.2568165833471956,DA38_DA36,0.8754641973849986,0.03647767489104161,DA38_ZFA00003,DA36_ZFA00003,0.0,0.0,26.41688443670151,0.0,0.0
ZFA00003,DA36,0.0,0.0050546191968317,-100.0,0.0,0.0,0.0,-100.0,0.0,1487.0651439400453,0.08022009943181818,DA36_ZFA00003,DA39,0.0014350063899805196,0.0014350063899805196,0.0,0.2568165833471956,DA39_DA36,1.133414924166462,0.047225621840269245,DA39_ZFA00003,DA36_ZFA00003,0.0,0.0,26.41688443670151,0.0,0.0
ZFA00003,DA44,0.0,0.0050546191968317,-100.0,0.0,0.0,0.0,-100.0,0.0,1487.0651439400453,0.08022009943181818,DA44_ZFA00003,DA33,0.8645673405220781,0.8645673126213501,0.0,0.2568165833471956,DA33_DA44,0.8393843194538297,0.034974346643909575,DA33_ZFA00003,DA44_ZFA00003,0.0,0.0,26.41688443670151,0.0,0.0
ZFA00003,DA44,0.0,0.0050546191968317,-100.0,0.0,0.0,0.0,-100.0,0.0,1487.0651439400453,0.08022009943181818,DA44_ZFA00003,DA35,0.012251386009280675,0.01225128989407739,0.0,0.2568165833471956,DA35_DA44,1.0,0.041666666666666664,DA35_ZFA00003,DA44_ZFA00003,0.0,0.0,26.41688443670151,0.0,0.0
ZFA00003,DA44,0.0,0.0050546191968317,-100.0,0.0,0.0,0.0,-100.0,0.0,1487.0651439400453,0.08022009943181818,DA44_ZFA00003,DA38,0.05984264759512986,0.059842539894077396,0.0,0.2568165833471956,DA38_DA44,0.8574015485163325,0.035725064521513854,DA38_ZFA00003,DA44_ZFA00003,0.0,0.0,26.41688443670151,0.0,0.0
ZFA00003,DA44,0.0,0.0050546191968317,-100.0,0.0,0.0,0.0,-100.0,0.0,1487.0651439400453,0.08022009943181818,DA44_ZFA00003,DA39,0.0014350063899805196,0.0014350063899805196,0.0,0.2568165833471956,DA39_DA44,1.115352275297796,0.0464730114707415,DA39_ZFA00003,DA44_ZFA00003,0.0,0.0,26.41688443670151,0.0,0.0
ZFA00003,DA37,0.0,0.0050546191968317,-100.0,0.0,0.0,0.0,-100.0,0.0,1487.0651439400453,0.08022009943181818,DA37_ZFA00003,DA33,0.8645673405220781,0.8645673126213501,0.0,0.2568165833471956,DA33_DA37,0.868735695119561,0.036197320629981704,DA33_ZFA00003,DA37_ZFA00003,0.0,0.0,26.41688443670151,0.0,0.0
ZFA00003,DA37,0.0,0.0050546191968317,-100.0,0.0,0.0,0.0,-100.0,0.0,1487.0651439400453,0.08022009943181818,DA37_ZFA00003,DA35,0.012251386009280675,0.01225128989407739,0.0,0.2568165833471956,DA35_DA37,1.0,0.041666666666666664,DA35_ZFA00003,DA37_ZFA00003,0.0,0.0,26.41688443670151,0.0,0.0
ZFA00003,DA37,0.0,0.0050546191968317,-100.0,0.0,0.0,0.0,-100.0,0.0,1487.0651439400453,0.08022009943181818,DA37_ZFA00003,DA38,0.05984264759512986,0.059842539894077396,0.0,0.2568165833471956,DA38_DA37,0.8867529241820639,0.036948038507586,DA38_ZFA00003,DA37_ZFA00003,0.0,0.0,26.41688443670151,0.0,0.0
ZFA00003,DA37,0.0,0.0050546191968317,-100.0,0.0,0.0,0.0,-100.0,0.0,1487.0651439400453,0.08022009943181818,DA37_ZFA00003,DA39,0.0014350063899805196,0.0014350063899805196,0.0,0.2568165833471956,DA39_DA37,1.144703650963527,0.04769598545681363,DA39_ZFA00003,DA37_ZFA00003,0.0,0.0,26.41688443670151,0.0,0.0
ZFA00003,DA40,0.0,0.0050546191968317,-100.0,0.0,0.0,0.0,-100.0,0.0,1487.0651439400453,0.08022009943181818,DA40_ZFA00003,DA33,0.8645673405220781,0.8645673126213501,0.0,0.2568165833471956,DA33_DA40,0.9578175718246816,0.039909065492695066,DA33_ZFA00003,DA40_ZFA00003,0.0,0.0,26.41688443670151,0.0,0.0
ZFA00003,DA40,0.0,0.0050546191968317,-100.0,0.0,0.0,0.0,-100.0,0.0,1487.0651439400453,0.08022009943181818,DA40_ZFA00003,DA35,0.012251386009280675,0.01225128989407739,0.0,0.2568165833471956,DA35_DA40,1.0,0.041666666666666664,DA35_ZFA00003,DA40_ZFA00003,0.0,0.0,26.41688443670151,0.0,0.0
ZFA00003,DA40,0.0,0.0050546191968317,-100.0,0.0,0.0,0.0,-100.0,0.0,1487.0651439400453,0.08022009943181818,DA40_ZFA00003,DA38,0.05984264759512986,0.059842539894077396,0.0,0.2568165833471956,DA38_DA40,0.9758348008871847,0.04065978337029936,DA38_ZFA00003,DA40_ZFA00003,0.0,0.0,26.41688443670151,0.0,0.0
ZFA00003,DA40,0.0,0.0050546191968317,-100.0,0.0,0.0,0.0,-100.0,0.0,1487.0651439400453,0.08022009943181818,DA40_ZFA00003,DA39,0.0014350063899805196,0.0014350063899805196,0.0,0.2568165833471956,DA39_DA40,1.233785527668648,0.051407730319527,DA39_ZFA00003,DA40_ZFA00003,0.0,0.0,26.41688443670151,0.0,0.0
ZFA00002,DA39,0.0,0.0050546191968317,-100.0,0.0,0.0,0.0,-100.0,0.0,641.8101943783289,0.03749568048910156,DA39_ZFA00002,DA33,0.19837914507997342,0.19837914507997342,0.0,0.1934379193854412,DA33_DA39,0.8393843194538297,0.034974346643909575,DA33_ZFA00002,DA39_ZFA00002,0.0,0.0,26.41688443670151,0.0,0.0
ZFA00002,DA39,0.0,0.0050546191968317,-100.0,0.0,0.0,0.0,-100.0,0.0,641.8101943783289,0.03749568048910156,DA39_ZFA00002,DA34,0.11221911717461962,0.112219104886103,0.0,0.1934379193854412,DA34_DA39,0.7900523334733707,0.03291884722805711,DA34_ZFA00002,DA39_ZFA00002,0.0,0.0,26.41688443670151,0.0,0.0
ZFA00002,DA39,0.0,0.0050546191968317,-100.0,0.0,0.0,0.0,-100.0,0.0,641.8101943783289,0.03749568048910156,DA39_ZFA00002,DA35,0.07392582760134234,0.07392564396106306,0.0,0.1934379193854412,DA35_DA39,1.0,0.041666666666666664,DA35_ZFA00002,DA39_ZFA00002,0.0,0.0,26.41688443670151,0.0,0.0
ZFA00002,DA39,0.0,0.0050546191968317,-100.0,0.0,0.0,0.0,-100.0,0.0,641.8101943783289,0.03749568048910156,DA39_ZFA00002,DA38,0.030845308186745767,0.030845308186745767,0.0,0.1934379193854412,DA38_DA39,0.8574015485163325,0.035725064521513854,DA38_ZFA00002,DA39_ZFA00002,0.0,0.0,26.41688443670151,0.0,0.0
ZFA00002,DA39,0.0,0.0050546191968317,-100.0,0.0,0.0,0.0,-100.0,0.0,641.8101943783289,0.03749568048910156,DA39_ZFA00002,DA42,0.009305553941367159,0.00930542865005826,0.0,0.1934379193854412,DA42_DA39,1.144703650963527,0.04769598545681363,DA42_ZFA00002,DA39_ZFA00002,0.0,0.0,26.41688443670151,0.0,0.0
ZFA00002,DA45,0.0,0.0050546191968317,-100.0,0.0,0.0,0.0,-100.0,0.0,641.8101943783289,0.03749568048910156,DA45_ZFA00002,DA33,0.19837914507997342,0.19837914507997342,0.0,0.1934379193854412,DA33_DA45,1.0,0.041666666666666664,DA33_ZFA00002,DA45_ZFA00002,0.0,0.0,26.41688443670151,0.0,0.0
ZFA00002,DA45,0.0,0.0050546191968317,-100.0,0.0,0.0,0.0,-100.0,0.0,641.8101943783289,0.03749568048910156,DA45_ZFA00002,DA34,0.11221911717461962,0.112219104886103,0.0,0.1934379193854412,DA34_DA45,1.0,0.041666666666666664,DA34_ZFA00002,DA45_ZFA00002,0.0,0.0,26.41688443670151,0.0,0.0
ZFA00002,DA45,0.0,0.0050546191968317,-100.0,0.0,0.0,0.0,-100.0,0.0,641.8101943783289,0.03749568048910156,DA45_ZFA00002,DA35,0.07392582760134234,0.07392564396106306,0.0,0.1934379193854412,DA35_DA45,1.230499979832588,0.0512708324930245,DA35_ZFA00002,DA45_ZFA00002,0.0,0.0,26.41688443670151,0.0,0.0
ZFA00002,DA45,0.0,0.0050546191968317,-100.0,0.0,0.0,0.0,-100.0,0.0,641.8101943783289,0.03749568048910156,DA45_ZFA00002,DA38,0.030845308186745767,0.030845308186745767,0.0,0.1934379193854412,DA38_DA45,1.0,0.041666666666666664,DA38_ZFA00002,DA45_ZFA00002,0.0,0.0,26.41688443670151,0.0,0.0
ZFA00002,DA45,0.0,0.0050546191968317,-100.0,0.0,0.0,0.0,-100.0,0.0,641.8101943783289,0.03749568048910156,DA45_ZFA00002,DA42,0.009305553941367159,0.00930542865005826,0.0,0.1934379193854412,DA42_DA45,1.0,0.041666666666666664,DA42_ZFA00002,DA45_ZFA00002,0.0,0.0,26.41688443670151,0.0,0.0
ZFA00002,DA46,0.0,0.0050546191968317,-100.0,0.0,0.0,0.0,-100.0,0.0,641.8101943783289,0.03749568048910156,DA46_ZFA00002,DA33,0.19837914507997342,0.19837914507997342,0.0,0.1934379193854412,DA33_DA46,1.0,0.041666666666666664,DA33_ZFA00002,DA46_ZFA00002,0.0,0.0,26.41688443670151,0.0,0.0
ZFA00002,DA46,0.0,0.0050546191968317,-100.0,0.0,0.0,0.0,-100.0,0.0,641.8101943783289,0.03749568048910156,DA46_ZFA00002,DA34,0.11221911717461962,0.112219104886103,0.0,0.1934379193854412,DA34_DA46,1.0,0.041666666666666664,DA34_ZFA00002,DA46_ZFA00002,0.0,0.0,26.41688443670151,0.0,0.0
ZFA00002,DA46,0.0,0.0050546191968317,-100.0,0.0,0.0,0.0,-100.0,0.0,641.8101943783289,0.03749568048910156,DA46_ZFA00002,DA35,0.07392582760134234,0.07392564396106306,0.0,0.1934379193854412,DA35_DA46,1.264366951754586,0.052681956323107744,DA35_ZFA00002,DA46_ZFA00002,0.0,0.0,26.41688443670151,0.0,0.0
ZFA00002,DA46,0.0,0.0050546191968317,-100.0,0.0,0.0,0.0,-100.0,0.0,641.8101943783289,0.03749568048910156,DA46_ZFA00002,DA38,0.030845308186745767,0.030845308186745767,0.0,0.1934379193854412,DA38_DA46,1.0,0.041666666666666664,DA38_ZFA00002,DA46_ZFA00002,0.0,0.0,26.41688443670151,0.0,0.0
ZFA00002,DA46,0.0,0.0050546191968317,-100.0,0.0,0.0,0.0,-100.0,0.0,641.8101943783289,0.03749568048910156,DA46_ZFA00002,DA42,0.009305553941367159,0.00930542865005826,0.0,0.1934379193854412,DA42_DA46,1.0,0.041666666666666664,DA42_ZFA00002,DA46_ZFA00002,0.0,0.0,26.41688443670151,0.0,0.0
ZFA00002,DA36,0.0,0.0050546191968317,-100.0,0.0,0.0,0.0,-100.0,0.0,641.8101943783289,0.03749568048910156,DA36_ZFA00002,DA33,0.19837914507997342,0.19837914507997342,0.0,0.1934379193854412,DA33_DA36,0.8574469683224957,0.03572695701343732,DA33_ZFA00002,DA36_ZFA00002,0.0,0.0,26.41688443670151,0.0,0.0
ZFA00002,DA36,0.0,0.0050546191968317,-100.0,0.0,0.0,0.0,-100.0,0.0,641.8101943783289,0.03749568048910156,DA36_ZFA00002,DA34,0.11221911717461962,0.112219104886103,0.0,0.1934379193854412,DA34_DA36,0.8081149823420368,0.033671457597584865,DA34_ZFA00002,DA36_ZFA00002,0.0,0.0,26.41688443670151,0.0,0.0
ZFA00002,DA36,0.0,0.0050546191968317,-100.0,0.0,0.0,0.0,-100.0,0.0,641.8101943783289,0.03749568048910156,DA36_ZFA00002,DA35,0.07392582760134234,0.07392564396106306,0.0,0.1934379193854412,DA35_DA36,1.155992641604193,0.04816636006684138,DA35_ZFA00002,DA36_ZFA00002,0.0,0.0,26.41688443670151,0.0,0.0
ZFA00002,DA36,0.0,0.0050546191968317,-100.0,0.0,0.0,0.0,-100.0,0.0,641.8101943783289,0.03749568048910156,DA36_ZFA00002,DA38,0.030845308186745767,0.030845308186745767,0.0,0.1934379193854412,DA38_DA36,0.8754641973849986,0.03647767489104161,DA38_ZFA00002,DA36_ZFA00002,0.0,0.0,26.41688443670151,0.0,0.0
ZFA00002,DA36,0.0,0.0050546191968317,-100.0,0.0,0.0,0.0,-100.0,0.0,641.8101943783289,0.03749568048910156,DA36_ZFA00002,DA42,0.009305553941367159,0.00930542865005826,0.0,0.1934379193854412,DA42_DA36,1.162766299832193,0.048448595826341374,DA42_ZFA00002,DA36_ZFA00002,0.0,0.0,26.41688443670151,0.0,0.0
ZFA00002,DA44,0.0,0.0050546191968317,-100.0,0.0,0.0,0.0,-100.0,0.0,641.8101943783289,0.03749568048910156,DA44_ZFA00002,DA33,0.19837914507997342,0.19837914507997342,0.0,0.1934379193854412,DA33_DA44,0.8393843194538297,0.034974346643909575,DA33_ZFA00002,DA44_ZFA00002,0.0,0.0,26.41688443670151,0.0,0.0
ZFA00002,DA44,0.0,0.0050546191968317,-100.0,0.0,0.0,0.0,-100.0,0.0,641.8101943783289,0.03749568048910156,DA44_ZFA00002,DA34,0.11221911717461962,0.112219104886103,0.0,0.1934379193854412,DA34_DA44,0.7900523334733707,0.03291884722805711,DA34_ZFA00002,DA44_ZFA00002,0.0,0.0,26.41688443670151,0.0,0.0
ZFA00002,DA44,0.0,0.0050546191968317,-100.0,0.0,0.0,0.0,-100.0,0.0,641.8101943783289,0.03749568048910156,DA44_ZFA00002,DA35,0.07392582760134234,0.07392564396106306,0.0,0.1934379193854412,DA35_DA44,1.0,0.041666666666666664,DA35_ZFA00002,DA44_ZFA00002,0.0,0.0,26.41688443670151,0.0,0.0
ZFA00002,DA44,0.0,0.0050546191968317,-100.0,0.0,0.0,0.0,-100.0,0.0,641.8101943783289,0.03749568048910156,DA44_ZFA00002,DA38,0.030845308186745767,0.030845308186745767,0.0,0.1934379193854412,DA38_DA44,0.8574015485163325,0.035725064521513854,DA38_ZFA00002,DA44_ZFA00002,0.0,0.0,26.41688443670151,0.0,0.0
ZFA00002,DA44,0.0,0.0050546191968317,-100.0,0.0,0.0,0.0,-100.0,0.0,641.8101943783289,0.03749568048910156,DA44_ZFA00002,DA42,0.009305553941367159,0.00930542865005826,0.0,0.1934379193854412,DA42_DA44,1.144703650963527,0.04769598545681363,DA42_ZFA00002,DA44_ZFA00002,0.0,0.0,26.41688443670151,0.0,0.0
ZFA00002,DA37,0.0,0.0050546191968317,-100.0,0.0,0.0,0.0,-100.0,0.0,641.8101943783289,0.03749568048910156,DA37_ZFA00002,DA33,0.19837914507997342,0.19837914507997342,0.0,0.1934379193854412,DA33_DA37,0.868735695119561,0.036197320629981704,DA33_ZFA00002,DA37_ZFA00002,0.0,0.0,26.41688443670151,0.0,0.0
ZFA00002,DA37,0.0,0.0050546191968317,-100.0,0.0,0.0,0.0,-100.0,0.0,641.8101943783289,0.03749568048910156,DA37_ZFA00002,DA34,0.11221911717461962,0.112219104886103,0.0,0.1934379193854412,DA34_DA37,0.8194037091391021,0.03414182121412925,DA34_ZFA00002,DA37_ZFA00002,0.0,0.0,26.41688443670151,0.0,0.0
ZFA00002,DA37,0.0,0.0050546191968317,-100.0,0.0,0.0,0.0,-100.0,0.0,641.8101943783289,0.03749568048910156,DA37_ZFA00002,DA35,0.07392582760134234,0.07392564396106306,0.0,0.1934379193854412,DA35_DA37,1.0,0.041666666666666664,DA35_ZFA00002,DA37_ZFA00002,0.0,0.0,26.41688443670151,0.0,0.0
ZFA00002,DA37,0.0,0.0050546191968317,-100.0,0.0,0.0,0.0,-100.0,0.0,641.8101943783289,0.03749568048910156,DA37_ZFA00002,DA38,0.030845308186745767,0.030845308186745767,0.0,0.1934379193854412,DA38_DA37,0.8867529241820639,0.036948038507586,DA38_ZFA00002,DA37_ZFA00002,0.0,0.0,26.41688443670151,0.0,0.0
ZFA00002,DA37,0.0,0.0050546191968317,-100.0,0.0,0.0,0.0,-100.0,0.0,641.8101943783289,0.03749568048910156,DA37_ZFA00002,DA42,0.009305553941367159,0.00930542865005826,0.0,0.1934379193854412,DA42_DA37,1.174055026629258,0.04891895944288575,DA42_ZFA00002,DA37_ZFA00002,0.0,0.0,26.41688443670151,0.0,0.0
ZFA00002,DA40,0.0,0.0050546191968317,-100.0,0.0,0.0,0.0,-100.0,0.0,641.8101943783289,0.03749568048910156,DA40_ZFA00002,DA33,0.19837914507997342,0.19837914507997342,0.0,0.1934379193854412,DA33_DA40,0.9578175718246816,0.039909065492695066,DA33_ZFA00002,DA40_ZFA00002,0.0,0.0,26.41688443670151,0.0,0.0
ZFA00002,DA40,0.0,0.0050546191968317,-100.0,0.0,0.0,0.0,-100.0,0.0,641.8101943783289,0.03749568048910156,DA40_ZFA00002,DA34,0.11221911717461962,0.112219104886103,0.0,0.1934379193854412,DA34_DA40,0.9084855858442228,0.037853566076842614,DA34_ZFA00002,DA40_ZFA00002,0.0,0.0,26.41688443670151,0.0,0.0
ZFA00002,DA40,0.0,0.0050546191968317,-100.0,0.0,0.0,0.0,-100.0,0.0,641.8101943783289,0.03749568048910156,DA40_ZFA00002,DA35,0.07392582760134234,0.07392564396106306,0.0,0.1934379193854412,DA35_DA40,1.0,0.041666666666666664,DA35_ZFA00002,DA40_ZFA00002,0.0,0.0,26.41688443670151,0.0,0.0
ZFA00002,DA40,0.0,0.0050546191968317,-100.0,0.0,0.0,0.0,-100.0,0.0,641.8101943783289,0.03749568048910156,DA40_ZFA00002,DA38,0.030845308186745767,0.030845308186745767,0.0,0.1934379193854412,DA38_DA40,0.9758348008871847,0.04065978337029936,DA38_ZFA00002,DA40_ZFA00002,0.0,0.0,26.41688443670151,0.0,0.0
ZFA00002,DA40,0.0,0.0050546191968317,-100.0,0.0,0.0,0.0,-100.0,0.0,641.8101943783289,0.03749568048910156,DA40_ZFA00002,DA42,0.009305553941367159,0.00930542865005826,0.0,0.1934379193854412,DA42_DA40,1.263136903334379,0.05263070430559912,DA42_ZFA00002,DA40_ZFA00002,0.0,0.0,26.41688443670151,0.0,0.0
ZFA00001,DA42,0.001641148325358852,0.0050546191968317,-67.53171185699716,0.0,0.0,0.001641148325358852,-67.53,0.0,1277.1965553990367,0.06797080661409337,DA42_ZFA00001,DA33,0.7728497588098079,0.7728496870232641,0.0,0.152332361516035,DA33_DA42,0.868735695119561,0.036197320629981704,DA33_ZFA00001,DA42_ZFA00001,0.0,0.0,26.41688443670151,0.0,0.0
ZFA00001,DA42,0.001641148325358852,0.0050546191968317,-67.53171185699716,0.0,0.0,0.001641148325358852,-67.53,0.0,1277.1965553990367,0.06797080661409337,DA42_ZFA00001,DA35,0.019562387215578042,0.019562387215578042,0.0,0.152332361516035,DA35_DA42,1.0,0.041666666666666664,DA35_ZFA00001,DA42_ZFA00001,0.0,0.0,26.41688443670151,0.0,0.0
ZFA00001,DA42,0.001641148325358852,0.0050546191968317,-67.53171185699716,0.0,0.0,0.001641148325358852,-67.53,0.0,1277.1965553990367,0.06797080661409337,DA42_ZFA00001,DA38,0.026127326628423056,0.02612719898498648,0.0,0.152332361516035,DA38_DA42,0.8867529241820639,0.036948038507586,DA38_ZFA00001,DA42_ZFA00001,0.0,0.0,26.41688443670151,0.0,0.0
ZFA00001,DA39,0.0,0.0050546191968317,-100.0,0.0,0.0,0.0,-100.0,0.0,1277.1965553990367,0.06961204146730463,DA39_ZFA00001,DA33,0.7728497588098079,0.7728496870232641,0.0,0.152332361516035,DA33_DA39,0.8393843194538297,0.034974346643909575,DA33_ZFA00001,DA39_ZFA00001,0.0,0.0,26.41688443670151,0.0,0.0
ZFA00001,DA39,0.0,0.0050546191968317,-100.0,0.0,0.0,0.0,-100.0,0.0,1277.1965553990367,0.06961204146730463,DA39_ZFA00001,DA35,0.019562387215578042,0.019562387215578042,0.0,0.152332361516035,DA35_DA39,1.0,0.041666666666666664,DA35_ZFA00001,DA39_ZFA00001,0.0,0.0,26.41688443670151,0.0,0.0
ZFA00001,DA39,0.0,0.0050546191968317,-100.0,0.0,0.0,0.0,-100.0,0.0,1277.1965553990367,0.06961204146730463,DA39_ZFA00001,DA38,0.026127326628423056,0.02612719898498648,0.0,0.152332361516035,DA38_DA39,0.8574015485163325,0.035725064521513854,DA38_ZFA00001,DA39_ZFA00001,0.0,0.0,26.41688443670151,0.0,0.0
ZFA00001,DA34,0.0,0.0050546191968317,-100.0,0.0,0.0,0.0,-100.0,0.0,1277.1965553990367,0.06961204146730463,DA34_ZFA00001,DA33,0.7728497588098079,0.7728496870232641,0.0,0.152332361516035,DA33_DA34,0.5140843776294046,0.02142018240122519,DA33_ZFA00001,DA34_ZFA00001,0.0,0.0,26.41688443670151,0.0,0.0
ZFA00001,DA34,0.0,0.0050546191968317,-100.0,0.0,0.0,0.0,-100.0,0.0,1277.1965553990367,0.06961204146730463,DA34_ZFA00001,DA35,0.019562387215578042,0.019562387215578042,0.0,0.152332361516035,DA35_DA34,1.0,0.041666666666666664,DA35_ZFA00001,DA34_ZFA00001,0.0,0.0,26.41688443670151,0.0,0.0
ZFA00001,DA34,0.0,0.0050546191968317,-100.0,0.0,0.0,0.0,-100.0,0.0,1277.1965553990367,0.06961204146730463,DA34_ZFA00001,DA38,0.026127326628423056,0.02612719898498648,0.0,0.152332361516035,DA38_DA34,0.5321016066919075,0.02217090027882948,DA38_ZFA00001,DA34_ZFA00001,0.0,0.0,26.41688443670151,0.0,0.0
ZFA00001,DA45,0.0,0.0050546191968317,-100.0,0.0,0.0,0.0,-100.0,0.0,1277.1965553990367,0.06961204146730463,DA45_ZFA00001,DA33,0.7728497588098079,0.7728496870232641,0.0,0.152332361516035,DA33_DA45,1.0,0.041666666666666664,DA33_ZFA00001,DA45_ZFA00001,0.0,0.0,26.41688443670151,0.0,0.0
ZFA00001,DA45,0.0,0.0050546191968317,-100.0,0.0,0.0,0.0,-100.0,0.0,1277.1965553990367,0.06961204146730463,DA45_ZFA00001,DA35,0.019562387215578042,0.019562387215578042,0.0,0.152332361516035,DA35_DA45,1.230499979832588,0.0512708324930245,DA35_ZFA00001,DA45_ZFA00001,0.0,0.0,26.41688443670151,0.0,0.0
ZFA00001,DA45,0.0,0.0050546191968317,-100.0,0.0,0.0,0.0,-100.0,0.0,1277.1965553990367,0.06961204146730463,DA45_ZFA00001,DA38,0.026127326628423056,0.02612719898498648,0.0,0.152332361516035,DA38_DA45,1.0,0.041666666666666664,DA38_ZFA00001,DA45_ZFA00001,0.0,0.0,26.41688443670151,0.0,0.0
ZFA00001,DA46,0.0,0.0050546191968317,-100.0,0.0,0.0,0.0,-100.0,0.0,1277.1965553990367,0.06961204146730463,DA46_ZFA00001,DA33,0.7728497588098079,0.7728496870232641,0.0,0.152332361516035,DA33_DA46,1.0,0.041666666666666664,DA33_ZFA00001,DA46_ZFA00001,0.0,0.0,26.41688443670151,0.0,0.0
ZFA00001,DA46,0.0,0.0050546191968317,-100.0,0.0,0.0,0.0,-100.0,0.0,1277.1965553990367,0.06961204146730463,DA46_ZFA00001,DA35,0.019562387215578042,0.019562387215578042,0.0,0.152332361516035,DA35_DA46,1.264366951754586,0.052681956323107744,DA35_ZFA00001,DA46_ZFA00001,0.0,0.0,26.41688443670151,0.0,0.0
ZFA00001,DA46,0.0,0.0050546191968317,-100.0,0.0,0.0,0.0,-100.0,0.0,1277.1965553990367,0.06961204146730463,DA46_ZFA00001,DA38,0.026127326628423056,0.02612719898498648,0.0,0.152332361516035,DA38_DA46,1.0,0.041666666666666664,DA38_ZFA00001,DA46_ZFA00001,0.0,0.0,26.41688443670151,0.0,0.0
ZFA00001,DA36,0.0,0.0050546191968317,-100.0,0.0,0.0,0.0,-100.0,0.0,1277.1965553990367,0.06961204146730463,DA36_ZFA00001,DA33,0.7728497588098079,0.7728496870232641,0.0,0.152332361516035,DA33_DA36,0.8574469683224957,0.03572695701343732,DA33_ZFA00001,DA36_ZFA00001,0.0,0.0,26.41688443670151,0.0,0.0
ZFA00001,DA36,0.0,0.0050546191968317,-100.0,0.0,0.0,0.0,-100.0,0.0,1277.1965553990367,0.06961204146730463,DA36_ZFA00001,DA35,0.019562387215578042,0.019562387215578042,0.0,0.152332361516035,DA35_DA36,1.155992641604193,0.04816636006684138,DA35_ZFA00001,DA36_ZFA00001,0.0,0.0,26.41688443670151,0.0,0.0
ZFA00001,DA36,0.0,0.0050546191968317,-100.0,0.0,0.0,0.0,-100.0,0.0,1277.1965553990367,0.06961204146730463,DA36_ZFA00001,DA38,0.026127326628423056,0.02612719898498648,0.0,0.152332361516035,DA38_DA36,0.8754641973849986,0.03647767489104161,DA38_ZFA00001,DA36_ZFA00001,0.0,0.0,26.41688443670151,0.0,0.0
ZFA00001,DA44,0.0,0.0050546191968317,-100.0,0.0,0.0,0.0,-100.0,0.0,1277.1965553990367,0.06961204146730463,DA44_ZFA00001,DA33,0.7728497588098079,0.7728496870232641,0.0,0.152332361516035,DA33_DA44,0.8393843194538297,0.034974346643909575,DA33_ZFA00001,DA44_ZFA00001,0.0,0.0,26.41688443670151,0.0,0.0
ZFA00001,DA44,0.0,0.0050546191968317,-100.0,0.0,0.0,0.0,-100.0,0.0,1277.1965553990367,0.06961204146730463,DA44_ZFA00001,DA35,0.019562387215578042,0.019562387215578042,0.0,0.152332361516035,DA35_DA44,1.0,0.041666666666666664,DA35_ZFA00001,DA44_ZFA00001,0.0,0.0,26.41688443670151,0.0,0.0
ZFA00001,DA44,0.0,0.0050546191968317,-100.0,0.0,0.0,0.0,-100.0,0.0,1277.1965553990367,0.06961204146730463,DA44_ZFA00001,DA38,0.026127326628423056,0.02612719898498648,0.0,0.152332361516035,DA38_DA44,0.8574015485163325,0.035725064521513854,DA38_ZFA00001,DA44_ZFA00001,0.0,0.0,26.41688443670151,0.0,0.0
ZFA00001,DA37,0.0,0.0050546191968317,-100.0,0.0,0.0,0.0,-100.0,0.0,1277.1965553990367,0.06961204146730463,DA37_ZFA00001,DA33,0.7728497588098079,0.7728496870232641,0.0,0.152332361516035,DA33_DA37,0.868735695119561,0.036197320629981704,DA33_ZFA00001,DA37_ZFA00001,0.0,0.0,26.41688443670151,0.0,0.0
ZFA00001,DA37,0.0,0.0050546191968317,-100.0,0.0,0.0,0.0,-100.0,0.0,1277.1965553990367,0.06961204146730463,DA37_ZFA00001,DA35,0.019562387215578042,0.019562387215578042,0.0,0.152332361516035,DA35_DA37,1.0,0.041666666666666664,DA35_ZFA00001,DA37_ZFA00001,0.0,0.0,26.41688443670151,0.0,0.0
ZFA00001,DA37,0.0,0.0050546191968317,-100.0,0.0,0.0,0.0,-100.0,0.0,1277.1965553990367,0.06961204146730463,DA37_ZFA00001,DA38,0.026127326628423056,0.02612719898498648,0.0,0.152332361516035,DA38_DA37,0.8867529241820639,0.036948038507586,DA38_ZFA00001,DA37_ZFA00001,0.0,0.0,26.41688443670151,0.0,0.0
ZFA00001,DA40,0.0,0.0050546191968317,-100.0,0.0,0.0,0.0,-100.0,0.0,1277.1965553990367,0.06961204146730463,DA40_ZFA00001,DA33,0.7728497588098079,0.7728496870232641,0.0,0.152332361516035,DA33_DA40,0.9578175718246816,0.039909065492695066,DA33_ZFA00001,DA40_ZFA00001,0.0,0.0,26.41688443670151,0.0,0.0
ZFA00001,DA40,0.0,0.0050546191968317,-100.0,0.0,0.0,0.0,-100.0,0.0,1277.1965553990367,0.06961204146730463,DA40_ZFA00001,DA35,0.019562387215578042,0.019562387215578042,0.0,0.152332361516035,DA35_DA40,1.0,0.041666666666666664,DA35_ZFA00001,DA40_ZFA00001,0.0,0.0,26.41688443670151,0.0,0.0
ZFA00001,DA40,0.0,0.0050546191968317,-100.0,0.0,0.0,0.0,-100.0,0.0,1277.1965553990367,0.06961204146730463,DA40_ZFA00001,DA38,0.026127326628423056,0.02612719898498648,0.0,0.152332361516035,DA38_DA40,0.9758348008871847,0.04065978337029936,DA38_ZFA00001,DA40_ZFA00001,0.0,0.0,26.41688443670151,0.0,0.0
ZF000029,DA39,0.0,0.0050546191968317,-100.0,0.0,0.0,0.0,-100.0,0.0,45058.678834430255,2.2825992494006853,DA39_ZF000029,DA33,5.447732274317299,5.44773221291768,0.0,0.03775679707098786,DA33_DA39,0.8393843194538297,0.034974346643909575,DA33_ZF000029,DA39_ZF000029,0.0,0.0,26.41688443670151,0.0,0.0
ZF000029,DA39,0.0,0.0050546191968317,-100.0,0.0,0.0,0.0,-100.0,0.0,45058.678834430255,2.2825992494006853,DA39_ZF000029,DA34,0.18188764033235894,0.1818876078698799,0.0,0.03775679707098786,DA34_DA39,0.7900523334733707,0.03291884722805711,DA34_ZF000029,DA39_ZF000029,0.0,0.0,26.41688443670151,0.0,0.0
ZF000029,DA39,0.0,0.0050546191968317,-100.0,0.0,0.0,0.0,-100.0,0.0,45058.678834430255,2.2825992494006853,DA39_ZF000029,DA36,2.2802030921291823,2.2802030921291823,0.0,0.03775679707098786,DA36_DA39,1.133414924166462,0.047225621840269245,DA36_ZF000029,DA39_ZF000029,0.0,0.0,26.41688443670151,0.0,0.0
ZF000029,DA39,0.0,0.0050546191968317,-100.0,0.0,0.0,0.0,-100.0,0.0,45058.678834430255,2.2825992494006853,DA39_ZF000029,DA37,5.379768800755525,5.379768630109212,0.0,0.03775679707098786,DA37_DA39,1.144703650963527,0.04769598545681363,DA37_ZF000029,DA39_ZF000029,0.0,0.0,26.41688443670151,0.0,0.0
ZF000029,DA39,0.0,0.0050546191968317,-100.0,0.0,0.0,0.0,-100.0,0.0,45058.678834430255,2.2825992494006853,DA39_ZF000029,DA40,11.79216707159095,11.79216707159095,0.0,0.03775679707098786,DA40_DA39,1.233785527668648,0.051407730319527,DA40_ZF000029,DA39_ZF000029,0.0,0.0,26.41688443670151,0.0,0.0
ZF000029,DA42,0.0,0.0050546191968317,-100.0,0.0,0.0,0.0,-100.0,0.0,45058.678834430255,2.2825992494006853,DA42_ZF000029,DA33,5.447732274317299,5.44773221291768,0.0,0.03775679707098786,DA33_DA42,0.868735695119561,0.036197320629981704,DA33_ZF000029,DA42_ZF000029,0.0,0.0,26.41688443670151,0.0,0.0
ZF000029,DA42,0.0,0.0050546191968317,-100.0,0.0,0.0,0.0,-100.0,0.0,45058.678834430255,2.2825992494006853,DA42_ZF000029,DA34,0.18188764033235894,0.1818876078698799,0.0,0.03775679707098786,DA34_DA42,0.8194037091391021,0.03414182121412925,DA34_ZF000029,DA42_ZF000029,0.0,0.0,26.41688443670151,0.0,0.0
ZF000029,DA42,0.0,0.0050546191968317,-100.0,0.0,0.0,0.0,-100.0,0.0,45058.678834430255,2.2825992494006853,DA42_ZF000029,DA36,2.2802030921291823,2.2802030921291823,0.0,0.03775679707098786,DA36_DA42,1.162766299832193,0.048448595826341374,DA36_ZF000029,DA42_ZF000029,0.0,0.0,26.41688443670151,0.0,0.0
ZF000029,DA42,0.0,0.0050546191968317,-100.0,0.0,0.0,0.0,-100.0,0.0,45058.678834430255,2.2825992494006853,DA42_ZF000029,DA37,5.379768800755525,5.379768630109212,0.0,0.03775679707098786,DA37_DA42,1.174055026629258,0.04891895944288575,DA37_ZF000029,DA42_ZF000029,0.0,0.0,26.41688443670151,0.0,0.0
ZF000029,DA42,0.0,0.0050546191968317,-100.0,0.0,0.0,0.0,-100.0,0.0,45058.678834430255,2.2825992494006853,DA42_ZF000029,DA40,11.79216707159095,11.79216707159095,0.0,0.03775679707098786,DA40_DA42,1.263136903334379,0.05263070430559912,DA40_ZF000029,DA42_ZF000029,0.0,0.0,26.41688443670151,0.0,0.0
ZF000029,DA45,0.0,0.0050546191968317,-100.0,0.0,0.0,0.0,-100.0,0.0,45058.678834430255,2.2825992494006853,DA45_ZF000029,DA33,5.447732274317299,5.44773221291768,0.0,0.03775679707098786,DA33_DA45,1.0,0.041666666666666664,DA33_ZF000029,DA45_ZF000029,0.0,0.0,26.41688443670151,0.0,0.0
ZF000029,DA45,0.0,0.0050546191968317,-100.0,0.0,0.0,0.0,-100.0,0.0,45058.678834430255,2.2825992494006853,DA45_ZF000029,DA34,0.18188764033235894,0.1818876078698799,0.0,0.03775679707098786,DA34_DA45,1.0,0.041666666666666664,DA34_ZF000029,DA45_ZF000029,0.0,0.0,26.41688443670151,0.0,0.0
ZF000029,DA45,0.0,0.0050546191968317,-100.0,0.0,0.0,0.0,-100.0,0.0,45058.678834430255,2.2825992494006853,DA45_ZF000029,DA36,2.2802030921291823,2.2802030921291823,0.0,0.03775679707098786,DA36_DA45,1.122125669682195,0.046755236236758126,DA36_ZF000029,DA45_ZF000029,0.0,0.0,26.41688443670151,0.0,0.0
ZF000029,DA45,0.0,0.0050546191968317,-100.0,0.0,0.0,0.0,-100.0,0.0,45058.678834430255,2.2825992494006853,DA45_ZF000029,DA37,5.379768800755525,5.379768630109212,0.0,0.03775679707098786,DA37_DA45,1.0,0.041666666666666664,DA37_ZF000029,DA45_ZF000029,0.0,0.0,26.41688443670151,0.0,0.0
ZF000029,DA45,0.0,0.0050546191968317,-100.0,0.0,0.0,0.0,-100.0,0.0,45058.678834430255,2.2825992494006853,DA45_ZF000029,DA40,11.79216707159095,11.79216707159095,0.0,0.03775679707098786,DA40_DA45,1.0,0.041666666666666664,DA40_ZF000029,DA45_ZF000029,0.0,0.0,26.41688443670151,0.0,0.0
ZF000029,DA38,0.0,0.001514786482614225,-100.0,0.0,0.0,0.0,-100.0,0.0,45058.678834430255,0.6840575627111205,DA38_ZF000029,DA33,5.447732274317299,5.44773221291768,0.0,0.03775679707098786,DA33_DA38,0.5814335926723664,0.024226399694681933,DA33_ZF000029,DA38_ZF000029,0.0,0.0,26.41688443670151,0.0,0.0
ZF000029,DA38,0.0,0.001514786482614225,-100.0,0.0,0.0,0.0,-100.0,0.0,45058.678834430255,0.6840575627111205,DA38_ZF000029,DA34,0.18188764033235894,0.1818876078698799,0.0,0.03775679707098786,DA34_DA38,0.5321016066919075,0.02217090027882948,DA34_ZF000029,DA38_ZF000029,0.0,0.0,26.41688443670151,0.0,0.0
ZF000029,DA38,0.0,0.001514786482614225,-100.0,0.0,0.0,0.0,-100.0,0.0,45058.678834430255,0.6840575627111205,DA38_ZF000029,DA36,2.2802030921291823,2.2802030921291823,0.0,0.03775679707098786,DA36_DA38,0.8754641973849986,0.03647767489104161,DA36_ZF000029,DA38_ZF000029,0.0,0.0,26.41688443670151,0.0,0.0
ZF000029,DA38,0.0,0.001514786482614225,-100.0,0.0,0.0,0.0,-100.0,0.0,45058.678834430255,0.6840575627111205,DA38_ZF000029,DA37,5.379768800755525,5.379768630109212,0.0,0.03775679707098786,DA37_DA38,0.8867529241820639,0.036948038507586,DA37_ZF000029,DA38_ZF000029,0.0,0.0,26.41688443670151,0.0,0.0
ZF000029,DA38,0.0,0.001514786482614225,-100.0,0.0,0.0,0.0,-100.0,0.0,45058.678834430255,0.6840575627111205,DA38_ZF000029,DA40,11.79216707159095,11.79216707159095,0.0,0.03775679707098786,DA40_DA38,0.9758348008871847,0.04065978337029936,DA40_ZF000029,DA38_ZF000029,0.0,0.0,26.41688443670151,0.0,0.0
ZF000029,DA35,0.0,0.0050546191968317,-100.0,0.0,0.0,0.0,-100.0,0.0,45058.678834430255,2.2825992494006853,DA35_ZF000029,DA33,5.447732274317299,5.44773221291768,0.0,0.03775679707098786,DA33_DA35,1.0,0.041666666666666664,DA33_ZF000029,DA35_ZF000029,0.0,0.0,26.41688443670151,0.0,0.0
ZF000029,DA35,0.0,0.0050546191968317,-100.0,0.0,0.0,0.0,-100.0,0.0,45058.678834430255,2.2825992494006853,DA35_ZF000029,DA34,0.18188764033235894,0.1818876078698799,0.0,0.03775679707098786,DA34_DA35,1.0,0.041666666666666664,DA34_ZF000029,DA35_ZF000029,0.0,0.0,26.41688443670151,0.0,0.0
ZF000029,DA35,0.0,0.0050546191968317,-100.0,0.0,0.0,0.0,-100.0,0.0,45058.678834430255,2.2825992494006853,DA35_ZF000029,DA36,2.2802030921291823,2.2802030921291823,0.0,0.03775679707098786,DA36_DA35,1.155992641604193,0.04816636006684138,DA36_ZF000029,DA35_ZF000029,0.0,0.0,26.41688443670151,0.0,0.0
ZF000029,DA35,0.0,0.0050546191968317,-100.0,0.0,0.0,0.0,-100.0,0.0,45058.678834430255,2.2825992494006853,DA35_ZF000029,DA37,5.379768800755525,5.379768630109212,0.0,0.03775679707098786,DA37_DA35,1.0,0.041666666666666664,DA37_ZF000029,DA35_ZF000029,0.0,0.0,26.41688443670151,0.0,0.0
ZF000029,DA35,0.0,0.0050546191968317,-100.0,0.0,0.0,0.0,-100.0,0.0,45058.678834430255,2.2825992494006853,DA35_ZF000029,DA40,11.79216707159095,11.79216707159095,0.0,0.03775679707098786,DA40_DA35,1.0,0.041666666666666664,DA40_ZF000029,DA35_ZF000029,0.0,0.0,26.41688443670151,0.0,0.0
ZF000029,DA46,0.0,0.0050546191968317,-100.0,0.0,0.0,0.0,-100.0,0.0,45058.678834430255,2.2825992494006853,DA46_ZF000029,DA33,5.447732274317299,5.44773221291768,0.0,0.03775679707098786,DA33_DA46,1.0,0.041666666666666664,DA33_ZF000029,DA46_ZF000029,0.0,0.0,26.41688443670151,0.0,0.0
ZF000029,DA46,0.0,0.0050546191968317,-100.0,0.0,0.0,0.0,-100.0,0.0,45058.678834430255,2.2825992494006853,DA46_ZF000029,DA34,0.18188764033235894,0.1818876078698799,0.0,0.03775679707098786,DA34_DA46,1.0,0.041666666666666664,DA34_ZF000029,DA46_ZF000029,0.0,0.0,26.41688443670151,0.0,0.0
ZF000029,DA46,0.0,0.0050546191968317,-100.0,0.0,0.0,0.0,-100.0,0.0,45058.678834430255,2.2825992494006853,DA46_ZF000029,DA36,2.2802030921291823,2.2802030921291823,0.0,0.03775679707098786,DA36_DA46,1.155992641604193,0.04816636006684138,DA36_ZF000029,DA46_ZF000029,0.0,0.0,26.41688443670151,0.0,0.0
ZF000029,DA46,0.0,0.0050546191968317,-100.0,0.0,0.0,0.0,-100.0,0.0,45058.678834430255,2.2825992494006853,DA46_ZF000029,DA37,5.379768800755525,5.379768630109212,0.0,0.03775679707098786,DA37_DA46,1.0,0.041666666666666664,DA37_ZF000029,DA46_ZF000029,0.0,0.0,26.41688443670151,0.0,0.0
ZF000029,DA46,0.0,0.0050546191968317,-100.0,0.0,0.0,0.0,-100.0,0.0,45058.678834430255,2.2825992494006853,DA46_ZF000029,DA40,11.79216707159095,11.79216707159095,0.0,0.03775679707098786,DA40_DA46,1.0,0.041666666666666664,DA40_ZF000029,DA46_ZF000029,0.0,0.0,26.41688443670151,0.0,0.0
ZF000029,DA44,0.0,0.0050546191968317,-100.0,0.0,0.0,0.0,-100.0,0.0,45058.678834430255,2.2825992494006853,DA44_ZF000029,DA33,5.447732274317299,5.44773221291768,0.0,0.03775679707098786,DA33_DA44,0.8393843194538297,0.034974346643909575,DA33_ZF000029,DA44_ZF000029,0.0,0.0,26.41688443670151,0.0,0.0
ZF000029,DA44,0.0,0.0050546191968317,-100.0,0.0,0.0,0.0,-100.0,0.0,45058.678834430255,2.2825992494006853,DA44_ZF000029,DA34,0.18188764033235894,0.1818876078698799,0.0,0.03775679707098786,DA34_DA44,0.7900523334733707,0.03291884722805711,DA34_ZF000029,DA44_ZF000029,0.0,0.0,26.41688443670151,0.0,0.0
ZF000029,DA44,0.0,0.0050546191968317,-100.0,0.0,0.0,0.0,-100.0,0.0,45058.678834430255,2.2825992494006853,DA44_ZF000029,DA36,2.2802030921291823,2.2802030921291823,0.0,0.03775679707098786,DA36_DA44,1.133414924166462,0.047225621840269245,DA36_ZF000029,DA44_ZF000029,0.0,0.0,26.41688443670151,0.0,0.0
ZF000029,DA44,0.0,0.0050546191968317,-100.0,0.0,0.0,0.0,-100.0,0.0,45058.678834430255,2.2825992494006853,DA44_ZF000029,DA37,5.379768800755525,5.379768630109212,0.0,0.03775679707098786,DA37_DA44,1.144703650963527,0.04769598545681363,DA37_ZF000029,DA44_ZF000029,0.0,0.0,26.41688443670151,0.0,0.0
ZF000029,DA44,0.0,0.0050546191968317,-100.0,0.0,0.0,0.0,-100.0,0.0,45058.678834430255,2.2825992494006853,DA44_ZF000029,DA40,11.79216707159095,11.79216707159095,0.0,0.03775679707098786,DA40_DA44,1.233785527668648,0.051407730319527,DA40_ZF000029,DA44_ZF000029,0.0,0.0,26.41688443670151,0.0,0.0
ZF000028,DA42,0.0,0.0050546191968317,-100.0,0.0,0.0,0.0,-100.0,0.0,15097.47011880362,0.7681742420578092,DA42_ZF000028,DA33,5.471674612090139,5.471673812288804,0.0,0.1503058975243294,DA33_DA42,0.868735695119561,0.036197320629981704,DA33_ZF000028,DA42_ZF000028,0.0,0.0,26.41688443670151,0.0,0.0
ZF000028,DA42,0.0,0.0050546191968317,-100.0,0.0,0.0,0.0,-100.0,0.0,15097.47011880362,0.7681742420578092,DA42_ZF000028,DA34,2.8456226548212844,2.8456226548212844,0.0,0.1503058975243294,DA34_DA42,0.8194037091391021,0.03414182121412925,DA34_ZF000028,DA42_ZF000028,0.0,0.0,26.41688443670151,0.0,0.0
ZF000028,DA42,0.0,0.0050546191968317,-100.0,0.0,0.0,0.0,-100.0,0.0,15097.47011880362,0.7681742420578092,DA42_ZF000028,DA35,3.9945514944724665,3.9945514944724665,0.0,0.1503058975243294,DA35_DA42,1.0,0.041666666666666664,DA35_ZF000028,DA42_ZF000028,0.0,0.0,26.41688443670151,0.0,0.0
ZF000028,DA42,0.0,0.0050546191968317,-100.0,0.0,0.0,0.0,-100.0,0.0,15097.47011880362,0.7681742420578092,DA42_ZF000028,DA36,4.489672532886653,4.489671605565996,0.0,0.1503058975243294,DA36_DA42,1.162766299832193,0.048448595826341374,DA36_ZF000028,DA42_ZF000028,0.0,0.0,26.41688443670151,0.0,0.0
ZF000028,DA42,0.0,0.0050546191968317,-100.0,0.0,0.0,0.0,-100.0,0.0,15097.47011880362,0.7681742420578092,DA42_ZF000028,DA38,4.140548626701243,4.140547949430887,0.0,0.1503058975243294,DA38_DA42,0.8867529241820639,0.036948038507586,DA38_ZF000028,DA42_ZF000028,0.0,0.0,26.41688443670151,0.0,0.0
ZF000028,DA42,0.0,0.0050546191968317,-100.0,0.0,0.0,0.0,-100.0,0.0,15097.47011880362,0.7681742420578092,DA42_ZF000028,DA39,2.822337806747744,2.822337806747744,0.0,0.1503058975243294,DA39_DA42,1.144703650963527,0.04769598545681363,DA39_ZF000028,DA42_ZF000028,0.0,0.0,26.41688443670151,0.0,0.0
ZF000028,DA42,0.0,0.0050546191968317,-100.0,0.0,0.0,0.0,-100.0,0.0,15097.47011880362,0.7681742420578092,DA42_ZF000028,DA40,87.82296021396408,87.82296021396408,0.0,0.1503058975243294,DA40_DA42,1.263136903334379,0.05263070430559912,DA40_ZF000028,DA42_ZF000028,0.0,0.0,26.41688443670151,0.0,0.0
ZF000028,DA42,0.0,0.0050546191968317,-100.0,0.0,0.0,0.0,-100.0,0.0,15097.47011880362,0.7681742420578092,DA42_ZF000028,DA44,2.827682664717638,2.827682664717638,0.0,0.1503058975243294,DA44_DA42,1.144703650963527,0.04769598545681363,DA44_ZF000028,DA42_ZF000028,0.0,0.0,26.41688443670151,0.0,0.0
ZF000028,DA42,0.0,0.0050546191968317,-100.0,0.0,0.0,0.0,-100.0,0.0,15097.47011880362,0.7681742420578092,DA42_ZF000028,DA45,3.2113250227860033,3.2113250227860033,0.0,0.1503058975243294,DA45_DA42,1.0,0.041666666666666664,DA45_ZF000028,DA42_ZF000028,0.0,0.0,26.41688443670151,0.0,0.0
ZF000028,DA42,0.0,0.0050546191968317,-100.0,0.0,0.0,0.0,-100.0,0.0,15097.47011880362,0.7681742420578092,DA42_ZF000028,DA46,6.73846177441526,6.73846177441526,0.0,0.1503058975243294,DA46_DA42,1.0,0.041666666666666664,DA46_ZF000028,DA42_ZF000028,0.0,0.0,26.41688443670151,0.0,0.0
ZF000028,DA37,0.0,0.0050546191968317,-100.0,0.0,0.0,0.0,-100.0,0.0,15097.47011880362,0.7681742420578092,DA37_ZF000028,DA33,5.471674612090139,5.471673812288804,0.0,0.1503058975243294,DA33_DA37,0.868735695119561,0.036197320629981704,DA33_ZF000028,DA37_ZF000028,0.0,0.0,26.41688443670151,0.0,0.0
ZF000028,DA37,0.0,0.0050546191968317,-100.0,0.0,0.0,0.0,-100.0,0.0,15097.47011880362,0.7681742420578092,DA37_ZF000028,DA34,2.8456226548212844,2.8456226548212844,0.0,0.1503058975243294,DA34_DA37,0.8194037091391021,0.03414182121412925,DA34_ZF000028,DA37_ZF000028,0.0,0.0,26.41688443670151,0.0,0.0
ZF000028,DA37,0.0,0.0050546191968317,-100.0,0.0,0.0,0.0,-100.0,0.0,15097.47011880362,0.7681742420578092,DA37_ZF000028,DA35,3.9945514944724665,3.9945514944724665,0.0,0.1503058975243294,DA35_DA37,1.0,0.041666666666666664,DA35_ZF000028,DA37_ZF000028,0.0,0.0,26.41688443670151,0.0,0.0
ZF000028,DA37,0.0,0.0050546191968317,-100.0,0.0,0.0,0.0,-100.0,0.0,15097.47011880362,0.7681742420578092,DA37_ZF000028,DA36,4.489672532886653,4.489671605565996,0.0,0.1503058975243294,DA36_DA37,1.162766299832193,0.048448595826341374,DA36_ZF000028,DA37_ZF000028,0.0,0.0,26.41688443670151,0.0,0.0
ZF000028,DA37,0.0,0.0050546191968317,-100.0,0.0,0.0,0.0,-100.0,0.0,15097.47011880362,0.7681742420578092,DA37_ZF000028,DA38,4.140548626701243,4.140547949430887,0.0,0.1503058975243294,DA38_DA37,0.8867529241820639,0.036948038507586,DA38_ZF000028,DA37_ZF000028,0.0,0.0,26.41688443670151,0.0,0.0
ZF000028,DA37,0.0,0.0050546191968317,-100.0,0.0,0.0,0.0,-100.0,0.0,15097.47011880362,0.7681742420578092,DA37_ZF000028,DA39,2.822337806747744,2.822337806747744,0.0,0.1503058975243294,DA39_DA37,1.144703650963527,0.04769598545681363,DA39_ZF000028,DA37_ZF000028,0.0,0.0,26.41688443670151,0.0,0.0
ZF000028,DA37,0.0,0.0050546191968317,-100.0,0.0,0.0,0.0,-100.0,0.0,15097.47011880362,0.7681742420578092,DA37_ZF000028,DA40,87.82296021396408,87.82296021396408,0.0,0.1503058975243294,DA40_DA37,1.263136903334379,0.05263070430559912,DA40_ZF000028,DA37_ZF000028,0.0,0.0,26.41688443670151,0.0,0.0
ZF000028,DA37,0.0,0.0050546191968317,-100.0,0.0,0.0,0.0,-100.0,0.0,15097.47011880362,0.7681742420578092,DA37_ZF000028,DA44,2.827682664717638,2.827682664717638,0.0,0.1503058975243294,DA44_DA37,1.144703650963527,0.04769598545681363,DA44_ZF000028,DA37_ZF000028,0.0,0.0,26.41688443670151,0.0,0.0
ZF000028,DA37,0.0,0.0050546191968317,-100.0,0.0,0.0,0.0,-100.0,0.0,15097.47011880362,0.7681742420578092,DA37_ZF000028,DA45,3.2113250227860033,3.2113250227860033,0.0,0.1503058975243294,DA45_DA37,1.0,0.041666666666666664,DA45_ZF000028,DA37_ZF000028,0.0,0.0,26.41688443670151,0.0,0.0
ZF000028,DA37,0.0,0.0050546191968317,-100.0,0.0,0.0,0.0,-100.0,0.0,15097.47011880362,0.7681742420578092,DA37_ZF000028,DA46,6.73846177441526,6.73846177441526,0.0,0.1503058975243294,DA46_DA37,1.0,0.041666666666666664,DA46_ZF000028,DA37_ZF000028,0.0,0.0,26.41688443670151,0.0,0.0
ZF000026,DA34,3.976297959014008,0.5597543142261039,610.3648615038356,0.0,4.528888896617262,-0.5525909376032536,-198.72,0.0,1211.5847339417012,7.894241591973649,DA34_ZF000026,DA33,1.8543829182183675,1.8543738088997284,0.0,0.1802346489256496,DA33_DA34,0.5140843776294046,0.02142018240122519,DA33_ZF000026,DA34_ZF000026,0.0,0.0,26.41688443670151,0.0,0.0
ZF000026,DA34,3.976297959014008,0.5597543142261039,610.3648615038356,0.0,4.528888896617262,-0.5525909376032536,-198.72,0.0,1211.5847339417012,7.894241591973649,DA34_ZF000026,DA36,2.217942711625405,2.217942711625405,0.0,0.1802346489256496,DA36_DA34,0.8081149823420368,0.033671457597584865,DA36_ZF000026,DA34_ZF000026,0.0,0.0,26.41688443670151,0.0,0.0
ZF000026,DA34,3.976297959014008,0.5597543142261039,610.3648615038356,0.0,4.528888896617262,-0.5525909376032536,-198.72,0.0,1211.5847339417012,7.894241591973649,DA34_ZF000026,DA37,3.3573355227752257,3.3573355227752257,0.0,0.1802346489256496,DA37_DA34,0.8194037091391021,0.03414182121412925,DA37_ZF000026,DA34_ZF000026,0.0,0.0,26.41688443670151,0.0,0.0
ZF000026,DA34,3.976297959014008,0.5597543142261039,610.3648615038356,0.0,4.528888896617262,-0.5525909376032536,-198.72,0.0,1211.5847339417012,7.894241591973649,DA34_ZF000026,DA38,11.047076385732442,11.047068170848853,0.0,0.1802346489256496,DA38_DA34,0.5321016066919075,0.02217090027882948,DA38_ZF000026,DA34_ZF000026,0.0,0.0,26.41688443670151,0.0,0.0
ZF000026,DA34,3.976297959014008,0.5597543142261039,610.3648615038356,0.0,4.528888896617262,-0.5525909376032536,-198.72,0.0,1211.5847339417012,7.894241591973649,DA34_ZF000026,DA40,3.534649629463237,3.5346433601347105,0.0,0.1802346489256496,DA40_DA34,0.9084855858442228,0.037853566076842614,DA40_ZF000026,DA34_ZF000026,0.0,0.0,26.41688443670151,0.0,0.0
ZF000026,DA39,0.0,0.0050546191968317,-100.0,0.0,0.0,0.0,-100.0,0.0,1211.5847339417012,0.0662956137445312,DA39_ZF000026,DA33,1.8543829182183675,1.8543738088997284,0.0,0.1802346489256496,DA33_DA39,0.8393843194538297,0.034974346643909575,DA33_ZF000026,DA39_ZF000026,0.0,0.0,26.41688443670151,0.0,0.0
ZF000026,DA39,0.0,0.0050546191968317,-100.0,0.0,0.0,0.0,-100.0,0.0,1211.5847339417012,0.0662956137445312,DA39_ZF000026,DA36,2.217942711625405,2.217942711625405,0.0,0.1802346489256496,DA36_DA39,1.133414924166462,0.047225621840269245,DA36_ZF000026,DA39_ZF000026,0.0,0.0,26.41688443670151,0.0,0.0
ZF000026,DA39,0.0,0.0050546191968317,-100.0,0.0,0.0,0.0,-100.0,0.0,1211.5847339417012,0.0662956137445312,DA39_ZF000026,DA37,3.3573355227752257,3.3573355227752257,0.0,0.1802346489256496,DA37_DA39,1.144703650963527,0.04769598545681363,DA37_ZF000026,DA39_ZF000026,0.0,0.0,26.41688443670151,0.0,0.0
ZF000026,DA39,0.0,0.0050546191968317,-100.0,0.0,0.0,0.0,-100.0,0.0,1211.5847339417012,0.0662956137445312,DA39_ZF000026,DA38,11.047076385732442,11.047068170848853,0.0,0.1802346489256496,DA38_DA39,0.8574015485163325,0.035725064521513854,DA38_ZF000026,DA39_ZF000026,0.0,0.0,26.41688443670151,0.0,0.0
ZF000026,DA39,0.0,0.0050546191968317,-100.0,0.0,0.0,0.0,-100.0,0.0,1211.5847339417012,0.0662956137445312,DA39_ZF000026,DA40,3.534649629463237,3.5346433601347105,0.0,0.1802346489256496,DA40_DA39,1.233785527668648,0.051407730319527,DA40_ZF000026,DA39_ZF000026,0.0,0.0,26.41688443670151,0.0,0.0
ZF000026,DA42,0.0,0.0050546191968317,-100.0,0.0,0.0,0.0,-100.0,0.0,1211.5847339417012,0.0662956137445312,DA42_ZF000026,DA33,1.8543829182183675,1.8543738088997284,0.0,0.1802346489256496,DA33_DA42,0.868735695119561,0.036197320629981704,DA33_ZF000026,DA42_ZF000026,0.0,0.0,26.41688443670151,0.0,0.0
ZF000026,DA42,0.0,0.0050546191968317,-100.0,0.0,0.0,0.0,-100.0,0.0,1211.5847339417012,0.0662956137445312,DA42_ZF000026,DA36,2.217942711625405,2.217942711625405,0.0,0.1802346489256496,DA36_DA42,1.162766299832193,0.048448595826341374,DA36_ZF000026,DA42_ZF000026,0.0,0.0,26.41688443670151,0.0,0.0
ZF000026,DA42,0.0,0.0050546191968317,-100.0,0.0,0.0,0.0,-100.0,0.0,1211.5847339417012,0.0662956137445312,DA42_ZF000026,DA37,3.3573355227752257,3.3573355227752257,0.0,0.1802346489256496,DA37_DA42,1.174055026629258,0.04891895944288575,DA37_ZF000026,DA42_ZF000026,0.0,0.0,26.41688443670151,0.0,0.0
ZF000026,DA42,0.0,0.0050546191968317,-100.0,0.0,0.0,0.0,-100.0,0.0,1211.5847339417012,0.0662956137445312,DA42_ZF000026,DA38,11.047076385732442,11.047068170848853,0.0,0.1802346489256496,DA38_DA42,0.8867529241820639,0.036948038507586,DA38_ZF000026,DA42_ZF000026,0.0,0.0,26.41688443670151,0.0,0.0
ZF000026,DA42,0.0,0.0050546191968317,-100.0,0.0,0.0,0.0,-100.0,0.0,1211.5847339417012,0.0662956137445312,DA42_ZF000026,DA40,3.534649629463237,3.5346433601347105,0.0,0.1802346489256496,DA40_DA42,1.263136903334379,0.05263070430559912,DA40_ZF000026,DA42_ZF000026,0.0,0.0,26.41688443670151,0.0,0.0
ZF000026,DA45,0.0,0.0050546191968317,-100.0,0.0,0.0,0.0,-100.0,0.0,1211.5847339417012,0.0662956137445312,DA45_ZF000026,DA33,1.8543829182183675,1.8543738088997284,0.0,0.1802346489256496,DA33_DA45,1.0,0.041666666666666664,DA33_ZF000026,DA45_ZF000026,0.0,0.0,26.41688443670151,0.0,0.0
ZF000026,DA45,0.0,0.0050546191968317,-100.0,0.0,0.0,0.0,-100.0,0.0,1211.5847339417012,0.0662956137445312,DA45_ZF000026,DA36,2.217942711625405,2.217942711625405,0.0,0.1802346489256496,DA36_DA45,1.122125669682195,0.046755236236758126,DA36_ZF000026,DA45_ZF000026,0.0,0.0,26.41688443670151,0.0,0.0
ZF000026,DA45,0.0,0.0050546191968317,-100.0,0.0,0.0,0.0,-100.0,0.0,1211.5847339417012,0.0662956137445312,DA45_ZF000026,DA37,3.3573355227752257,3.3573355227752257,0.0,0.1802346489256496,DA37_DA45,1.0,0.041666666666666664,DA37_ZF000026,DA45_ZF000026,0.0,0.0,26.41688443670151,0.0,0.0
ZF000026,DA45,0.0,0.0050546191968317,-100.0,0.0,0.0,0.0,-100.0,0.0,1211.5847339417012,0.0662956137445312,DA45_ZF000026,DA38,11.047076385732442,11.047068170848853,0.0,0.1802346489256496,DA38_DA45,1.0,0.041666666666666664,DA38_ZF000026,DA45_ZF000026,0.0,0.0,26.41688443670151,0.0,0.0
ZF000026,DA45,0.0,0.0050546191968317,-100.0,0.0,0.0,0.0,-100.0,0.0,1211.5847339417012,0.0662956137445312,DA45_ZF000026,DA40,3.534649629463237,3.5346433601347105,0.0,0.1802346489256496,DA40_DA45,1.0,0.041666666666666664,DA40_ZF000026,DA45_ZF000026,0.0,0.0,26.41688443670151,0.0,0.0
ZF000026,DA35,0.0,0.0050546191968317,-100.0,0.0,0.0,0.0,-100.0,0.0,1211.5847339417012,0.0662956137445312,DA35_ZF000026,DA33,1.8543829182183675,1.8543738088997284,0.0,0.1802346489256496,DA33_DA35,1.0,0.041666666666666664,DA33_ZF000026,DA35_ZF000026,0.0,0.0,26.41688443670151,0.0,0.0
ZF000026,DA35,0.0,0.0050546191968317,-100.0,0.0,0.0,0.0,-100.0,0.0,1211.5847339417012,0.0662956137445312,DA35_ZF000026,DA36,2.217942711625405,2.217942711625405,0.0,0.1802346489256496,DA36_DA35,1.155992641604193,0.04816636006684138,DA36_ZF000026,DA35_ZF000026,0.0,0.0,26.41688443670151,0.0,0.0
ZF000026,DA35,0.0,0.0050546191968317,-100.0,0.0,0.0,0.0,-100.0,0.0,1211.5847339417012,0.0662956137445312,DA35_ZF000026,DA37,3.3573355227752257,3.3573355227752257,0.0,0.1802346489256496,DA37_DA35,1.0,0.041666666666666664,DA37_ZF000026,DA35_ZF000026,0.0,0.0,26.41688443670151,0.0,0.0
ZF000026,DA35,0.0,0.0050546191968317,-100.0,0.0,0.0,0.0,-100.0,0.0,1211.5847339417012,0.0662956137445312,DA35_ZF000026,DA38,11.047076385732442,11.047068170848853,0.0,0.1802346489256496,DA38_DA35,1.0,0.041666666666666664,DA38_ZF000026,DA35_ZF000026,0.0,0.0,26.41688443670151,0.0,0.0
ZF000026,DA35,0.0,0.0050546191968317,-100.0,0.0,0.0,0.0,-100.0,0.0,1211.5847339417012,0.0662956137445312,DA35_ZF000026,DA40,3.534649629463237,3.5346433601347105,0.0,0.1802346489256496,DA40_DA35,1.0,0.041666666666666664,DA40_ZF000026,DA35_ZF000026,0.0,0.0,26.41688443670151,0.0,0.0
ZF000026,DA46,0.0,0.0050546191968317,-100.0,0.0,0.0,0.0,-100.0,0.0,1211.5847339417012,0.0662956137445312,DA46_ZF000026,DA33,1.8543829182183675,1.8543738088997284,0.0,0.1802346489256496,DA33_DA46,1.0,0.041666666666666664,DA33_ZF000026,DA46_ZF000026,0.0,0.0,26.41688443670151,0.0,0.0
ZF000026,DA46,0.0,0.0050546191968317,-100.0,0.0,0.0,0.0,-100.0,0.0,1211.5847339417012,0.0662956137445312,DA46_ZF000026,DA36,2.217942711625405,2.217942711625405,0.0,0.1802346489256496,DA36_DA46,1.155992641604193,0.04816636006684138,DA36_ZF000026,DA46_ZF000026,0.0,0.0,26.41688443670151,0.0,0.0
ZF000026,DA46,0.0,0.0050546191968317,-100.0,0.0,0.0,0.0,-100.0,0.0,1211.5847339417012,0.0662956137445312,DA46_ZF000026,DA37,3.3573355227752257,3.3573355227752257,0.0,0.1802346489256496,DA37_DA46,1.0,0.041666666666666664,DA37_ZF000026,DA46_ZF000026,0.0,0.0,26.41688443670151,0.0,0.0
ZF000026,DA46,0.0,0.0050546191968317,-100.0,0.0,0.0,0.0,-100.0,0.0,1211.5847339417012,0.0662956137445312,DA46_ZF000026,DA38,11.047076385732442,11.047068170848853,0.0,0.1802346489256496,DA38_DA46,1.0,0.041666666666666664,DA38_ZF000026,DA46_ZF000026,0.0,0.0,26.41688443670151,0.0,0.0
ZF000026,DA46,0.0,0.0050546191968317,-100.0,0.0,0.0,0.0,-100.0,0.0,1211.5847339417012,0.0662956137445312,DA46_ZF000026,DA40,3.534649629463237,3.5346433601347105,0.0,0.1802346489256496,DA40_DA46,1.0,0.041666666666666664,DA40_ZF000026,DA46_ZF000026,0.0,0.0,26.41688443670151,0.0,0.0
ZF000026,DA44,0.0,0.0050546191968317,-100.0,0.0,0.0,0.0,-100.0,0.0,1211.5847339417012,0.0662956137445312,DA44_ZF000026,DA33,1.8543829182183675,1.8543738088997284,0.0,0.1802346489256496,DA33_DA44,0.8393843194538297,0.034974346643909575,DA33_ZF000026,DA44_ZF000026,0.0,0.0,26.41688443670151,0.0,0.0
ZF000026,DA44,0.0,0.0050546191968317,-100.0,0.0,0.0,0.0,-100.0,0.0,1211.5847339417012,0.0662956137445312,DA44_ZF000026,DA36,2.217942711625405,2.217942711625405,0.0,0.1802346489256496,DA36_DA44,1.133414924166462,0.047225621840269245,DA36_ZF000026,DA44_ZF000026,0.0,0.0,26.41688443670151,0.0,0.0
ZF000026,DA44,0.0,0.0050546191968317,-100.0,0.0,0.0,0.0,-100.0,0.0,1211.5847339417012,0.0662956137445312,DA44_ZF000026,DA37,3.3573355227752257,3.3573355227752257,0.0,0.1802346489256496,DA37_DA44,1.144703650963527,0.04769598545681363,DA37_ZF000026,DA44_ZF000026,0.0,0.0,26.41688443670151,0.0,0.0
ZF000026,DA44,0.0,0.0050546191968317,-100.0,0.0,0.0,0.0,-100.0,0.0,1211.5847339417012,0.0662956137445312,DA44_ZF000026,DA38,11.047076385732442,11.047068170848853,0.0,0.1802346489256496,DA38_DA44,0.8574015485163325,0.035725064521513854,DA38_ZF000026,DA44_ZF000026,0.0,0.0,26.41688443670151,0.0,0.0
ZF000026,DA44,0.0,0.0050546191968317,-100.0,0.0,0.0,0.0,-100.0,0.0,1211.5847339417012,0.0662956137445312,DA44_ZF000026,DA40,3.534649629463237,3.5346433601347105,0.0,0.1802346489256496,DA40_DA44,1.233785527668648,0.051407730319527,DA40_ZF000026,DA44_ZF000026,0.0,0.0,26.41688443670151,0.0,0.0
ZF000016,DA39,0.0,0.0050546191968317,-100.0,0.0,0.0,0.0,-100.0,0.0,15905.825547450877,0.8090335307328446,DA39_ZF000016,DA33,0.01895640958549342,0.01895640958549342,0.0,0.298682393109335,DA33_DA39,0.8393843194538297,0.034974346643909575,DA33_ZF000016,DA39_ZF000016,0.0,0.0,26.41688443670151,0.0,0.0
ZF000016,DA39,0.0,0.0050546191968317,-100.0,0.0,0.0,0.0,-100.0,0.0,15905.825547450877,0.8090335307328446,DA39_ZF000016,DA34,9.184495337610489,9.184495337610489,0.0,0.298682393109335,DA34_DA39,0.7900523334733707,0.03291884722805711,DA34_ZF000016,DA39_ZF000016,0.0,0.0,26.41688443670151,0.0,0.0
ZF000016,DA39,0.0,0.0050546191968317,-100.0,0.0,0.0,0.0,-100.0,0.0,15905.825547450877,0.8090335307328446,DA39_ZF000016,DA38,1.1831033452465245,1.1831033452465245,0.0,0.298682393109335,DA38_DA39,0.8574015485163325,0.035725064521513854,DA38_ZF000016,DA39_ZF000016,0.0,0.0,26.41688443670151,0.0,0.0
ZF000016,DA42,0.0,0.0050546191968317,-100.0,0.0,0.0,0.0,-100.0,0.0,15905.825547450877,0.8090335307328446,DA42_ZF000016,DA33,0.01895640958549342,0.01895640958549342,0.0,0.298682393109335,DA33_DA42,0.868735695119561,0.036197320629981704,DA33_ZF000016,DA42_ZF000016,0.0,0.0,26.41688443670151,0.0,0.0
ZF000016,DA42,0.0,0.0050546191968317,-100.0,0.0,0.0,0.0,-100.0,0.0,15905.825547450877,0.8090335307328446,DA42_ZF000016,DA34,9.184495337610489,9.184495337610489,0.0,0.298682393109335,DA34_DA42,0.8194037091391021,0.03414182121412925,DA34_ZF000016,DA42_ZF000016,0.0,0.0,26.41688443670151,0.0,0.0
ZF000016,DA42,0.0,0.0050546191968317,-100.0,0.0,0.0,0.0,-100.0,0.0,15905.825547450877,0.8090335307328446,DA42_ZF000016,DA38,1.1831033452465245,1.1831033452465245,0.0,0.298682393109335,DA38_DA42,0.8867529241820639,0.036948038507586,DA38_ZF000016,DA42_ZF000016,0.0,0.0,26.41688443670151,0.0,0.0
ZF000016,DA45,0.0,0.0050546191968317,-100.0,0.0,0.0,0.0,-100.0,0.0,15905.825547450877,0.8090335307328446,DA45_ZF000016,DA33,0.01895640958549342,0.01895640958549342,0.0,0.298682393109335,DA33_DA45,1.0,0.041666666666666664,DA33_ZF000016,DA45_ZF000016,0.0,0.0,26.41688443670151,0.0,0.0
ZF000016,DA45,0.0,0.0050546191968317,-100.0,0.0,0.0,0.0,-100.0,0.0,15905.825547450877,0.8090335307328446,DA45_ZF000016,DA34,9.184495337610489,9.184495337610489,0.0,0.298682393109335,DA34_DA45,1.0,0.041666666666666664,DA34_ZF000016,DA45_ZF000016,0.0,0.0,26.41688443670151,0.0,0.0
ZF000016,DA45,0.0,0.0050546191968317,-100.0,0.0,0.0,0.0,-100.0,0.0,15905.825547450877,0.8090335307328446,DA45_ZF000016,DA38,1.1831033452465245,1.1831033452465245,0.0,0.298682393109335,DA38_DA45,1.0,0.041666666666666664,DA38_ZF000016,DA45_ZF000016,0.0,0.0,26.41688443670151,0.0,0.0
ZF000016,DA35,0.0,0.0050546191968317,-100.0,0.0,0.0,0.0,-100.0,0.0,15905.825547450877,0.8090335307328446,DA35_ZF000016,DA33,0.01895640958549342,0.01895640958549342,0.0,0.298682393109335,DA33_DA35,1.0,0.041666666666666664,DA33_ZF000016,DA35_ZF000016,0.0,0.0,26.41688443670151,0.0,0.0
ZF000016,DA35,0.0,0.0050546191968317,-100.0,0.0,0.0,0.0,-100.0,0.0,15905.825547450877,0.8090335307328446,DA35_ZF000016,DA34,9.184495337610489,9.184495337610489,0.0,0.298682393109335,DA34_DA35,1.0,0.041666666666666664,DA34_ZF000016,DA35_ZF000016,0.0,0.0,26.41688443670151,0.0,0.0
ZF000016,DA35,0.0,0.0050546191968317,-100.0,0.0,0.0,0.0,-100.0,0.0,15905.825547450877,0.8090335307328446,DA35_ZF000016,DA38,1.1831033452465245,1.1831033452465245,0.0,0.298682393109335,DA38_DA35,1.0,0.041666666666666664,DA38_ZF000016,DA35_ZF000016,0.0,0.0,26.41688443670151,0.0,0.0
ZF000016,DA46,0.0,0.0050546191968317,-100.0,0.0,0.0,0.0,-100.0,0.0,15905.825547450877,0.8090335307328446,DA46_ZF000016,DA33,0.01895640958549342,0.01895640958549342,0.0,0.298682393109335,DA33_DA46,1.0,0.041666666666666664,DA33_ZF000016,DA46_ZF000016,0.0,0.0,26.41688443670151,0.0,0.0
ZF000016,DA46,0.0,0.0050546191968317,-100.0,0.0,0.0,0.0,-100.0,0.0,15905.825547450877,0.8090335307328446,DA46_ZF000016,DA34,9.184495337610489,9.184495337610489,0.0,0.298682393109335,DA34_DA46,1.0,0.041666666666666664,DA34_ZF000016,DA46_ZF000016,0.0,0.0,26.41688443670151,0.0,0.0
ZF000016,DA46,0.0,0.0050546191968317,-100.0,0.0,0.0,0.0,-100.0,0.0,15905.825547450877,0.8090335307328446,DA46_ZF000016,DA38,1.1831033452465245,1.1831033452465245,0.0,0.298682393109335,DA38_DA46,1.0,0.041666666666666664,DA38_ZF000016,DA46_ZF000016,0.0,0.0,26.41688443670151,0.0,0.0
ZF000016,DA36,0.0,0.0050546191968317,-100.0,0.0,0.0,0.0,-100.0,0.0,15905.825547450877,0.8090335307328446,DA36_ZF000016,DA33,0.01895640958549342,0.01895640958549342,0.0,0.298682393109335,DA33_DA36,0.8574469683224957,0.03572695701343732,DA33_ZF000016,DA36_ZF000016,0.0,0.0,26.41688443670151,0.0,0.0
ZF000016,DA36,0.0,0.0050546191968317,-100.0,0.0,0.0,0.0,-100.0,0.0,15905.825547450877,0.8090335307328446,DA36_ZF000016,DA34,9.184495337610489,9.184495337610489,0.0,0.298682393109335,DA34_DA36,0.8081149823420368,0.033671457597584865,DA34_ZF000016,DA36_ZF000016,0.0,0.0,26.41688443670151,0.0,0.0
ZF000016,DA36,0.0,0.0050546191968317,-100.0,0.0,0.0,0.0,-100.0,0.0,15905.825547450877,0.8090335307328446,DA36_ZF000016,DA38,1.1831033452465245,1.1831033452465245,0.0,0.298682393109335,DA38_DA36,0.8754641973849986,0.03647767489104161,DA38_ZF000016,DA36_ZF000016,0.0,0.0,26.41688443670151,0.0,0.0
ZF000016,DA44,0.0,0.0050546191968317,-100.0,0.0,0.0,0.0,-100.0,0.0,15905.825547450877,0.8090335307328446,DA44_ZF000016,DA33,0.01895640958549342,0.01895640958549342,0.0,0.298682393109335,DA33_DA44,0.8393843194538297,0.034974346643909575,DA33_ZF000016,DA44_ZF000016,0.0,0.0,26.41688443670151,0.0,0.0
ZF000016,DA44,0.0,0.0050546191968317,-100.0,0.0,0.0,0.0,-100.0,0.0,15905.825547450877,0.8090335307328446,DA44_ZF000016,DA34,9.184495337610489,9.184495337610489,0.0,0.298682393109335,DA34_DA44,0.7900523334733707,0.03291884722805711,DA34_ZF000016,DA44_ZF000016,0.0,0.0,26.41688443670151,0.0,0.0
ZF000016,DA44,0.0,0.0050546191968317,-100.0,0.0,0.0,0.0,-100.0,0.0,15905.825547450877,0.8090335307328446,DA44_ZF000016,DA38,1.1831033452465245,1.1831033452465245,0.0,0.298682393109335,DA38_DA44,0.8574015485163325,0.035725064521513854,DA38_ZF000016,DA44_ZF000016,0.0,0.0,26.41688443670151,0.0,0.0
ZF000016,DA37,0.0,0.0050546191968317,-100.0,0.0,0.0,0.0,-100.0,0.0,15905.825547450877,0.8090335307328446,DA37_ZF000016,DA33,0.01895640958549342,0.01895640958549342,0.0,0.298682393109335,DA33_DA37,0.868735695119561,0.036197320629981704,DA33_ZF000016,DA37_ZF000016,0.0,0.0,26.41688443670151,0.0,0.0
ZF000016,DA37,0.0,0.0050546191968317,-100.0,0.0,0.0,0.0,-100.0,0.0,15905.825547450877,0.8090335307328446,DA37_ZF000016,DA34,9.184495337610489,9.184495337610489,0.0,0.298682393109335,DA34_DA37,0.8194037091391021,0.03414182121412925,DA34_ZF000016,DA37_ZF000016,0.0,0.0,26.41688443670151,0.0,0.0
ZF000016,DA37,0.0,0.0050546191968317,-100.0,0.0,0.0,0.0,-100.0,0.0,15905.825547450877,0.8090335307328446,DA37_ZF000016,DA38,1.1831033452465245,1.1831033452465245,0.0,0.298682393109335,DA38_DA37,0.8867529241820639,0.036948038507586,DA38_ZF000016,DA37_ZF000016,0.0,0.0,26.41688443670151,0.0,0.0
ZF000016,DA40,0.0,0.0003149491198610608,-100.0,0.0,0.006542813973887844,-0.006542813973887844,-2177.42,0.0,15905.825547450877,0.056953022694011,DA40_ZF000016,DA33,0.01895640958549342,0.01895640958549342,0.0,0.298682393109335,DA33_DA40,0.9578175718246816,0.039909065492695066,DA33_ZF000016,DA40_ZF000016,0.0,0.0,26.41688443670151,0.0,0.0
ZF000016,DA40,0.0,0.0003149491198610608,-100.0,0.0,0.006542813973887844,-0.006542813973887844,-2177.42,0.0,15905.825547450877,0.056953022694011,DA40_ZF000016,DA34,9.184495337610489,9.184495337610489,0.0,0.298682393109335,DA34_DA40,0.9084855858442228,0.037853566076842614,DA34_ZF000016,DA40_ZF000016,0.0,0.0,26.41688443670151,0.0,0.0
ZF000016,DA40,0.0,0.0003149491198610608,-100.0,0.0,0.006542813973887844,-0.006542813973887844,-2177.42,0.0,15905.825547450877,0.056953022694011,DA40_ZF000016,DA38,1.1831033452465245,1.1831033452465245,0.0,0.298682393109335,DA38_DA40,0.9758348008871847,0.04065978337029936,DA38_ZF000016,DA40_ZF000016,0.0,0.0,26.41688443670151,0.0,0.0
ZF000013,DA39,0.0,0.0050546191968317,-100.0,0.0,0.0,0.0,-100.0,0.0,127.27801700101979,0.011488038277511962,DA39_ZF000013,DA33,0.050087738007164366,0.050087738007164366,0.0,0.2590686420340731,DA33_DA39,0.8393843194538297,0.034974346643909575,DA33_ZF000013,DA39_ZF000013,0.0,0.0,26.41688443670151,0.0,0.0
ZF000013,DA39,0.0,0.0050546191968317,-100.0,0.0,0.0,0.0,-100.0,0.0,127.27801700101979,0.011488038277511962,DA39_ZF000013,DA38,0.050087738007164366,0.050087738007164366,0.0,0.2590686420340731,DA38_DA39,0.8574015485163325,0.035725064521513854,DA38_ZF000013,DA39_ZF000013,0.0,0.0,26.41688443670151,0.0,0.0
ZF000013,DA39,0.0,0.0050546191968317,-100.0,0.0,0.0,0.0,-100.0,0.0,127.27801700101979,0.011488038277511962,DA39_ZF000013,DA40,0.022516812136126173,0.02251667266919701,0.0,0.2590686420340731,DA40_DA39,1.233785527668648,0.051407730319527,DA40_ZF000013,DA39_ZF000013,0.0,0.0,26.41688443670151,0.0,0.0
ZF000013,DA42,0.0,0.0050546191968317,-100.0,0.0,0.0,0.0,-100.0,0.0,127.27801700101979,0.011488038277511962,DA42_ZF000013,DA33,0.050087738007164366,0.050087738007164366,0.0,0.2590686420340731,DA33_DA42,0.868735695119561,0.036197320629981704,DA33_ZF000013,DA42_ZF000013,0.0,0.0,26.41688443670151,0.0,0.0
ZF000013,DA42,0.0,0.0050546191968317,-100.0,0.0,0.0,0.0,-100.0,0.0,127.27801700101979,0.011488038277511962,DA42_ZF000013,DA38,0.050087738007164366,0.050087738007164366,0.0,0.2590686420340731,DA38_DA42,0.8867529241820639,0.036948038507586,DA38_ZF000013,DA42_ZF000013,0.0,0.0,26.41688443670151,0.0,0.0
ZF000013,DA42,0.0,0.0050546191968317,-100.0,0.0,0.0,0.0,-100.0,0.0,127.27801700101979,0.011488038277511962,DA42_ZF000013,DA40,0.022516812136126173,0.02251667266919701,0.0,0.2590686420340731,DA40_DA42,1.263136903334379,0.05263070430559912,DA40_ZF000013,DA42_ZF000013,0.0,0.0,26.41688443670151,0.0,0.0
ZF000013,DA34,0.0,0.0050546191968317,-100.0,0.0,0.0,0.0,-100.0,0.0,127.27801700101979,0.011488038277511962,DA34_ZF000013,DA33,0.050087738007164366,0.050087738007164366,0.0,0.2590686420340731,DA33_DA34,0.5140843776294046,0.02142018240122519,DA33_ZF000013,DA34_ZF000013,0.0,0.0,26.41688443670151,0.0,0.0
ZF000013,DA34,0.0,0.0050546191968317,-100.0,0.0,0.0,0.0,-100.0,0.0,127.27801700101979,0.011488038277511962,DA34_ZF000013,DA38,0.050087738007164366,0.050087738007164366,0.0,0.2590686420340731,DA38_DA34,0.5321016066919075,0.02217090027882948,DA38_ZF000013,DA34_ZF000013,0.0,0.0,26.41688443670151,0.0,0.0
ZF000013,DA34,0.0,0.0050546191968317,-100.0,0.0,0.0,0.0,-100.0,0.0,127.27801700101979,0.011488038277511962,DA34_ZF000013,DA40,0.022516812136126173,0.02251667266919701,0.0,0.2590686420340731,DA40_DA34,0.9084855858442228,0.037853566076842614,DA40_ZF000013,DA34_ZF000013,0.0,0.0,26.41688443670151,0.0,0.0
ZF000013,DA45,0.0,0.0050546191968317,-100.0,0.0,0.0,0.0,-100.0,0.0,127.27801700101979,0.011488038277511962,DA45_ZF000013,DA33,0.050087738007164366,0.050087738007164366,0.0,0.2590686420340731,DA33_DA45,1.0,0.041666666666666664,DA33_ZF000013,DA45_ZF000013,0.0,0.0,26.41688443670151,0.0,0.0
ZF000013,DA45,0.0,0.0050546191968317,-100.0,0.0,0.0,0.0,-100.0,0.0,127.27801700101979,0.011488038277511962,DA45_ZF000013,DA38,0.050087738007164366,0.050087738007164366,0.0,0.2590686420340731,DA38_DA45,1.0,0.041666666666666664,DA38_ZF000013,DA45_ZF000013,0.0,0.0,26.41688443670151,0.0,0.0
ZF000013,DA45,0.0,0.0050546191968317,-100.0,0.0,0.0,0.0,-100.0,0.0,127.27801700101979,0.011488038277511962,DA45_ZF000013,DA40,0.022516812136126173,0.02251667266919701,0.0,0.2590686420340731,DA40_DA45,1.0,0.041666666666666664,DA40_ZF000013,DA45_ZF000013,0.0,0.0,26.41688443670151,0.0,0.0
ZF000013,DA35,0.0,0.0050546191968317,-100.0,0.0,0.0,0.0,-100.0,0.0,127.27801700101979,0.011488038277511962,DA35_ZF000013,DA33,0.050087738007164366,0.050087738007164366,0.0,0.2590686420340731,DA33_DA35,1.0,0.041666666666666664,DA33_ZF000013,DA35_ZF000013,0.0,0.0,26.41688443670151,0.0,0.0
ZF000013,DA35,0.0,0.0050546191968317,-100.0,0.0,0.0,0.0,-100.0,0.0,127.27801700101979,0.011488038277511962,DA35_ZF000013,DA38,0.050087738007164366,0.050087738007164366,0.0,0.2590686420340731,DA38_DA35,1.0,0.041666666666666664,DA38_ZF000013,DA35_ZF000013,0.0,0.0,26.41688443670151,0.0,0.0
ZF000013,DA35,0.0,0.0050546191968317,-100.0,0.0,0.0,0.0,-100.0,0.0,127.27801700101979,0.011488038277511962,DA35_ZF000013,DA40,0.022516812136126173,0.02251667266919701,0.0,0.2590686420340731,DA40_DA35,1.0,0.041666666666666664,DA40_ZF000013,DA35_ZF000013,0.0,0.0,26.41688443670151,0.0,0.0
ZF000013,DA46,0.0,0.0050546191968317,-100.0,0.0,0.0,0.0,-100.0,0.0,127.27801700101979,0.011488038277511962,DA46_ZF000013,DA33,0.050087738007164366,0.050087738007164366,0.0,0.2590686420340731,DA33_DA46,1.0,0.041666666666666664,DA33_ZF000013,DA46_ZF000013,0.0,0.0,26.41688443670151,0.0,0.0
ZF000013,DA46,0.0,0.0050546191968317,-100.0,0.0,0.0,0.0,-100.0,0.0,127.27801700101979,0.011488038277511962,DA46_ZF000013,DA38,0.050087738007164366,0.050087738007164366,0.0,0.2590686420340731,DA38_DA46,1.0,0.041666666666666664,DA38_ZF000013,DA46_ZF000013,0.0,0.0,26.41688443670151,0.0,0.0
ZF000013,DA46,0.0,0.0050546191968317,-100.0,0.0,0.0,0.0,-100.0,0.0,127.27801700101979,0.011488038277511962,DA46_ZF000013,DA40,0.022516812136126173,0.02251667266919701,0.0,0.2590686420340731,DA40_DA46,1.0,0.041666666666666664,DA40_ZF000013,DA46_ZF000013,0.0,0.0,26.41688443670151,0.0,0.0
ZF000013,DA36,0.0,0.0050546191968317,-100.0,0.0,0.0,0.0,-100.0,0.0,127.27801700101979,0.011488038277511962,DA36_ZF000013,DA33,0.050087738007164366,0.050087738007164366,0.0,0.2590686420340731,DA33_DA36,0.8574469683224957,0.03572695701343732,DA33_ZF000013,DA36_ZF000013,0.0,0.0,26.41688443670151,0.0,0.0
ZF000013,DA36,0.0,0.0050546191968317,-100.0,0.0,0.0,0.0,-100.0,0.0,127.27801700101979,0.011488038277511962,DA36_ZF000013,DA38,0.050087738007164366,0.050087738007164366,0.0,0.2590686420340731,DA38_DA36,0.8754641973849986,0.03647767489104161,DA38_ZF000013,DA36_ZF000013,0.0,0.0,26.41688443670151,0.0,0.0
ZF000013,DA36,0.0,0.0050546191968317,-100.0,0.0,0.0,0.0,-100.0,0.0,127.27801700101979,0.011488038277511962,DA36_ZF000013,DA40,0.022516812136126173,0.02251667266919701,0.0,0.2590686420340731,DA40_DA36,1.251848176537314,0.05216034068905475,DA40_ZF000013,DA36_ZF000013,0.0,0.0,26.41688443670151,0.0,0.0
ZF000013,DA44,0.0,0.0050546191968317,-100.0,0.0,0.0,0.0,-100.0,0.0,127.27801700101979,0.011488038277511962,DA44_ZF000013,DA33,0.050087738007164366,0.050087738007164366,0.0,0.2590686420340731,DA33_DA44,0.8393843194538297,0.034974346643909575,DA33_ZF000013,DA44_ZF000013,0.0,0.0,26.41688443670151,0.0,0.0
ZF000013,DA44,0.0,0.0050546191968317,-100.0,0.0,0.0,0.0,-100.0,0.0,127.27801700101979,0.011488038277511962,DA44_ZF000013,DA38,0.050087738007164366,0.050087738007164366,0.0,0.2590686420340731,DA38_DA44,0.8574015485163325,0.035725064521513854,DA38_ZF000013,DA44_ZF000013,0.0,0.0,26.41688443670151,0.0,0.0
ZF000013,DA44,0.0,0.0050546191968317,-100.0,0.0,0.0,0.0,-100.0,0.0,127.27801700101979,0.011488038277511962,DA44_ZF000013,DA40,0.022516812136126173,0.02251667266919701,0.0,0.2590686420340731,DA40_DA44,1.233785527668648,0.051407730319527,DA40_ZF000013,DA44_ZF000013,0.0,0.0,26.41688443670151,0.0,0.0
ZF000013,DA37,0.0,0.0050546191968317,-100.0,0.0,0.0,0.0,-100.0,0.0,127.27801700101979,0.011488038277511962,DA37_ZF000013,DA33,0.050087738007164366,0.050087738007164366,0.0,0.2590686420340731,DA33_DA37,0.868735695119561,0.036197320629981704,DA33_ZF000013,DA37_ZF000013,0.0,0.0,26.41688443670151,0.0,0.0
ZF000013,DA37,0.0,0.0050546191968317,-100.0,0.0,0.0,0.0,-100.0,0.0,127.27801700101979,0.011488038277511962,DA37_ZF000013,DA38,0.050087738007164366,0.050087738007164366,0.0,0.2590686420340731,DA38_DA37,0.8867529241820639,0.036948038507586,DA38_ZF000013,DA37_ZF000013,0.0,0.0,26.41688443670151,0.0,0.0
ZF000013,DA37,0.0,0.0050546191968317,-100.0,0.0,0.0,0.0,-100.0,0.0,127.27801700101979,0.011488038277511962,DA37_ZF000013,DA40,0.022516812136126173,0.02251667266919701,0.0,0.2590686420340731,DA40_DA37,1.263136903334379,0.05263070430559912,DA40_ZF000013,DA37_ZF000013,0.0,0.0,26.41688443670151,0.0,0.0
ZF000012,DA40,0.03982519936204146,0.01264936814327445,214.83943633355426,0.0,0.26278042207318536,-0.2229552227111439,-1862.58,0.0,604.2590042407647,0.31203954714829996,DA40_ZF000012,DA33,0.2340399408993,0.2340398171982958,0.0,0.5231193733380323,DA33_DA40,0.9578175718246816,0.039909065492695066,DA33_ZF000012,DA40_ZF000012,0.0,0.0,26.41688443670151,0.0,0.0
ZF000012,DA40,0.03982519936204146,0.01264936814327445,214.83943633355426,0.0,0.26278042207318536,-0.2229552227111439,-1862.58,0.0,604.2590042407647,0.31203954714829996,DA40_ZF000012,DA38,0.6799492529613088,0.6799492529613088,0.0,0.5231193733380323,DA38_DA40,0.9758348008871847,0.04065978337029936,DA38_ZF000012,DA40_ZF000012,0.0,0.0,26.41688443670151,0.0,0.0
ZF000012,DA39,0.0,0.0050546191968317,-100.0,0.0,0.0,0.0,-100.0,0.0,604.2590042407647,0.03559761082376947,DA39_ZF000012,DA33,0.2340399408993,0.2340398171982958,0.0,0.5231193733380323,DA33_DA39,0.8393843194538297,0.034974346643909575,DA33_ZF000012,DA39_ZF000012,0.0,0.0,26.41688443670151,0.0,0.0
ZF000012,DA39,0.0,0.0050546191968317,-100.0,0.0,0.0,0.0,-100.0,0.0,604.2590042407647,0.03559761082376947,DA39_ZF000012,DA38,0.6799492529613088,0.6799492529613088,0.0,0.5231193733380323,DA38_DA39,0.8574015485163325,0.035725064521513854,DA38_ZF000012,DA39_ZF000012,0.0,0.0,26.41688443670151,0.0,0.0
ZF000012,DA42,0.0,0.0050546191968317,-100.0,0.0,0.0,0.0,-100.0,0.0,604.2590042407647,0.03559761082376947,DA42_ZF000012,DA33,0.2340399408993,0.2340398171982958,0.0,0.5231193733380323,DA33_DA42,0.868735695119561,0.036197320629981704,DA33_ZF000012,DA42_ZF000012,0.0,0.0,26.41688443670151,0.0,0.0
ZF000012,DA42,0.0,0.0050546191968317,-100.0,0.0,0.0,0.0,-100.0,0.0,604.2590042407647,0.03559761082376947,DA42_ZF000012,DA38,0.6799492529613088,0.6799492529613088,0.0,0.5231193733380323,DA38_DA42,0.8867529241820639,0.036948038507586,DA38_ZF000012,DA42_ZF000012,0.0,0.0,26.41688443670151,0.0,0.0
ZF000012,DA34,0.0,0.007656196507771378,-100.0,0.0,0.15905130809692797,-0.15905130809692797,-2177.42,0.0,604.2590042407647,0.21297081078009109,DA34_ZF000012,DA33,0.2340399408993,0.2340398171982958,0.0,0.5231193733380323,DA33_DA34,0.5140843776294046,0.02142018240122519,DA33_ZF000012,DA34_ZF000012,0.0,0.0,26.41688443670151,0.0,0.0
ZF000012,DA34,0.0,0.007656196507771378,-100.0,0.0,0.15905130809692797,-0.15905130809692797,-2177.42,0.0,604.2590042407647,0.21297081078009109,DA34_ZF000012,DA38,0.6799492529613088,0.6799492529613088,0.0,0.5231193733380323,DA38_DA34,0.5321016066919075,0.02217090027882948,DA38_ZF000012,DA34_ZF000012,0.0,0.0,26.41688443670151,0.0,0.0
ZF000012,DA45,0.0,0.0050546191968317,-100.0,0.0,0.0,0.0,-100.0,0.0,604.2590042407647,0.03559761082376947,DA45_ZF000012,DA33,0.2340399408993,0.2340398171982958,0.0,0.5231193733380323,DA33_DA45,1.0,0.041666666666666664,DA33_ZF000012,DA45_ZF000012,0.0,0.0,26.41688443670151,0.0,0.0
ZF000012,DA45,0.0,0.0050546191968317,-100.0,0.0,0.0,0.0,-100.0,0.0,604.2590042407647,0.03559761082376947,DA45_ZF000012,DA38,0.6799492529613088,0.6799492529613088,0.0,0.5231193733380323,DA38_DA45,1.0,0.041666666666666664,DA38_ZF000012,DA45_ZF000012,0.0,0.0,26.41688443670151,0.0,0.0
ZF000012,DA35,0.0,0.0050546191968317,-100.0,0.0,0.0,0.0,-100.0,0.0,604.2590042407647,0.03559761082376947,DA35_ZF000012,DA33,0.2340399408993,0.2340398171982958,0.0,0.5231193733380323,DA33_DA35,1.0,0.041666666666666664,DA33_ZF000012,DA35_ZF000012,0.0,0.0,26.41688443670151,0.0,0.0
ZF000012,DA35,0.0,0.0050546191968317,-100.0,0.0,0.0,0.0,-100.0,0.0,604.2590042407647,0.03559761082376947,DA35_ZF000012,DA38,0.6799492529613088,0.6799492529613088,0.0,0.5231193733380323,DA38_DA35,1.0,0.041666666666666664,DA38_ZF000012,DA35_ZF000012,0.0,0.0,26.41688443670151,0.0,0.0
ZF000012,DA46,0.0,0.0050546191968317,-100.0,0.0,0.0,0.0,-100.0,0.0,604.2590042407647,0.03559761082376947,DA46_ZF000012,DA33,0.2340399408993,0.2340398171982958,0.0,0.5231193733380323,DA33_DA46,1.0,0.041666666666666664,DA33_ZF000012,DA46_ZF000012,0.0,0.0,26.41688443670151,0.0,0.0
ZF000012,DA46,0.0,0.0050546191968317,-100.0,0.0,0.0,0.0,-100.0,0.0,604.2590042407647,0.03559761082376947,DA46_ZF000012,DA38,0.6799492529613088,0.6799492529613088,0.0,0.5231193733380323,DA38_DA46,1.0,0.041666666666666664,DA38_ZF000012,DA46_ZF000012,0.0,0.0,26.41688443670151,0.0,0.0
ZF000012,DA36,0.0,0.003217821720657536,-100.0,0.0,0.06684765122914366,-0.06684765122914366,-2177.42,0.0,604.2590042407647,0.08950947119742958,DA36_ZF000012,DA33,0.2340399408993,0.2340398171982958,0.0,0.5231193733380323,DA33_DA36,0.8574469683224957,0.03572695701343732,DA33_ZF000012,DA36_ZF000012,0.0,0.0,26.41688443670151,0.0,0.0
ZF000012,DA36,0.0,0.003217821720657536,-100.0,0.0,0.06684765122914366,-0.06684765122914366,-2177.42,0.0,604.2590042407647,0.08950947119742958,DA36_ZF000012,DA38,0.6799492529613088,0.6799492529613088,0.0,0.5231193733380323,DA38_DA36,0.8754641973849986,0.03647767489104161,DA38_ZF000012,DA36_ZF000012,0.0,0.0,26.41688443670151,0.0,0.0
ZF000012,DA44,0.0,0.0050546191968317,-100.0,0.0,0.0,0.0,-100.0,0.0,604.2590042407647,0.03559761082376947,DA44_ZF000012,DA33,0.2340399408993,0.2340398171982958,0.0,0.5231193733380323,DA33_DA44,0.8393843194538297,0.034974346643909575,DA33_ZF000012,DA44_ZF000012,0.0,0.0,26.41688443670151,0.0,0.0
ZF000012,DA44,0.0,0.0050546191968317,-100.0,0.0,0.0,0.0,-100.0,0.0,604.2590042407647,0.03559761082376947,DA44_ZF000012,DA38,0.6799492529613088,0.6799492529613088,0.0,0.5231193733380323,DA38_DA44,0.8574015485163325,0.035725064521513854,DA38_ZF000012,DA44_ZF000012,0.0,0.0,26.41688443670151,0.0,0.0
ZF000012,DA37,0.0,0.0050546191968317,-100.0,0.0,0.0,0.0,-100.0,0.0,604.2590042407647,0.03559761082376947,DA37_ZF000012,DA33,0.2340399408993,0.2340398171982958,0.0,0.5231193733380323,DA33_DA37,0.868735695119561,0.036197320629981704,DA33_ZF000012,DA37_ZF000012,0.0,0.0,26.41688443670151,0.0,0.0
ZF000012,DA37,0.0,0.0050546191968317,-100.0,0.0,0.0,0.0,-100.0,0.0,604.2590042407647,0.03559761082376947,DA37_ZF000012,DA38,0.6799492529613088,0.6799492529613088,0.0,0.5231193733380323,DA38_DA37,0.8867529241820639,0.036948038507586,DA38_ZF000012,DA37_ZF000012,0.0,0.0,26.41688443670151,0.0,0.0
ZF000010,DA33,28.69148896371118,4.60352763167525,523.2500651521057,0.0,37.97319100760646,-9.28170204389528,-301.62,0.0,92.98199741595964,18.165611986186157,DA33_ZF000010,DA36,4.734969162028086,4.734969162028086,0.0,0.1717781685992336,DA36_DA33,0.8574469683224957,0.03572695701343732,DA36_ZF000010,DA33_ZF000010,0.0,0.0,26.41688443670151,0.0,0.0
ZF000010,DA33,28.69148896371118,4.60352763167525,523.2500651521057,0.0,37.97319100760646,-9.28170204389528,-301.62,0.0,92.98199741595964,18.165611986186157,DA33_ZF000010,DA37,6.126744652492015,6.126744652492015,0.0,0.1717781685992336,DA37_DA33,0.868735695119561,0.036197320629981704,DA37_ZF000010,DA33_ZF000010,0.0,0.0,26.41688443670151,0.0,0.0
ZF000010,DA33,28.69148896371118,4.60352763167525,523.2500651521057,0.0,37.97319100760646,-9.28170204389528,-301.62,0.0,92.98199741595964,18.165611986186157,DA33_ZF000010,DA38,1.4438912531686428,1.4438912531686428,0.0,0.1717781685992336,DA38_DA33,0.5814335926723664,0.024226399694681933,DA38_ZF000010,DA33_ZF000010,0.0,0.0,26.41688443670151,0.0,0.0
ZF000010,DA33,28.69148896371118,4.60352763167525,523.2500651521057,0.0,37.97319100760646,-9.28170204389528,-301.62,0.0,92.98199741595964,18.165611986186157,DA33_ZF000010,DA40,29.000360016857393,29.00031823802426,0.0,0.1717781685992336,DA40_DA33,0.9578175718246816,0.039909065492695066,DA40_ZF000010,DA33_ZF000010,0.0,0.0,26.41688443670151,0.0,0.0
ZF000010,DA33,28.69148896371118,4.60352763167525,523.2500651521057,0.0,37.97319100760646,-9.28170204389528,-301.62,0.0,92.98199741595964,18.165611986186157,DA33_ZF000010,DA42,6.1830323276458055,6.1830323276458055,0.0,0.1717781685992336,DA42_DA33,0.868735695119561,0.036197320629981704,DA42_ZF000010,DA33_ZF000010,0.0,0.0,26.41688443670151,0.0,0.0
ZF000010,DA33,28.69148896371118,4.60352763167525,523.2500651521057,0.0,37.97319100760646,-9.28170204389528,-301.62,0.0,92.98199741595964,18.165611986186157,DA33_ZF000010,DA44,6.56374401390503,6.563721115881444,0.0,0.1717781685992336,DA44_DA33,0.8393843194538297,0.034974346643909575,DA44_ZF000010,DA33_ZF000010,0.0,0.0,26.41688443670151,0.0,0.0
ZF000010,DA33,28.69148896371118,4.60352763167525,523.2500651521057,0.0,37.97319100760646,-9.28170204389528,-301.62,0.0,92.98199741595964,18.165611986186157,DA33_ZF000010,DA46,0.8835027875753072,0.8834735013086419,0.0,0.1717781685992336,DA46_DA33,1.0,0.041666666666666664,DA46_ZF000010,DA33_ZF000010,0.0,0.0,26.41688443670151,0.0,0.0
ZF000010,DA34,32.98828199692397,6.009674384877457,448.9196233315831,5.821461528868936,46.87591220484011,-8.066168679047202,-234.22,0.0,92.98199741595964,19.663774625514325,DA34_ZF000010,DA36,4.734969162028086,4.734969162028086,1.4896609617923307,0.1717781685992336,DA36_DA34,0.8081149823420368,0.033671457597584865,DA36_ZF000010,DA34_ZF000010,1.108849815022654,1.108849815022654,26.41688443670151,0.05639048637100879,1.4896609617923307
ZF000010,DA34,32.98828199692397,6.009674384877457,448.9196233315831,5.821461528868936,46.87591220484011,-8.066168679047202,-234.22,0.0,92.98199741595964,19.663774625514325,DA34_ZF000010,DA37,6.126744652492015,6.126744652492015,1.4896609617923307,0.1717781685992336,DA37_DA34,0.8194037091391021,0.03414182121412925,DA37_ZF000010,DA34_ZF000010,1.108849815022654,1.108849815022654,26.41688443670151,0.05639048637100879,1.4896609617923307
ZF000010,DA34,32.98828199692397,6.009674384877457,448.9196233315831,5.821461528868936,46.87591220484011,-8.066168679047202,-234.22,0.0,92.98199741595964,19.663774625514325,DA34_ZF000010,DA38,1.4438912531686428,1.4438912531686428,1.4896609617923307,0.1717781685992336,DA38_DA34,0.5321016066919075,0.02217090027882948,DA38_ZF000010,DA34_ZF000010,1.108849815022654,1.108849815022654,26.41688443670151,0.05639048637100879,1.4896609617923307
ZF000010,DA34,32.98828199692397,6.009674384877457,448.9196233315831,5.821461528868936,46.87591220484011,-8.066168679047202,-234.22,0.0,92.98199741595964,19.663774625514325,DA34_ZF000010,DA40,29.000360016857393,29.00031823802426,1.4896609617923307,0.1717781685992336,DA40_DA34,0.9084855858442228,0.037853566076842614,DA40_ZF000010,DA34_ZF000010,1.108849815022654,1.108849815022654,26.41688443670151,0.05639048637100879,1.4896609617923307
ZF000010,DA34,32.98828199692397,6.009674384877457,448.9196233315831,5.821461528868936,46.87591220484011,-8.066168679047202,-234.22,0.0,92.98199741595964,19.663774625514325,DA34_ZF000010,DA42,6.1830323276458055,6.1830323276458055,1.4896609617923307,0.1717781685992336,DA42_DA34,0.8194037091391021,0.03414182121412925,DA42_ZF000010,DA34_ZF000010,1.108849815022654,1.108849815022654,26.41688443670151,0.05639048637100879,1.4896609617923307
ZF000010,DA34,32.98828199692397,6.009674384877457,448.9196233315831,5.821461528868936,46.87591220484011,-8.066168679047202,-234.22,0.0,92.98199741595964,19.663774625514325,DA34_ZF000010,DA44,6.56374401390503,6.563721115881444,1.4896609617923307,0.1717781685992336,DA44_DA34,0.7900523334733707,0.03291884722805711,DA44_ZF000010,DA34_ZF000010,1.108849815022654,1.108849815022654,26.41688443670151,0.05639048637100879,1.4896609617923307
ZF000010,DA34,32.98828199692397,6.009674384877457,448.9196233315831,5.821461528868936,46.87591220484011,-8.066168679047202,-234.22,0.0,92.98199741595964,19.663774625514325,DA34_ZF000010,DA46,0.8835027875753072,0.8834735013086419,1.4896609617923307,0.1717781685992336,DA46_DA34,1.0,0.041666666666666664,DA46_ZF000010,DA34_ZF000010,1.108849815022654,1.108849815022654,26.41688443670151,0.05639048637100879,1.4896609617923307
ZF000010,DA35,4.851217940724113,0.6857389270274928,607.4438608513785,0.0,5.517924227196297,-0.6667062864721842,-197.22,0.0,92.98199741595964,1.990028063292554,DA35_ZF000010,DA36,4.734969162028086,4.734969162028086,0.0,0.1717781685992336,DA36_DA35,1.155992641604193,0.04816636006684138,DA36_ZF000010,DA35_ZF000010,0.0,0.0,26.41688443670151,0.0,0.0
ZF000010,DA35,4.851217940724113,0.6857389270274928,607.4438608513785,0.0,5.517924227196297,-0.6667062864721842,-197.22,0.0,92.98199741595964,1.990028063292554,DA35_ZF000010,DA37,6.126744652492015,6.126744652492015,0.0,0.1717781685992336,DA37_DA35,1.0,0.041666666666666664,DA37_ZF000010,DA35_ZF000010,0.0,0.0,26.41688443670151,0.0,0.0
ZF000010,DA35,4.851217940724113,0.6857389270274928,607.4438608513785,0.0,5.517924227196297,-0.6667062864721842,-197.22,0.0,92.98199741595964,1.990028063292554,DA35_ZF000010,DA38,1.4438912531686428,1.4438912531686428,0.0,0.1717781685992336,DA38_DA35,1.0,0.041666666666666664,DA38_ZF000010,DA35_ZF000010,0.0,0.0,26.41688443670151,0.0,0.0
ZF000010,DA35,4.851217940724113,0.6857389270274928,607.4438608513785,0.0,5.517924227196297,-0.6667062864721842,-197.22,0.0,92.98199741595964,1.990028063292554,DA35_ZF000010,DA40,29.000360016857393,29.00031823802426,0.0,0.1717781685992336,DA40_DA35,1.0,0.041666666666666664,DA40_ZF000010,DA35_ZF000010,0.0,0.0,26.41688443670151,0.0,0.0
ZF000010,DA35,4.851217940724113,0.6857389270274928,607.4438608513785,0.0,5.517924227196297,-0.6667062864721842,-197.22,0.0,92.98199741595964,1.990028063292554,DA35_ZF000010,DA42,6.1830323276458055,6.1830323276458055,0.0,0.1717781685992336,DA42_DA35,1.0,0.041666666666666664,DA42_ZF000010,DA35_ZF000010,0.0,0.0,26.41688443670151,0.0,0.0
ZF000010,DA35,4.851217940724113,0.6857389270274928,607.4438608513785,0.0,5.517924227196297,-0.6667062864721842,-197.22,0.0,92.98199741595964,1.990028063292554,DA35_ZF000010,DA44,6.56374401390503,6.563721115881444,0.0,0.1717781685992336,DA44_DA35,1.0,0.041666666666666664,DA44_ZF000010,DA35_ZF000010,0.0,0.0,26.41688443670151,0.0,0.0
ZF000010,DA35,4.851217940724113,0.6857389270274928,607.4438608513785,0.0,5.517924227196297,-0.6667062864721842,-197.22,0.0,92.98199741595964,1.990028063292554,DA35_ZF000010,DA46,0.8835027875753072,0.8834735013086419,0.0,0.1717781685992336,DA46_DA35,1.264366951754586,0.052681956323107744,DA46_ZF000010,DA35_ZF000010,0.0,0.0,26.41688443670151,0.0,0.0
ZF000010,DA45,1.108849815022654,0.6287982341095472,76.34429533551678,0.0,4.67172498468696,-3.5628751696643057,-666.62,0.0,92.98199741595964,4.7763639460124026,DA45_ZF000010,DA36,4.734969162028086,4.734969162028086,0.0,0.1717781685992336,DA36_DA45,1.122125669682195,0.046755236236758126,DA36_ZF000010,DA45_ZF000010,0.0,0.0,26.41688443670151,0.0,0.0
ZF000010,DA45,1.108849815022654,0.6287982341095472,76.34429533551678,0.0,4.67172498468696,-3.5628751696643057,-666.62,0.0,92.98199741595964,4.7763639460124026,DA45_ZF000010,DA37,6.126744652492015,6.126744652492015,0.0,0.1717781685992336,DA37_DA45,1.0,0.041666666666666664,DA37_ZF000010,DA45_ZF000010,0.0,0.0,26.41688443670151,0.0,0.0
ZF000010,DA45,1.108849815022654,0.6287982341095472,76.34429533551678,0.0,4.67172498468696,-3.5628751696643057,-666.62,0.0,92.98199741595964,4.7763639460124026,DA45_ZF000010,DA38,1.4438912531686428,1.4438912531686428,0.0,0.1717781685992336,DA38_DA45,1.0,0.041666666666666664,DA38_ZF000010,DA45_ZF000010,0.0,0.0,26.41688443670151,0.0,0.0
ZF000010,DA45,1.108849815022654,0.6287982341095472,76.34429533551678,0.0,4.67172498468696,-3.5628751696643057,-666.62,0.0,92.98199741595964,4.7763639460124026,DA45_ZF000010,DA40,29.000360016857393,29.00031823802426,0.0,0.1717781685992336,DA40_DA45,1.0,0.041666666666666664,DA40_ZF000010,DA45_ZF000010,0.0,0.0,26.41688443670151,0.0,0.0
ZF000010,DA45,1.108849815022654,0.6287982341095472,76.34429533551678,0.0,4.67172498468696,-3.5628751696643057,-666.62,0.0,92.98199741595964,4.7763639460124026,DA45_ZF000010,DA42,6.1830323276458055,6.1830323276458055,0.0,0.1717781685992336,DA42_DA45,1.0,0.041666666666666664,DA42_ZF000010,DA45_ZF000010,0.0,0.0,26.41688443670151,0.0,0.0
ZF000010,DA45,1.108849815022654,0.6287982341095472,76.34429533551678,0.0,4.67172498468696,-3.5628751696643057,-666.62,0.0,92.98199741595964,4.7763639460124026,DA45_ZF000010,DA44,6.56374401390503,6.563721115881444,0.0,0.1717781685992336,DA44_DA45,1.0,0.041666666666666664,DA44_ZF000010,DA45_ZF000010,0.0,0.0,26.41688443670151,0.0,0.0
ZF000010,DA45,1.108849815022654,0.6287982341095472,76.34429533551678,0.0,4.67172498468696,-3.5628751696643057,-666.62,0.0,92.98199741595964,4.7763639460124026,DA45_ZF000010,DA46,0.8835027875753072,0.8834735013086419,0.0,0.1717781685992336,DA46_DA45,1.230499979832588,0.0512708324930245,DA46_ZF000010,DA45_ZF000010,0.0,0.0,26.41688443670151,0.0,0.0
ZF000010,DA39,0.0,0.0050546191968317,-100.0,0.0,0.0,0.0,-100.0,0.0,92.98199741595964,0.009754505087816352,DA39_ZF000010,DA36,4.734969162028086,4.734969162028086,0.0,0.1717781685992336,DA36_DA39,1.133414924166462,0.047225621840269245,DA36_ZF000010,DA39_ZF000010,0.0,0.0,26.41688443670151,0.0,0.0
ZF000010,DA39,0.0,0.0050546191968317,-100.0,0.0,0.0,0.0,-100.0,0.0,92.98199741595964,0.009754505087816352,DA39_ZF000010,DA37,6.126744652492015,6.126744652492015,0.0,0.1717781685992336,DA37_DA39,1.144703650963527,0.04769598545681363,DA37_ZF000010,DA39_ZF000010,0.0,0.0,26.41688443670151,0.0,0.0
ZF000010,DA39,0.0,0.0050546191968317,-100.0,0.0,0.0,0.0,-100.0,0.0,92.98199741595964,0.009754505087816352,DA39_ZF000010,DA38,1.4438912531686428,1.4438912531686428,0.0,0.1717781685992336,DA38_DA39,0.8574015485163325,0.035725064521513854,DA38_ZF000010,DA39_ZF000010,0.0,0.0,26.41688443670151,0.0,0.0
ZF000010,DA39,0.0,0.0050546191968317,-100.0,0.0,0.0,0.0,-100.0,0.0,92.98199741595964,0.009754505087816352,DA39_ZF000010,DA40,29.000360016857393,29.00031823802426,0.0,0.1717781685992336,DA40_DA39,1.233785527668648,0.051407730319527,DA40_ZF000010,DA39_ZF000010,0.0,0.0,26.41688443670151,0.0,0.0
ZF000010,DA39,0.0,0.0050546191968317,-100.0,0.0,0.0,0.0,-100.0,0.0,92.98199741595964,0.009754505087816352,DA39_ZF000010,DA42,6.1830323276458055,6.1830323276458055,0.0,0.1717781685992336,DA42_DA39,1.144703650963527,0.04769598545681363,DA42_ZF000010,DA39_ZF000010,0.0,0.0,26.41688443670151,0.0,0.0
ZF000010,DA39,0.0,0.0050546191968317,-100.0,0.0,0.0,0.0,-100.0,0.0,92.98199741595964,0.009754505087816352,DA39_ZF000010,DA44,6.56374401390503,6.563721115881444,0.0,0.1717781685992336,DA44_DA39,1.115352275297796,0.0464730114707415,DA44_ZF000010,DA39_ZF000010,0.0,0.0,26.41688443670151,0.0,0.0
ZF000010,DA39,0.0,0.0050546191968317,-100.0,0.0,0.0,0.0,-100.0,0.0,92.98199741595964,0.009754505087816352,DA39_ZF000010,DA46,0.8835027875753072,0.8834735013086419,0.0,0.1717781685992336,DA46_DA39,1.0,0.041666666666666664,DA46_ZF000010,DA39_ZF000010,0.0,0.0,26.41688443670151,0.0,0.0
ZF000006,DA34,5.960067755746768,1.005177850479666,492.9366383175527,0.0,5.174604474192638,0.7854632815541303,-21.86,0.0,851.7156373695625,8.780988814025411,DA34_ZF000006,DA33,4.414064821212768,4.414048912891388,0.0,0.1503058975243294,DA33_DA34,0.5140843776294046,0.02142018240122519,DA33_ZF000006,DA34_ZF000006,0.0,0.0,26.41688443670151,0.0,0.0
ZF000006,DA34,5.960067755746768,1.005177850479666,492.9366383175527,0.0,5.174604474192638,0.7854632815541303,-21.86,0.0,851.7156373695625,8.780988814025411,DA34_ZF000006,DA35,0.2537817026669236,0.2537410715223125,0.0,0.1503058975243294,DA35_DA34,1.0,0.041666666666666664,DA35_ZF000006,DA34_ZF000006,0.0,0.0,26.41688443670151,0.0,0.0
ZF000006,DA34,5.960067755746768,1.005177850479666,492.9366383175527,0.0,5.174604474192638,0.7854632815541303,-21.86,0.0,851.7156373695625,8.780988814025411,DA34_ZF000006,DA36,7.395888242107576,7.395888242107576,0.0,0.1503058975243294,DA36_DA34,0.8081149823420368,0.033671457597584865,DA36_ZF000006,DA34_ZF000006,0.0,0.0,26.41688443670151,0.0,0.0
ZF000006,DA34,5.960067755746768,1.005177850479666,492.9366383175527,0.0,5.174604474192638,0.7854632815541303,-21.86,0.0,851.7156373695625,8.780988814025411,DA34_ZF000006,DA38,23.956775331672972,23.956775331672972,0.0,0.1503058975243294,DA38_DA34,0.5321016066919075,0.02217090027882948,DA38_ZF000006,DA34_ZF000006,0.0,0.0,26.41688443670151,0.0,0.0
ZF000006,DA34,5.960067755746768,1.005177850479666,492.9366383175527,0.0,5.174604474192638,0.7854632815541303,-21.86,0.0,851.7156373695625,8.780988814025411,DA34_ZF000006,DA39,3.262794369586963,3.2627680722174155,0.0,0.1503058975243294,DA39_DA34,0.7900523334733707,0.03291884722805711,DA39_ZF000006,DA34_ZF000006,0.0,0.0,26.41688443670151,0.0,0.0
ZF000006,DA34,5.960067755746768,1.005177850479666,492.9366383175527,0.0,5.174604474192638,0.7854632815541303,-21.86,0.0,851.7156373695625,8.780988814025411,DA34_ZF000006,DA40,35.65309046912127,35.65309046912127,0.0,0.1503058975243294,DA40_DA34,0.9084855858442228,0.037853566076842614,DA40_ZF000006,DA34_ZF000006,0.0,0.0,26.41688443670151,0.0,0.0
ZF000006,DA34,5.960067755746768,1.005177850479666,492.9366383175527,0.0,5.174604474192638,0.7854632815541303,-21.86,0.0,851.7156373695625,8.780988814025411,DA34_ZF000006,DA44,4.940321481915856,4.940313621049927,0.0,0.1503058975243294,DA44_DA34,0.7900523334733707,0.03291884722805711,DA44_ZF000006,DA34_ZF000006,0.0,0.0,26.41688443670151,0.0,0.0
ZF000006,DA34,5.960067755746768,1.005177850479666,492.9366383175527,0.0,5.174604474192638,0.7854632815541303,-21.86,0.0,851.7156373695625,8.780988814025411,DA34_ZF000006,DA46,4.12141633817153,4.12141633817153,0.0,0.1503058975243294,DA46_DA34,1.0,0.041666666666666664,DA46_ZF000006,DA34_ZF000006,0.0,0.0,26.41688443670151,0.0,0.0
ZF000006,DA45,2.910730764434468,1.279488474290711,127.49175337808664,0.0,8.943760819592214,-6.033030055157745,-571.52,0.0,851.7156373695625,18.21013594214149,DA45_ZF000006,DA33,4.414064821212768,4.414048912891388,0.0,0.1503058975243294,DA33_DA45,1.0,0.041666666666666664,DA33_ZF000006,DA45_ZF000006,0.0,0.0,26.41688443670151,0.0,0.0
ZF000006,DA45,2.910730764434468,1.279488474290711,127.49175337808664,0.0,8.943760819592214,-6.033030055157745,-571.52,0.0,851.7156373695625,18.21013594214149,DA45_ZF000006,DA35,0.2537817026669236,0.2537410715223125,0.0,0.1503058975243294,DA35_DA45,1.230499979832588,0.0512708324930245,DA35_ZF000006,DA45_ZF000006,0.0,0.0,26.41688443670151,0.0,0.0
ZF000006,DA45,2.910730764434468,1.279488474290711,127.49175337808664,0.0,8.943760819592214,-6.033030055157745,-571.52,0.0,851.7156373695625,18.21013594214149,DA45_ZF000006,DA36,7.395888242107576,7.395888242107576,0.0,0.1503058975243294,DA36_DA45,1.122125669682195,0.046755236236758126,DA36_ZF000006,DA45_ZF000006,0.0,0.0,26.41688443670151,0.0,0.0
ZF000006,DA45,2.910730764434468,1.279488474290711,127.49175337808664,0.0,8.943760819592214,-6.033030055157745,-571.52,0.0,851.7156373695625,18.21013594214149,DA45_ZF000006,DA38,23.956775331672972,23.956775331672972,0.0,0.1503058975243294,DA38_DA45,1.0,0.041666666666666664,DA38_ZF000006,DA45_ZF000006,0.0,0.0,26.41688443670151,0.0,0.0
ZF000006,DA45,2.910730764434468,1.279488474290711,127.49175337808664,0.0,8.943760819592214,-6.033030055157745,-571.52,0.0,851.7156373695625,18.21013594214149,DA45_ZF000006,DA39,3.262794369586963,3.2627680722174155,0.0,0.1503058975243294,DA39_DA45,1.0,0.041666666666666664,DA39_ZF000006,DA45_ZF000006,0.0,0.0,26.41688443670151,0.0,0.0
ZF000006,DA45,2.910730764434468,1.279488474290711,127.49175337808664,0.0,8.943760819592214,-6.033030055157745,-571.52,0.0,851.7156373695625,18.21013594214149,DA45_ZF000006,DA40,35.65309046912127,35.65309046912127,0.0,0.1503058975243294,DA40_DA45,1.0,0.041666666666666664,DA40_ZF000006,DA45_ZF000006,0.0,0.0,26.41688443670151,0.0,0.0
ZF000006,DA45,2.910730764434468,1.279488474290711,127.49175337808664,0.0,8.943760819592214,-6.033030055157745,-571.52,0.0,851.7156373695625,18.21013594214149,DA45_ZF000006,DA44,4.940321481915856,4.940313621049927,0.0,0.1503058975243294,DA44_DA45,1.0,0.041666666666666664,DA44_ZF000006,DA45_ZF000006,0.0,0.0,26.41688443670151,0.0,0.0
ZF000006,DA45,2.910730764434468,1.279488474290711,127.49175337808664,0.0,8.943760819592214,-6.033030055157745,-571.52,0.0,851.7156373695625,18.21013594214149,DA45_ZF000006,DA46,4.12141633817153,4.12141633817153,0.0,0.1503058975243294,DA46_DA45,1.230499979832588,0.0512708324930245,DA46_ZF000006,DA45_ZF000006,0.0,0.0,26.41688443670151,0.0,0.0
ZF000006,DA42,0.0,0.0050546191968317,-100.0,0.0,0.0,0.0,-100.0,0.0,851.7156373695625,0.04810560130573108,DA42_ZF000006,DA33,4.414064821212768,4.414048912891388,0.0,0.1503058975243294,DA33_DA42,0.868735695119561,0.036197320629981704,DA33_ZF000006,DA42_ZF000006,0.0,0.0,26.41688443670151,0.0,0.0
ZF000006,DA42,0.0,0.0050546191968317,-100.0,0.0,0.0,0.0,-100.0,0.0,851.7156373695625,0.04810560130573108,DA42_ZF000006,DA35,0.2537817026669236,0.2537410715223125,0.0,0.1503058975243294,DA35_DA42,1.0,0.041666666666666664,DA35_ZF000006,DA42_ZF000006,0.0,0.0,26.41688443670151,0.0,0.0
ZF000006,DA42,0.0,0.0050546191968317,-100.0,0.0,0.0,0.0,-100.0,0.0,851.7156373695625,0.04810560130573108,DA42_ZF000006,DA36,7.395888242107576,7.395888242107576,0.0,0.1503058975243294,DA36_DA42,1.162766299832193,0.048448595826341374,DA36_ZF000006,DA42_ZF000006,0.0,0.0,26.41688443670151,0.0,0.0
ZF000006,DA42,0.0,0.0050546191968317,-100.0,0.0,0.0,0.0,-100.0,0.0,851.7156373695625,0.04810560130573108,DA42_ZF000006,DA38,23.956775331672972,23.956775331672972,0.0,0.1503058975243294,DA38_DA42,0.8867529241820639,0.036948038507586,DA38_ZF000006,DA42_ZF000006,0.0,0.0,26.41688443670151,0.0,0.0
ZF000006,DA42,0.0,0.0050546191968317,-100.0,0.0,0.0,0.0,-100.0,0.0,851.7156373695625,0.04810560130573108,DA42_ZF000006,DA39,3.262794369586963,3.2627680722174155,0.0,0.1503058975243294,DA39_DA42,1.144703650963527,0.04769598545681363,DA39_ZF000006,DA42_ZF000006,0.0,0.0,26.41688443670151,0.0,0.0
ZF000006,DA42,0.0,0.0050546191968317,-100.0,0.0,0.0,0.0,-100.0,0.0,851.7156373695625,0.04810560130573108,DA42_ZF000006,DA40,35.65309046912127,35.65309046912127,0.0,0.1503058975243294,DA40_DA42,1.263136903334379,0.05263070430559912,DA40_ZF000006,DA42_ZF000006,0.0,0.0,26.41688443670151,0.0,0.0
ZF000006,DA42,0.0,0.0050546191968317,-100.0,0.0,0.0,0.0,-100.0,0.0,851.7156373695625,0.04810560130573108,DA42_ZF000006,DA44,4.940321481915856,4.940313621049927,0.0,0.1503058975243294,DA44_DA42,1.144703650963527,0.04769598545681363,DA44_ZF000006,DA42_ZF000006,0.0,0.0,26.41688443670151,0.0,0.0
ZF000006,DA42,0.0,0.0050546191968317,-100.0,0.0,0.0,0.0,-100.0,0.0,851.7156373695625,0.04810560130573108,DA42_ZF000006,DA46,4.12141633817153,4.12141633817153,0.0,0.1503058975243294,DA46_DA42,1.0,0.041666666666666664,DA46_ZF000006,DA42_ZF000006,0.0,0.0,26.41688443670151,0.0,0.0
ZF000006,DA37,0.0,0.0050546191968317,-100.0,0.0,0.0,0.0,-100.0,0.0,851.7156373695625,0.04810560130573108,DA37_ZF000006,DA33,4.414064821212768,4.414048912891388,0.0,0.1503058975243294,DA33_DA37,0.868735695119561,0.036197320629981704,DA33_ZF000006,DA37_ZF000006,0.0,0.0,26.41688443670151,0.0,0.0
ZF000006,DA37,0.0,0.0050546191968317,-100.0,0.0,0.0,0.0,-100.0,0.0,851.7156373695625,0.04810560130573108,DA37_ZF000006,DA35,0.2537817026669236,0.2537410715223125,0.0,0.1503058975243294,DA35_DA37,1.0,0.041666666666666664,DA35_ZF000006,DA37_ZF000006,0.0,0.0,26.41688443670151,0.0,0.0
ZF000006,DA37,0.0,0.0050546191968317,-100.0,0.0,0.0,0.0,-100.0,0.0,851.7156373695625,0.04810560130573108,DA37_ZF000006,DA36,7.395888242107576,7.395888242107576,0.0,0.1503058975243294,DA36_DA37,1.162766299832193,0.048448595826341374,DA36_ZF000006,DA37_ZF000006,0.0,0.0,26.41688443670151,0.0,0.0
ZF000006,DA37,0.0,0.0050546191968317,-100.0,0.0,0.0,0.0,-100.0,0.0,851.7156373695625,0.04810560130573108,DA37_ZF000006,DA38,23.956775331672972,23.956775331672972,0.0,0.1503058975243294,DA38_DA37,0.8867529241820639,0.036948038507586,DA38_ZF000006,DA37_ZF000006,0.0,0.0,26.41688443670151,0.0,0.0
ZF000006,DA37,0.0,0.0050546191968317,-100.0,0.0,0.0,0.0,-100.0,0.0,851.7156373695625,0.04810560130573108,DA37_ZF000006,DA39,3.262794369586963,3.2627680722174155,0.0,0.1503058975243294,DA39_DA37,1.144703650963527,0.04769598545681363,DA39_ZF000006,DA37_ZF000006,0.0,0.0,26.41688443670151,0.0,0.0
ZF000006,DA37,0.0,0.0050546191968317,-100.0,0.0,0.0,0.0,-100.0,0.0,851.7156373695625,0.04810560130573108,DA37_ZF000006,DA40,35.65309046912127,35.65309046912127,0.0,0.1503058975243294,DA40_DA37,1.263136903334379,0.05263070430559912,DA40_ZF000006,DA37_ZF000006,0.0,0.0,26.41688443670151,0.0,0.0
ZF000006,DA37,0.0,0.0050546191968317,-100.0,0.0,0.0,0.0,-100.0,0.0,851.7156373695625,0.04810560130573108,DA37_ZF000006,DA44,4.940321481915856,4.940313621049927,0.0,0.1503058975243294,DA44_DA37,1.144703650963527,0.04769598545681363,DA44_ZF000006,DA37_ZF000006,0.0,0.0,26.41688443670151,0.0,0.0
ZF000006,DA37,0.0,0.0050546191968317,-100.0,0.0,0.0,0.0,-100.0,0.0,851.7156373695625,0.04810560130573108,DA37_ZF000006,DA46,4.12141633817153,4.12141633817153,0.0,0.1503058975243294,DA46_DA37,1.0,0.041666666666666664,DA46_ZF000006,DA37_ZF000006,0.0,0.0,26.41688443670151,0.0,0.0
ZF000005,DA33,5.04,5.041864756710874,-0.03698545678742731,0.0,20.762842613959453,-15.722842613959454,-411.85,0.0,166.60038252078348,29.164685971374617,DA33_ZF000005,DA36,27.149785911738196,27.149601270580092,2.3912678155130127,0.09803921568627452,DA36_DA33,0.8574469683224957,0.03572695701343732,DA36_ZF000005,DA33_ZF000005,2.64,2.64,26.41688443670151,0.0905204329164107,2.3912678155130127
ZF000005,DA33,5.04,5.041864756710874,-0.03698545678742731,0.0,20.762842613959453,-15.722842613959454,-411.85,0.0,166.60038252078348,29.164685971374617,DA33_ZF000005,DA38,33.32866289042581,33.328491854042326,2.3912678155130127,0.09803921568627452,DA38_DA33,0.5814335926723664,0.024226399694681933,DA38_ZF000005,DA33_ZF000005,2.64,2.64,26.41688443670151,0.0905204329164107,2.3912678155130127
ZF000005,DA33,5.04,5.041864756710874,-0.03698545678742731,0.0,20.762842613959453,-15.722842613959454,-411.85,0.0,166.60038252078348,29.164685971374617,DA33_ZF000005,DA39,3.6461464056930986,3.646109826757853,2.3912678155130127,0.09803921568627452,DA39_DA33,0.8393843194538297,0.034974346643909575,DA39_ZF000005,DA33_ZF000005,2.64,2.64,26.41688443670151,0.0905204329164107,2.3912678155130127
ZF000005,DA33,5.04,5.041864756710874,-0.03698545678742731,0.0,20.762842613959453,-15.722842613959454,-411.85,0.0,166.60038252078348,29.164685971374617,DA33_ZF000005,DA40,83.19974215637536,83.19974215637536,2.3912678155130127,0.09803921568627452,DA40_DA33,0.9578175718246816,0.039909065492695066,DA40_ZF000005,DA33_ZF000005,2.64,2.64,26.41688443670151,0.0905204329164107,2.3912678155130127
ZF000005,DA33,5.04,5.041864756710874,-0.03698545678742731,0.0,20.762842613959453,-15.722842613959454,-411.85,0.0,166.60038252078348,29.164685971374617,DA33_ZF000005,DA42,1.019736358348404,1.019736358348404,2.3912678155130127,0.09803921568627452,DA42_DA33,0.868735695119561,0.036197320629981704,DA42_ZF000005,DA33_ZF000005,2.64,2.64,26.41688443670151,0.0905204329164107,2.3912678155130127
ZF000005,DA34,22.44,6.760712662651978,231.91767080953886,0.0,29.275412394423515,-6.835412394423514,-201.1,0.0,166.60038252078348,24.859166321702368,DA34_ZF000005,DA36,27.149785911738196,27.149601270580092,10.201552510268078,0.09803921568627452,DA36_DA34,0.8081149823420368,0.033671457597584865,DA36_ZF000005,DA34_ZF000005,9.6,9.6,26.41688443670151,0.3861754604223826,10.201552510268078
ZF000005,DA34,22.44,6.760712662651978,231.91767080953886,0.0,29.275412394423515,-6.835412394423514,-201.1,0.0,166.60038252078348,24.859166321702368,DA34_ZF000005,DA38,33.32866289042581,33.328491854042326,10.201552510268078,0.09803921568627452,DA38_DA34,0.5321016066919075,0.02217090027882948,DA38_ZF000005,DA34_ZF000005,9.6,9.6,26.41688443670151,0.3861754604223826,10.201552510268078
ZF000005,DA34,22.44,6.760712662651978,231.91767080953886,0.0,29.275412394423515,-6.835412394423514,-201.1,0.0,166.60038252078348,24.859166321702368,DA34_ZF000005,DA39,3.6461464056930986,3.646109826757853,10.201552510268078,0.09803921568627452,DA39_DA34,0.7900523334733707,0.03291884722805711,DA39_ZF000005,DA34_ZF000005,9.6,9.6,26.41688443670151,0.3861754604223826,10.201552510268078
ZF000005,DA34,22.44,6.760712662651978,231.91767080953886,0.0,29.275412394423515,-6.835412394423514,-201.1,0.0,166.60038252078348,24.859166321702368,DA34_ZF000005,DA40,83.19974215637536,83.19974215637536,10.201552510268078,0.09803921568627452,DA40_DA34,0.9084855858442228,0.037853566076842614,DA40_ZF000005,DA34_ZF000005,9.6,9.6,26.41688443670151,0.3861754604223826,10.201552510268078
ZF000005,DA34,22.44,6.760712662651978,231.91767080953886,0.0,29.275412394423515,-6.835412394423514,-201.1,0.0,166.60038252078348,24.859166321702368,DA34_ZF000005,DA42,1.019736358348404,1.019736358348404,10.201552510268078,0.09803921568627452,DA42_DA34,0.8194037091391021,0.03414182121412925,DA42_ZF000005,DA34_ZF000005,9.6,9.6,26.41688443670151,0.3861754604223826,10.201552510268078
ZF000005,DA35,1.2,3.14731660219159,-61.872281957131456,0.0,14.911673960261176,-13.711673960261177,-535.66,0.0,166.60038252078348,22.102357609690785,DA35_ZF000005,DA36,27.149785911738196,27.149601270580092,0.0,0.09803921568627452,DA36_DA35,1.155992641604193,0.04816636006684138,DA36_ZF000005,DA35_ZF000005,0.0,0.0,26.41688443670151,0.0,0.0
ZF000005,DA35,1.2,3.14731660219159,-61.872281957131456,0.0,14.911673960261176,-13.711673960261177,-535.66,0.0,166.60038252078348,22.102357609690785,DA35_ZF000005,DA38,33.32866289042581,33.328491854042326,0.0,0.09803921568627452,DA38_DA35,1.0,0.041666666666666664,DA38_ZF000005,DA35_ZF000005,0.0,0.0,26.41688443670151,0.0,0.0
ZF000005,DA35,1.2,3.14731660219159,-61.872281957131456,0.0,14.911673960261176,-13.711673960261177,-535.66,0.0,166.60038252078348,22.102357609690785,DA35_ZF000005,DA39,3.6461464056930986,3.646109826757853,0.0,0.09803921568627452,DA39_DA35,1.0,0.041666666666666664,DA39_ZF000005,DA35_ZF000005,0.0,0.0,26.41688443670151,0.0,0.0
ZF000005,DA35,1.2,3.14731660219159,-61.872281957131456,0.0,14.911673960261176,-13.711673960261177,-535.66,0.0,166.60038252078348,22.102357609690785,DA35_ZF000005,DA40,83.19974215637536,83.19974215637536,0.0,0.09803921568627452,DA40_DA35,1.0,0.041666666666666664,DA40_ZF000005,DA35_ZF000005,0.0,0.0,26.41688443670151,0.0,0.0
ZF000005,DA35,1.2,3.14731660219159,-61.872281957131456,0.0,14.911673960261176,-13.711673960261177,-535.66,0.0,166.60038252078348,22.102357609690785,DA35_ZF000005,DA42,1.019736358348404,1.019736358348404,0.0,0.09803921568627452,DA42_DA35,1.0,0.041666666666666664,DA42_ZF000005,DA35_ZF000005,0.0,0.0,26.41688443670151,0.0,0.0
ZF000005,DA37,3.72,6.660383166545725,-44.14735748710229,0.0,15.322625604835295,-11.602625604835294,-274.2,0.0,166.60038252078348,29.35899447548343,DA37_ZF000005,DA36,27.149785911738196,27.149601270580092,0.0,0.09803921568627452,DA36_DA37,1.162766299832193,0.048448595826341374,DA36_ZF000005,DA37_ZF000005,0.0,0.0,26.41688443670151,0.0,0.0
ZF000005,DA37,3.72,6.660383166545725,-44.14735748710229,0.0,15.322625604835295,-11.602625604835294,-274.2,0.0,166.60038252078348,29.35899447548343,DA37_ZF000005,DA38,33.32866289042581,33.328491854042326,0.0,0.09803921568627452,DA38_DA37,0.8867529241820639,0.036948038507586,DA38_ZF000005,DA37_ZF000005,0.0,0.0,26.41688443670151,0.0,0.0
ZF000005,DA37,3.72,6.660383166545725,-44.14735748710229,0.0,15.322625604835295,-11.602625604835294,-274.2,0.0,166.60038252078348,29.35899447548343,DA37_ZF000005,DA39,3.6461464056930986,3.646109826757853,0.0,0.09803921568627452,DA39_DA37,1.144703650963527,0.04769598545681363,DA39_ZF000005,DA37_ZF000005,0.0,0.0,26.41688443670151,0.0,0.0
ZF000005,DA37,3.72,6.660383166545725,-44.14735748710229,0.0,15.322625604835295,-11.602625604835294,-274.2,0.0,166.60038252078348,29.35899447548343,DA37_ZF000005,DA40,83.19974215637536,83.19974215637536,0.0,0.09803921568627452,DA40_DA37,1.263136903334379,0.05263070430559912,DA40_ZF000005,DA37_ZF000005,0.0,0.0,26.41688443670151,0.0,0.0
ZF000005,DA37,3.72,6.660383166545725,-44.14735748710229,0.0,15.322625604835295,-11.602625604835294,-274.2,0.0,166.60038252078348,29.35899447548343,DA37_ZF000005,DA42,1.019736358348404,1.019736358348404,0.0,0.09803921568627452,DA42_DA37,1.174055026629258,0.04891895944288575,DA42_ZF000005,DA37_ZF000005,0.0,0.0,26.41688443670151,0.0,0.0
ZF000005,DA44,5.159999999999999,1.561519953310565,230.44726639965933,0.0,3.67899567523504,1.4810043247649594,-5.16,0.0,166.60038252078348,2.682072644944586,DA44_ZF000005,DA36,27.149785911738196,27.149601270580092,0.0,0.09803921568627452,DA36_DA44,1.133414924166462,0.047225621840269245,DA36_ZF000005,DA44_ZF000005,0.0,0.0,26.41688443670151,0.0,0.0
ZF000005,DA44,5.159999999999999,1.561519953310565,230.44726639965933,0.0,3.67899567523504,1.4810043247649594,-5.16,0.0,166.60038252078348,2.682072644944586,DA44_ZF000005,DA38,33.32866289042581,33.328491854042326,0.0,0.09803921568627452,DA38_DA44,0.8574015485163325,0.035725064521513854,DA38_ZF000005,DA44_ZF000005,0.0,0.0,26.41688443670151,0.0,0.0
ZF000005,DA44,5.159999999999999,1.561519953310565,230.44726639965933,0.0,3.67899567523504,1.4810043247649594,-5.16,0.0,166.60038252078348,2.682072644944586,DA44_ZF000005,DA39,3.6461464056930986,3.646109826757853,0.0,0.09803921568627452,DA39_DA44,1.115352275297796,0.0464730114707415,DA39_ZF000005,DA44_ZF000005,0.0,0.0,26.41688443670151,0.0,0.0
ZF000005,DA44,5.159999999999999,1.561519953310565,230.44726639965933,0.0,3.67899567523504,1.4810043247649594,-5.16,0.0,166.60038252078348,2.682072644944586,DA44_ZF000005,DA40,83.19974215637536,83.19974215637536,0.0,0.09803921568627452,DA40_DA44,1.233785527668648,0.051407730319527,DA40_ZF000005,DA44_ZF000005,0.0,0.0,26.41688443670151,0.0,0.0
ZF000005,DA44,5.159999999999999,1.561519953310565,230.44726639965933,0.0,3.67899567523504,1.4810043247649594,-5.16,0.0,166.60038252078348,2.682072644944586,DA44_ZF000005,DA42,1.019736358348404,1.019736358348404,0.0,0.09803921568627452,DA42_DA44,1.144703650963527,0.04769598545681363,DA42_ZF000005,DA44_ZF000005,0.0,0.0,26.41688443670151,0.0,0.0
ZF000005,DA45,3.72,1.730522564788286,114.96396959464721,0.0,7.984203380297319,-4.264203380297319,-346.41,0.0,166.60038252078348,8.87776042922886,DA45_ZF000005,DA36,27.149785911738196,27.149601270580092,0.0,0.09803921568627452,DA36_DA45,1.122125669682195,0.046755236236758126,DA36_ZF000005,DA45_ZF000005,0.0,0.0,26.41688443670151,0.0,0.0
ZF000005,DA45,3.72,1.730522564788286,114.96396959464721,0.0,7.984203380297319,-4.264203380297319,-346.41,0.0,166.60038252078348,8.87776042922886,DA45_ZF000005,DA38,33.32866289042581,33.328491854042326,0.0,0.09803921568627452,DA38_DA45,1.0,0.041666666666666664,DA38_ZF000005,DA45_ZF000005,0.0,0.0,26.41688443670151,0.0,0.0
ZF000005,DA45,3.72,1.730522564788286,114.96396959464721,0.0,7.984203380297319,-4.264203380297319,-346.41,0.0,166.60038252078348,8.87776042922886,DA45_ZF000005,DA39,3.6461464056930986,3.646109826757853,0.0,0.09803921568627452,DA39_DA45,1.0,0.041666666666666664,DA39_ZF000005,DA45_ZF000005,0.0,0.0,26.41688443670151,0.0,0.0
ZF000005,DA45,3.72,1.730522564788286,114.96396959464721,0.0,7.984203380297319,-4.264203380297319,-346.41,0.0,166.60038252078348,8.87776042922886,DA45_ZF000005,DA40,83.19974215637536,83.19974215637536,0.0,0.09803921568627452,DA40_DA45,1.0,0.041666666666666664,DA40_ZF000005,DA45_ZF000005,0.0,0.0,26.41688443670151,0.0,0.0
ZF000005,DA45,3.72,1.730522564788286,114.96396959464721,0.0,7.984203380297319,-4.264203380297319,-346.41,0.0,166.60038252078348,8.87776042922886,DA45_ZF000005,DA42,1.019736358348404,1.019736358348404,0.0,0.09803921568627452,DA42_DA45,1.0,0.041666666666666664,DA42_ZF000005,DA45_ZF000005,0.0,0.0,26.41688443670151,0.0,0.0
ZF000005,DA46,10.2,2.015013280153128,406.20013775913503,0.0,8.375585898939349,1.8244141010606505,-9.46,0.0,166.60038252078348,3.5476400888821837,DA46_ZF000005,DA36,27.149785911738196,27.149601270580092,0.0,0.09803921568627452,DA36_DA46,1.155992641604193,0.04816636006684138,DA36_ZF000005,DA46_ZF000005,0.0,0.0,26.41688443670151,0.0,0.0
ZF000005,DA46,10.2,2.015013280153128,406.20013775913503,0.0,8.375585898939349,1.8244141010606505,-9.46,0.0,166.60038252078348,3.5476400888821837,DA46_ZF000005,DA38,33.32866289042581,33.328491854042326,0.0,0.09803921568627452,DA38_DA46,1.0,0.041666666666666664,DA38_ZF000005,DA46_ZF000005,0.0,0.0,26.41688443670151,0.0,0.0
ZF000005,DA46,10.2,2.015013280153128,406.20013775913503,0.0,8.375585898939349,1.8244141010606505,-9.46,0.0,166.60038252078348,3.5476400888821837,DA46_ZF000005,DA39,3.6461464056930986,3.646109826757853,0.0,0.09803921568627452,DA39_DA46,1.0,0.041666666666666664,DA39_ZF000005,DA46_ZF000005,0.0,0.0,26.41688443670151,0.0,0.0
ZF000005,DA46,10.2,2.015013280153128,406.20013775913503,0.0,8.375585898939349,1.8244141010606505,-9.46,0.0,166.60038252078348,3.5476400888821837,DA46_ZF000005,DA40,83.19974215637536,83.19974215637536,0.0,0.09803921568627452,DA40_DA46,1.0,0.041666666666666664,DA40_ZF000005,DA46_ZF000005,0.0,0.0,26.41688443670151,0.0,0.0
ZF000005,DA46,10.2,2.015013280153128,406.20013775913503,0.0,8.375585898939349,1.8244141010606505,-9.46,0.0,166.60038252078348,3.5476400888821837,DA46_ZF000005,DA42,1.019736358348404,1.019736358348404,0.0,0.09803921568627452,DA42_DA46,1.0,0.041666666666666664,DA42_ZF000005,DA46_ZF000005,0.0,0.0,26.41688443670151,0.0,0.0
ZCI00030,DA33,0.1890602870813397,0.201301751559325,-6.081151496775553,0.0,1.6780654288651302,-1.4890051417837906,-839.69,0.0,-547.0263992584635,1.6903106776684962,DA33_ZCI00030,DA40,0.17169878440459993,0.17169878440459993,0.04616739822393079,0.1692581794622611,DA40_DA33,0.9578175718246816,0.039909065492695066,DA40_ZCI00030,DA33_ZCI00030,0.002954066985645933,0.002954066985645933,26.41688443670151,0.001747647355408403,0.04616739822393079
ZCI00030,DA34,0.6174000000000001,0.3104672260964458,98.86156995141461,0.0,0.6712261715460519,-0.05382617154605185,-117.34,0.0,-547.0263992584635,0.3643022431015695,DA34_ZCI00030,DA40,0.17169878440459993,0.17169878440459993,0.0,0.1692581794622611,DA40_DA34,0.9084855858442228,0.037853566076842614,DA40_ZCI00030,DA34_ZCI00030,0.0,0.0,26.41688443670151,0.0,0.0
ZCI00030,DA35,0.1122545454545455,0.04074596220754281,175.49857549753764,0.0,0.2876683592340223,-0.1754138137794768,-530.51,0.0,-547.0263992584635,0.21616140410723536,DA35_ZCI00030,DA40,0.17169878440459993,0.17169878440459993,0.0,0.1692581794622611,DA40_DA35,1.0,0.041666666666666664,DA40_ZCI00030,DA35_ZCI00030,0.0,0.0,26.41688443670151,0.0,0.0
ZCI00030,DA36,0.09453014354066987,0.04854292169112964,94.73517507279249,0.0,0.19177890615601487,-0.097248762615345,-300.34,0.0,-547.0263992584635,0.14579381100713876,DA36_ZCI00030,DA40,0.17169878440459993,0.17169878440459993,0.0,0.1692581794622611,DA40_DA36,1.251848176537314,0.05216034068905475,DA40_ZCI00030,DA36_ZCI00030,0.0,0.0,26.41688443670151,0.0,0.0
ZCI00030,DA37,0.132933014354067,0.08646628297554504,53.7397119194588,0.0,0.2876683592340223,-0.1547353448799553,-278.95,0.0,-547.0263992584635,0.24119769636028288,DA37_ZCI00030,DA40,0.17169878440459993,0.17169878440459993,0.0,0.1692581794622611,DA40_DA37,1.263136903334379,0.05263070430559912,DA40_ZCI00030,DA37_ZCI00030,0.0,0.0,26.41688443670151,0.0,0.0
ZCI00030,DA38,0.3160851674641149,0.2782902181551765,13.581127486077746,0.0,1.5821759757871228,-1.2660908083230078,-554.95,0.0,-547.0263992584635,1.5443715656521522,DA38_ZCI00030,DA40,0.17169878440459993,0.17169878440459993,0.0,0.1692581794622611,DA40_DA38,0.9758348008871847,0.04065978337029936,DA40_ZCI00030,DA38_ZCI00030,0.0,0.0,26.41688443670151,0.0,0.0
ZCI00030,DA39,0.1063464114832536,0.1748268562047949,-39.17043765937325,0.0,2.3972363269501855,-2.290889915466932,-1410.38,0.0,-547.0263992584635,2.4657230145411866,DA39_ZCI00030,DA40,0.17169878440459993,0.17169878440459993,0.0,0.1692581794622611,DA40_DA39,1.233785527668648,0.051407730319527,DA40_ZCI00030,DA39_ZCI00030,0.0,0.0,26.41688443670151,0.0,0.0
ZCI00030,DA42,0.1299789473684211,0.05838308182393561,122.63118579521948,0.0,0.09588945307800747,0.034089494290413636,-41.61,0.0,-547.0263992584635,0.024293200346939606,DA42_ZCI00030,DA40,0.17169878440459993,0.17169878440459993,0.0,0.1692581794622611,DA40_DA42,1.263136903334379,0.05263070430559912,DA40_ZCI00030,DA42_ZCI00030,0.0,0.0,26.41688443670151,0.0,0.0
ZCI00030,DA44,0.03249473684210527,0.01462514938837337,122.18396529978541,0.0,0.14383417961701117,-0.1113394427749059,-861.29,0.0,-547.0263992584635,0.125964949167121,DA44_ZCI00030,DA40,0.17169878440459993,0.17169878440459993,0.0,0.1692581794622611,DA40_DA44,1.233785527668648,0.051407730319527,DA40_ZCI00030,DA44_ZCI00030,0.0,0.0,26.41688443670151,0.0,0.0
ZCI00030,DA45,0.02067846889952154,0.005411087361678808,282.14997314524925,0.0,0.04794472653900372,-0.027266257639482178,-603.9,0.0,-547.0263992584635,0.032677556577178316,DA45_ZCI00030,DA40,0.17169878440459993,0.17169878440459993,0.0,0.1692581794622611,DA40_DA45,1.0,0.041666666666666664,DA40_ZCI00030,DA45_ZCI00030,0.0,0.0,26.41688443670151,0.0,0.0
ZCI00030,DA46,0.06498947368421054,0.06682815006641406,-2.7513501127537316,0.0,0.38355781231202973,-0.3185683386278192,-576.7,0.0,-547.0263992584635,0.38539794143300987,DA46_ZCI00030,DA40,0.17169878440459993,0.17169878440459993,0.0,0.1692581794622611,DA40_DA46,1.0,0.041666666666666664,DA40_ZCI00030,DA46_ZCI00030,0.0,0.0,26.41688443670151,0.0,0.0
ZCI00029,DA39,0.0,0.0050546191968317,-100.0,0.0,0.0,0.0,-100.0,0.0,333.5636750670623,0.021914992750428748,DA39_ZCI00029,DA33,0.24212231366822604,0.24212230130555243,0.0,0.1880646438469568,DA33_DA39,0.8393843194538297,0.034974346643909575,DA33_ZCI00029,DA39_ZCI00029,0.0,0.0,26.41688443670151,0.0,0.0
ZCI00029,DA42,0.0,0.0050546191968317,-100.0,0.0,0.0,0.0,-100.0,0.0,333.5636750670623,0.021914992750428748,DA42_ZCI00029,DA33,0.24212231366822604,0.24212230130555243,0.0,0.1880646438469568,DA33_DA42,0.868735695119561,0.036197320629981704,DA33_ZCI00029,DA42_ZCI00029,0.0,0.0,26.41688443670151,0.0,0.0
ZCI00029,DA34,0.0,0.0050546191968317,-100.0,0.0,0.0,0.0,-100.0,0.0,333.5636750670623,0.021914992750428748,DA34_ZCI00029,DA33,0.24212231366822604,0.24212230130555243,0.0,0.1880646438469568,DA33_DA34,0.5140843776294046,0.02142018240122519,DA33_ZCI00029,DA34_ZCI00029,0.0,0.0,26.41688443670151,0.0,0.0
ZCI00029,DA45,0.0,0.0050546191968317,-100.0,0.0,0.0,0.0,-100.0,0.0,333.5636750670623,0.021914992750428748,DA45_ZCI00029,DA33,0.24212231366822604,0.24212230130555243,0.0,0.1880646438469568,DA33_DA45,1.0,0.041666666666666664,DA33_ZCI00029,DA45_ZCI00029,0.0,0.0,26.41688443670151,0.0,0.0
ZCI00029,DA38,0.0,0.0050546191968317,-100.0,0.0,0.0,0.0,-100.0,0.0,333.5636750670623,0.021914992750428748,DA38_ZCI00029,DA33,0.24212231366822604,0.24212230130555243,0.0,0.1880646438469568,DA33_DA38,0.5814335926723664,0.024226399694681933,DA33_ZCI00029,DA38_ZCI00029,0.0,0.0,26.41688443670151,0.0,0.0
ZCI00029,DA35,0.0,0.0050546191968317,-100.0,0.0,0.0,0.0,-100.0,0.0,333.5636750670623,0.021914992750428748,DA35_ZCI00029,DA33,0.24212231366822604,0.24212230130555243,0.0,0.1880646438469568,DA33_DA35,1.0,0.041666666666666664,DA33_ZCI00029,DA35_ZCI00029,0.0,0.0,26.41688443670151,0.0,0.0
ZCI00029,DA46,0.0,0.0050546191968317,-100.0,0.0,0.0,0.0,-100.0,0.0,333.5636750670623,0.021914992750428748,DA46_ZCI00029,DA33,0.24212231366822604,0.24212230130555243,0.0,0.1880646438469568,DA33_DA46,1.0,0.041666666666666664,DA33_ZCI00029,DA46_ZCI00029,0.0,0.0,26.41688443670151,0.0,0.0
ZCI00029,DA36,0.0,0.0050546191968317,-100.0,0.0,0.0,0.0,-100.0,0.0,333.5636750670623,0.021914992750428748,DA36_ZCI00029,DA33,0.24212231366822604,0.24212230130555243,0.0,0.1880646438469568,DA33_DA36,0.8574469683224957,0.03572695701343732,DA33_ZCI00029,DA36_ZCI00029,0.0,0.0,26.41688443670151,0.0,0.0
ZCI00029,DA44,0.0,0.0050546191968317,-100.0,0.0,0.0,0.0,-100.0,0.0,333.5636750670623,0.021914992750428748,DA44_ZCI00029,DA33,0.24212231366822604,0.24212230130555243,0.0,0.1880646438469568,DA33_DA44,0.8393843194538297,0.034974346643909575,DA33_ZCI00029,DA44_ZCI00029,0.0,0.0,26.41688443670151,0.0,0.0
ZCI00029,DA37,0.0,0.0050546191968317,-100.0,0.0,0.0,0.0,-100.0,0.0,333.5636750670623,0.021914992750428748,DA37_ZCI00029,DA33,0.24212231366822604,0.24212230130555243,0.0,0.1880646438469568,DA33_DA37,0.868735695119561,0.036197320629981704,DA33_ZCI00029,DA37_ZCI00029,0.0,0.0,26.41688443670151,0.0,0.0
ZCI00029,DA40,0.0,0.0050546191968317,-100.0,0.0,0.0,0.0,-100.0,0.0,333.5636750670623,0.021914992750428748,DA40_ZCI00029,DA33,0.24212231366822604,0.24212230130555243,0.0,0.1880646438469568,DA33_DA40,0.9578175718246816,0.039909065492695066,DA33_ZCI00029,DA40_ZCI00029,0.0,0.0,26.41688443670151,0.0,0.0
ZCI00028,DA39,0.0,0.0050546191968317,-100.0,0.0,0.0,0.0,-100.0,0.0,188.13189507668886,0.014563970080741288,DA39_ZCI00028,DA33,0.1610574971946765,0.1610574971946765,0.0,0.1880646438469568,DA33_DA39,0.8393843194538297,0.034974346643909575,DA33_ZCI00028,DA39_ZCI00028,0.0,0.0,26.41688443670151,0.0,0.0
ZCI00028,DA42,0.0,0.0050546191968317,-100.0,0.0,0.0,0.0,-100.0,0.0,188.13189507668886,0.014563970080741288,DA42_ZCI00028,DA33,0.1610574971946765,0.1610574971946765,0.0,0.1880646438469568,DA33_DA42,0.868735695119561,0.036197320629981704,DA33_ZCI00028,DA42_ZCI00028,0.0,0.0,26.41688443670151,0.0,0.0
ZCI00028,DA34,0.0,0.0050546191968317,-100.0,0.0,0.0,0.0,-100.0,0.0,188.13189507668886,0.014563970080741288,DA34_ZCI00028,DA33,0.1610574971946765,0.1610574971946765,0.0,0.1880646438469568,DA33_DA34,0.5140843776294046,0.02142018240122519,DA33_ZCI00028,DA34_ZCI00028,0.0,0.0,26.41688443670151,0.0,0.0
ZCI00028,DA45,0.0,0.0050546191968317,-100.0,0.0,0.0,0.0,-100.0,0.0,188.13189507668886,0.014563970080741288,DA45_ZCI00028,DA33,0.1610574971946765,0.1610574971946765,0.0,0.1880646438469568,DA33_DA45,1.0,0.041666666666666664,DA33_ZCI00028,DA45_ZCI00028,0.0,0.0,26.41688443670151,0.0,0.0
ZCI00028,DA38,0.0,0.0050546191968317,-100.0,0.0,0.0,0.0,-100.0,0.0,188.13189507668886,0.014563970080741288,DA38_ZCI00028,DA33,0.1610574971946765,0.1610574971946765,0.0,0.1880646438469568,DA33_DA38,0.5814335926723664,0.024226399694681933,DA33_ZCI00028,DA38_ZCI00028,0.0,0.0,26.41688443670151,0.0,0.0
ZCI00028,DA35,0.0,0.0050546191968317,-100.0,0.0,0.0,0.0,-100.0,0.0,188.13189507668886,0.014563970080741288,DA35_ZCI00028,DA33,0.1610574971946765,0.1610574971946765,0.0,0.1880646438469568,DA33_DA35,1.0,0.041666666666666664,DA33_ZCI00028,DA35_ZCI00028,0.0,0.0,26.41688443670151,0.0,0.0
ZCI00028,DA46,0.0,0.0050546191968317,-100.0,0.0,0.0,0.0,-100.0,0.0,188.13189507668886,0.014563970080741288,DA46_ZCI00028,DA33,0.1610574971946765,0.1610574971946765,0.0,0.1880646438469568,DA33_DA46,1.0,0.041666666666666664,DA33_ZCI00028,DA46_ZCI00028,0.0,0.0,26.41688443670151,0.0,0.0
ZCI00028,DA36,0.0,0.0050546191968317,-100.0,0.0,0.0,0.0,-100.0,0.0,188.13189507668886,0.014563970080741288,DA36_ZCI00028,DA33,0.1610574971946765,0.1610574971946765,0.0,0.1880646438469568,DA33_DA36,0.8574469683224957,0.03572695701343732,DA33_ZCI00028,DA36_ZCI00028,0.0,0.0,26.41688443670151,0.0,0.0
ZCI00028,DA44,0.0,0.0050546191968317,-100.0,0.0,0.0,0.0,-100.0,0.0,188.13189507668886,0.014563970080741288,DA44_ZCI00028,DA33,0.1610574971946765,0.1610574971946765,0.0,0.1880646438469568,DA33_DA44,0.8393843194538297,0.034974346643909575,DA33_ZCI00028,DA44_ZCI00028,0.0,0.0,26.41688443670151,0.0,0.0
ZCI00028,DA37,0.0,0.0050546191968317,-100.0,0.0,0.0,0.0,-100.0,0.0,188.13189507668886,0.014563970080741288,DA37_ZCI00028,DA33,0.1610574971946765,0.1610574971946765,0.0,0.1880646438469568,DA33_DA37,0.868735695119561,0.036197320629981704,DA33_ZCI00028,DA37_ZCI00028,0.0,0.0,26.41688443670151,0.0,0.0
ZCI00028,DA40,0.0,0.0050546191968317,-100.0,0.0,0.0,0.0,-100.0,0.0,188.13189507668886,0.014563970080741288,DA40_ZCI00028,DA33,0.1610574971946765,0.1610574971946765,0.0,0.1880646438469568,DA33_DA40,0.9578175718246816,0.039909065492695066,DA33_ZCI00028,DA40_ZCI00028,0.0,0.0,26.41688443670151,0.0,0.0
ZCI00027,DA39,0.0,0.0050546191968317,-100.0,0.0,0.0,0.0,-100.0,0.0,500.2545403243886,0.030340581225090424,DA39_ZCI00027,DA33,0.3382643320343902,0.33826430452360434,0.0,0.1880646438469568,DA33_DA39,0.8393843194538297,0.034974346643909575,DA33_ZCI00027,DA39_ZCI00027,0.0,0.0,26.41688443670151,0.0,0.0
ZCI00027,DA42,0.0,0.0050546191968317,-100.0,0.0,0.0,0.0,-100.0,0.0,500.2545403243886,0.030340581225090424,DA42_ZCI00027,DA33,0.3382643320343902,0.33826430452360434,0.0,0.1880646438469568,DA33_DA42,0.868735695119561,0.036197320629981704,DA33_ZCI00027,DA42_ZCI00027,0.0,0.0,26.41688443670151,0.0,0.0
ZCI00027,DA34,0.0,0.0050546191968317,-100.0,0.0,0.0,0.0,-100.0,0.0,500.2545403243886,0.030340581225090424,DA34_ZCI00027,DA33,0.3382643320343902,0.33826430452360434,0.0,0.1880646438469568,DA33_DA34,0.5140843776294046,0.02142018240122519,DA33_ZCI00027,DA34_ZCI00027,0.0,0.0,26.41688443670151,0.0,0.0
ZCI00027,DA45,0.0,0.0050546191968317,-100.0,0.0,0.0,0.0,-100.0,0.0,500.2545403243886,0.030340581225090424,DA45_ZCI00027,DA33,0.3382643320343902,0.33826430452360434,0.0,0.1880646438469568,DA33_DA45,1.0,0.041666666666666664,DA33_ZCI00027,DA45_ZCI00027,0.0,0.0,26.41688443670151,0.0,0.0
ZCI00027,DA38,0.0,0.0050546191968317,-100.0,0.0,0.0,0.0,-100.0,0.0,500.2545403243886,0.030340581225090424,DA38_ZCI00027,DA33,0.3382643320343902,0.33826430452360434,0.0,0.1880646438469568,DA33_DA38,0.5814335926723664,0.024226399694681933,DA33_ZCI00027,DA38_ZCI00027,0.0,0.0,26.41688443670151,0.0,0.0
ZCI00027,DA35,0.0,0.0050546191968317,-100.0,0.0,0.0,0.0,-100.0,0.0,500.2545403243886,0.030340581225090424,DA35_ZCI00027,DA33,0.3382643320343902,0.33826430452360434,0.0,0.1880646438469568,DA33_DA35,1.0,0.041666666666666664,DA33_ZCI00027,DA35_ZCI00027,0.0,0.0,26.41688443670151,0.0,0.0
ZCI00027,DA46,0.0,0.0050546191968317,-100.0,0.0,0.0,0.0,-100.0,0.0,500.2545403243886,0.030340581225090424,DA46_ZCI00027,DA33,0.3382643320343902,0.33826430452360434,0.0,0.1880646438469568,DA33_DA46,1.0,0.041666666666666664,DA33_ZCI00027,DA46_ZCI00027,0.0,0.0,26.41688443670151,0.0,0.0
ZCI00027,DA36,0.0,0.0050546191968317,-100.0,0.0,0.0,0.0,-100.0,0.0,500.2545403243886,0.030340581225090424,DA36_ZCI00027,DA33,0.3382643320343902,0.33826430452360434,0.0,0.1880646438469568,DA33_DA36,0.8574469683224957,0.03572695701343732,DA33_ZCI00027,DA36_ZCI00027,0.0,0.0,26.41688443670151,0.0,0.0
ZCI00027,DA44,0.0,0.0050546191968317,-100.0,0.0,0.0,0.0,-100.0,0.0,500.2545403243886,0.030340581225090424,DA44_ZCI00027,DA33,0.3382643320343902,0.33826430452360434,0.0,0.1880646438469568,DA33_DA44,0.8393843194538297,0.034974346643909575,DA33_ZCI00027,DA44_ZCI00027,0.0,0.0,26.41688443670151,0.0,0.0
ZCI00027,DA37,0.0,0.0050546191968317,-100.0,0.0,0.0,0.0,-100.0,0.0,500.2545403243886,0.030340581225090424,DA37_ZCI00027,DA33,0.3382643320343902,0.33826430452360434,0.0,0.1880646438469568,DA33_DA37,0.868735695119561,0.036197320629981704,DA33_ZCI00027,DA37_ZCI00027,0.0,0.0,26.41688443670151,0.0,0.0
ZCI00027,DA40,0.0,0.0050546191968317,-100.0,0.0,0.0,0.0,-100.0,0.0,500.2545403243886,0.030340581225090424,DA40_ZCI00027,DA33,0.3382643320343902,0.33826430452360434,5.144083799788922,0.1880646438469568,DA33_DA40,0.9578175718246816,0.039909065492695066,DA33_ZCI00027,DA40_ZCI00027,0.005908133971291867,0.005908133971291867,26.41688443670151,0.19472711901794684,5.144083799788922
ZCI00026,DA39,0.0,0.0050546191968317,-100.0,0.0,0.0,0.0,-100.0,0.0,494.06055742605696,0.03002749897646288,DA39_ZCI00026,DA33,0.3325900501142461,0.33259005007784526,0.0,0.1880646438469568,DA33_DA39,0.8393843194538297,0.034974346643909575,DA33_ZCI00026,DA39_ZCI00026,0.0,0.0,26.41688443670151,0.0,0.0
ZCI00026,DA42,0.0,0.0050546191968317,-100.0,0.0,0.0,0.0,-100.0,0.0,494.06055742605696,0.03002749897646288,DA42_ZCI00026,DA33,0.3325900501142461,0.33259005007784526,0.0,0.1880646438469568,DA33_DA42,0.868735695119561,0.036197320629981704,DA33_ZCI00026,DA42_ZCI00026,0.0,0.0,26.41688443670151,0.0,0.0
ZCI00026,DA34,0.0,0.0050546191968317,-100.0,0.0,0.0,0.0,-100.0,0.0,494.06055742605696,0.03002749897646288,DA34_ZCI00026,DA33,0.3325900501142461,0.33259005007784526,0.0,0.1880646438469568,DA33_DA34,0.5140843776294046,0.02142018240122519,DA33_ZCI00026,DA34_ZCI00026,0.0,0.0,26.41688443670151,0.0,0.0
ZCI00026,DA45,0.0,0.0050546191968317,-100.0,0.0,0.0,0.0,-100.0,0.0,494.06055742605696,0.03002749897646288,DA45_ZCI00026,DA33,0.3325900501142461,0.33259005007784526,0.0,0.1880646438469568,DA33_DA45,1.0,0.041666666666666664,DA33_ZCI00026,DA45_ZCI00026,0.0,0.0,26.41688443670151,0.0,0.0
ZCI00026,DA38,0.0,0.0050546191968317,-100.0,0.0,0.0,0.0,-100.0,0.0,494.06055742605696,0.03002749897646288,DA38_ZCI00026,DA33,0.3325900501142461,0.33259005007784526,0.0,0.1880646438469568,DA33_DA38,0.5814335926723664,0.024226399694681933,DA33_ZCI00026,DA38_ZCI00026,0.0,0.0,26.41688443670151,0.0,0.0
ZCI00026,DA35,0.0,0.0050546191968317,-100.0,0.0,0.0,0.0,-100.0,0.0,494.06055742605696,0.03002749897646288,DA35_ZCI00026,DA33,0.3325900501142461,0.33259005007784526,0.0,0.1880646438469568,DA33_DA35,1.0,0.041666666666666664,DA33_ZCI00026,DA35_ZCI00026,0.0,0.0,26.41688443670151,0.0,0.0
ZCI00026,DA46,0.0,0.0050546191968317,-100.0,0.0,0.0,0.0,-100.0,0.0,494.06055742605696,0.03002749897646288,DA46_ZCI00026,DA33,0.3325900501142461,0.33259005007784526,0.0,0.1880646438469568,DA33_DA46,1.0,0.041666666666666664,DA33_ZCI00026,DA46_ZCI00026,0.0,0.0,26.41688443670151,0.0,0.0
ZCI00026,DA36,0.0,0.0050546191968317,-100.0,0.0,0.0,0.0,-100.0,0.0,494.06055742605696,0.03002749897646288,DA36_ZCI00026,DA33,0.3325900501142461,0.33259005007784526,0.0,0.1880646438469568,DA33_DA36,0.8574469683224957,0.03572695701343732,DA33_ZCI00026,DA36_ZCI00026,0.0,0.0,26.41688443670151,0.0,0.0
ZCI00026,DA44,0.0,0.0050546191968317,-100.0,0.0,0.0,0.0,-100.0,0.0,494.06055742605696,0.03002749897646288,DA44_ZCI00026,DA33,0.3325900501142461,0.33259005007784526,0.0,0.1880646438469568,DA33_DA44,0.8393843194538297,0.034974346643909575,DA33_ZCI00026,DA44_ZCI00026,0.0,0.0,26.41688443670151,0.0,0.0
ZCI00026,DA37,0.0,0.0050546191968317,-100.0,0.0,0.0,0.0,-100.0,0.0,494.06055742605696,0.03002749897646288,DA37_ZCI00026,DA33,0.3325900501142461,0.33259005007784526,0.0,0.1880646438469568,DA33_DA37,0.868735695119561,0.036197320629981704,DA33_ZCI00026,DA37_ZCI00026,0.0,0.0,26.41688443670151,0.0,0.0
ZCI00026,DA40,0.0,0.0050546191968317,-100.0,0.0,0.0,0.0,-100.0,0.0,494.06055742605696,0.03002749897646288,DA40_ZCI00026,DA33,0.3325900501142461,0.33259005007784526,0.0,0.1880646438469568,DA33_DA40,0.9578175718246816,0.039909065492695066,DA33_ZCI00026,DA40_ZCI00026,0.0,0.0,26.41688443670151,0.0,0.0
ZCI00025,DA39,0.0,0.0050546191968317,-100.0,0.0,0.0,0.0,-100.0,0.0,223.29475028236723,0.01634131851012164,DA39_ZCI00025,DA33,0.18034527674852635,0.18034527674852635,0.0,0.1880646438469568,DA33_DA39,0.8393843194538297,0.034974346643909575,DA33_ZCI00025,DA39_ZCI00025,0.0,0.0,26.41688443670151,0.0,0.0
ZCI00025,DA42,0.0,0.0050546191968317,-100.0,0.0,0.0,0.0,-100.0,0.0,223.29475028236723,0.01634131851012164,DA42_ZCI00025,DA33,0.18034527674852635,0.18034527674852635,0.0,0.1880646438469568,DA33_DA42,0.868735695119561,0.036197320629981704,DA33_ZCI00025,DA42_ZCI00025,0.0,0.0,26.41688443670151,0.0,0.0
ZCI00025,DA34,0.0,0.0050546191968317,-100.0,0.0,0.0,0.0,-100.0,0.0,223.29475028236723,0.01634131851012164,DA34_ZCI00025,DA33,0.18034527674852635,0.18034527674852635,0.0,0.1880646438469568,DA33_DA34,0.5140843776294046,0.02142018240122519,DA33_ZCI00025,DA34_ZCI00025,0.0,0.0,26.41688443670151,0.0,0.0
ZCI00025,DA45,0.0,0.0050546191968317,-100.0,0.0,0.0,0.0,-100.0,0.0,223.29475028236723,0.01634131851012164,DA45_ZCI00025,DA33,0.18034527674852635,0.18034527674852635,0.0,0.1880646438469568,DA33_DA45,1.0,0.041666666666666664,DA33_ZCI00025,DA45_ZCI00025,0.0,0.0,26.41688443670151,0.0,0.0
ZCI00025,DA38,0.0,0.0050546191968317,-100.0,0.0,0.0,0.0,-100.0,0.0,223.29475028236723,0.01634131851012164,DA38_ZCI00025,DA33,0.18034527674852635,0.18034527674852635,0.0,0.1880646438469568,DA33_DA38,0.5814335926723664,0.024226399694681933,DA33_ZCI00025,DA38_ZCI00025,0.0,0.0,26.41688443670151,0.0,0.0
ZCI00025,DA35,0.0,0.0050546191968317,-100.0,0.0,0.0,0.0,-100.0,0.0,223.29475028236723,0.01634131851012164,DA35_ZCI00025,DA33,0.18034527674852635,0.18034527674852635,0.0,0.1880646438469568,DA33_DA35,1.0,0.041666666666666664,DA33_ZCI00025,DA35_ZCI00025,0.0,0.0,26.41688443670151,0.0,0.0
ZCI00025,DA46,0.0,0.0050546191968317,-100.0,0.0,0.0,0.0,-100.0,0.0,223.29475028236723,0.01634131851012164,DA46_ZCI00025,DA33,0.18034527674852635,0.18034527674852635,0.0,0.1880646438469568,DA33_DA46,1.0,0.041666666666666664,DA33_ZCI00025,DA46_ZCI00025,0.0,0.0,26.41688443670151,0.0,0.0
ZCI00025,DA36,0.0,0.0050546191968317,-100.0,0.0,0.0,0.0,-100.0,0.0,223.29475028236723,0.01634131851012164,DA36_ZCI00025,DA33,0.18034527674852635,0.18034527674852635,0.0,0.1880646438469568,DA33_DA36,0.8574469683224957,0.03572695701343732,DA33_ZCI00025,DA36_ZCI00025,0.0,0.0,26.41688443670151,0.0,0.0
ZCI00025,DA44,0.0,0.0050546191968317,-100.0,0.0,0.0,0.0,-100.0,0.0,223.29475028236723,0.01634131851012164,DA44_ZCI00025,DA33,0.18034527674852635,0.18034527674852635,0.0,0.1880646438469568,DA33_DA44,0.8393843194538297,0.034974346643909575,DA33_ZCI00025,DA44_ZCI00025,0.0,0.0,26.41688443670151,0.0,0.0
ZCI00025,DA37,0.0,0.0050546191968317,-100.0,0.0,0.0,0.0,-100.0,0.0,223.29475028236723,0.01634131851012164,DA37_ZCI00025,DA33,0.18034527674852635,0.18034527674852635,0.0,0.1880646438469568,DA33_DA37,0.868735695119561,0.036197320629981704,DA33_ZCI00025,DA37_ZCI00025,0.0,0.0,26.41688443670151,0.0,0.0
ZCI00025,DA40,0.0,0.0050546191968317,-100.0,0.0,0.0,0.0,-100.0,0.0,223.29475028236723,0.01634131851012164,DA40_ZCI00025,DA33,0.18034527674852635,0.18034527674852635,0.0,0.1880646438469568,DA33_DA40,0.9578175718246816,0.039909065492695066,DA33_ZCI00025,DA40_ZCI00025,0.0,0.0,26.41688443670151,0.0,0.0
ZCI00024,DA39,0.0,0.0050546191968317,-100.0,0.0,0.0,0.0,-100.0,0.0,394.2680209169034,0.024983366269065922,DA39_ZCI00024,DA33,0.27759540751349243,0.27759540751349243,0.0,0.1880646438469568,DA33_DA39,0.8393843194538297,0.034974346643909575,DA33_ZCI00024,DA39_ZCI00024,0.0,0.0,26.41688443670151,0.0,0.0
ZCI00024,DA42,0.0,0.0050546191968317,-100.0,0.0,0.0,0.0,-100.0,0.0,394.2680209169034,0.024983366269065922,DA42_ZCI00024,DA33,0.27759540751349243,0.27759540751349243,0.0,0.1880646438469568,DA33_DA42,0.868735695119561,0.036197320629981704,DA33_ZCI00024,DA42_ZCI00024,0.0,0.0,26.41688443670151,0.0,0.0
ZCI00024,DA34,0.0,0.0050546191968317,-100.0,0.0,0.0,0.0,-100.0,0.0,394.2680209169034,0.024983366269065922,DA34_ZCI00024,DA33,0.27759540751349243,0.27759540751349243,0.0,0.1880646438469568,DA33_DA34,0.5140843776294046,0.02142018240122519,DA33_ZCI00024,DA34_ZCI00024,0.0,0.0,26.41688443670151,0.0,0.0
ZCI00024,DA45,0.0,0.0050546191968317,-100.0,0.0,0.0,0.0,-100.0,0.0,394.2680209169034,0.024983366269065922,DA45_ZCI00024,DA33,0.27759540751349243,0.27759540751349243,0.0,0.1880646438469568,DA33_DA45,1.0,0.041666666666666664,DA33_ZCI00024,DA45_ZCI00024,0.0,0.0,26.41688443670151,0.0,0.0
ZCI00024,DA38,0.0,0.0050546191968317,-100.0,0.0,0.0,0.0,-100.0,0.0,394.2680209169034,0.024983366269065922,DA38_ZCI00024,DA33,0.27759540751349243,0.27759540751349243,0.0,0.1880646438469568,DA33_DA38,0.5814335926723664,0.024226399694681933,DA33_ZCI00024,DA38_ZCI00024,0.0,0.0,26.41688443670151,0.0,0.0
ZCI00024,DA35,0.0,0.0050546191968317,-100.0,0.0,0.0,0.0,-100.0,0.0,394.2680209169034,0.024983366269065922,DA35_ZCI00024,DA33,0.27759540751349243,0.27759540751349243,0.0,0.1880646438469568,DA33_DA35,1.0,0.041666666666666664,DA33_ZCI00024,DA35_ZCI00024,0.0,0.0,26.41688443670151,0.0,0.0
ZCI00024,DA46,0.0,0.0050546191968317,-100.0,0.0,0.0,0.0,-100.0,0.0,394.2680209169034,0.024983366269065922,DA46_ZCI00024,DA33,0.27759540751349243,0.27759540751349243,0.0,0.1880646438469568,DA33_DA46,1.0,0.041666666666666664,DA33_ZCI00024,DA46_ZCI00024,0.0,0.0,26.41688443670151,0.0,0.0
ZCI00024,DA36,0.0,0.0050546191968317,-100.0,0.0,0.0,0.0,-100.0,0.0,394.2680209169034,0.024983366269065922,DA36_ZCI00024,DA33,0.27759540751349243,0.27759540751349243,0.0,0.1880646438469568,DA33_DA36,0.8574469683224957,0.03572695701343732,DA33_ZCI00024,DA36_ZCI00024,0.0,0.0,26.41688443670151,0.0,0.0
ZCI00024,DA44,0.0,0.0050546191968317,-100.0,0.0,0.0,0.0,-100.0,0.0,394.2680209169034,0.024983366269065922,DA44_ZCI00024,DA33,0.27759540751349243,0.27759540751349243,0.0,0.1880646438469568,DA33_DA44,0.8393843194538297,0.034974346643909575,DA33_ZCI00024,DA44_ZCI00024,0.0,0.0,26.41688443670151,0.0,0.0
ZCI00024,DA37,0.0,0.0050546191968317,-100.0,0.0,0.0,0.0,-100.0,0.0,394.2680209169034,0.024983366269065922,DA37_ZCI00024,DA33,0.27759540751349243,0.27759540751349243,0.0,0.1880646438469568,DA33_DA37,0.868735695119561,0.036197320629981704,DA33_ZCI00024,DA37_ZCI00024,0.0,0.0,26.41688443670151,0.0,0.0
ZCI00024,DA40,0.0,0.0050546191968317,-100.0,0.0,0.0,0.0,-100.0,0.0,394.2680209169034,0.024983366269065922,DA40_ZCI00024,DA33,0.27759540751349243,0.27759540751349243,0.0,0.1880646438469568,DA33_DA40,0.9578175718246816,0.039909065492695066,DA33_ZCI00024,DA40_ZCI00024,0.0,0.0,26.41688443670151,0.0,0.0
ZCI00023,DA39,0.0,0.0050546191968317,-100.0,0.0,0.0,0.0,-100.0,0.0,592.1727867892259,0.03498669855629317,DA39_ZCI00023,DA33,0.3872037651518001,0.38720375721878253,0.0,0.1880646438469568,DA33_DA39,0.8393843194538297,0.034974346643909575,DA33_ZCI00023,DA39_ZCI00023,0.0,0.0,26.41688443670151,0.0,0.0
ZCI00023,DA42,0.0,0.0050546191968317,-100.0,0.0,0.0,0.0,-100.0,0.0,592.1727867892259,0.03498669855629317,DA42_ZCI00023,DA33,0.3872037651518001,0.38720375721878253,0.0,0.1880646438469568,DA33_DA42,0.868735695119561,0.036197320629981704,DA33_ZCI00023,DA42_ZCI00023,0.0,0.0,26.41688443670151,0.0,0.0
ZCI00023,DA34,0.0,0.0050546191968317,-100.0,0.0,0.0,0.0,-100.0,0.0,592.1727867892259,0.03498669855629317,DA34_ZCI00023,DA33,0.3872037651518001,0.38720375721878253,0.0,0.1880646438469568,DA33_DA34,0.5140843776294046,0.02142018240122519,DA33_ZCI00023,DA34_ZCI00023,0.0,0.0,26.41688443670151,0.0,0.0
ZCI00023,DA45,0.0,0.0050546191968317,-100.0,0.0,0.0,0.0,-100.0,0.0,592.1727867892259,0.03498669855629317,DA45_ZCI00023,DA33,0.3872037651518001,0.38720375721878253,0.0,0.1880646438469568,DA33_DA45,1.0,0.041666666666666664,DA33_ZCI00023,DA45_ZCI00023,0.0,0.0,26.41688443670151,0.0,0.0
ZCI00023,DA38,0.0,0.0050546191968317,-100.0,0.0,0.0,0.0,-100.0,0.0,592.1727867892259,0.03498669855629317,DA38_ZCI00023,DA33,0.3872037651518001,0.38720375721878253,0.0,0.1880646438469568,DA33_DA38,0.5814335926723664,0.024226399694681933,DA33_ZCI00023,DA38_ZCI00023,0.0,0.0,26.41688443670151,0.0,0.0
ZCI00023,DA35,0.0,0.0050546191968317,-100.0,0.0,0.0,0.0,-100.0,0.0,592.1727867892259,0.03498669855629317,DA35_ZCI00023,DA33,0.3872037651518001,0.38720375721878253,0.0,0.1880646438469568,DA33_DA35,1.0,0.041666666666666664,DA33_ZCI00023,DA35_ZCI00023,0.0,0.0,26.41688443670151,0.0,0.0
ZCI00023,DA46,0.0,0.0050546191968317,-100.0,0.0,0.0,0.0,-100.0,0.0,592.1727867892259,0.03498669855629317,DA46_ZCI00023,DA33,0.3872037651518001,0.38720375721878253,0.0,0.1880646438469568,DA33_DA46,1.0,0.041666666666666664,DA33_ZCI00023,DA46_ZCI00023,0.0,0.0,26.41688443670151,0.0,0.0
ZCI00023,DA36,0.0,0.0050546191968317,-100.0,0.0,0.0,0.0,-100.0,0.0,592.1727867892259,0.03498669855629317,DA36_ZCI00023,DA33,0.3872037651518001,0.38720375721878253,0.0,0.1880646438469568,DA33_DA36,0.8574469683224957,0.03572695701343732,DA33_ZCI00023,DA36_ZCI00023,0.0,0.0,26.41688443670151,0.0,0.0
ZCI00023,DA44,0.0,0.0050546191968317,-100.0,0.0,0.0,0.0,-100.0,0.0,592.1727867892259,0.03498669855629317,DA44_ZCI00023,DA33,0.3872037651518001,0.38720375721878253,0.0,0.1880646438469568,DA33_DA44,0.8393843194538297,0.034974346643909575,DA33_ZCI00023,DA44_ZCI00023,0.0,0.0,26.41688443670151,0.0,0.0
ZCI00023,DA37,0.0,0.0050546191968317,-100.0,0.0,0.0,0.0,-100.0,0.0,592.1727867892259,0.03498669855629317,DA37_ZCI00023,DA33,0.3872037651518001,0.38720375721878253,0.0,0.1880646438469568,DA33_DA37,0.868735695119561,0.036197320629981704,DA33_ZCI00023,DA37_ZCI00023,0.0,0.0,26.41688443670151,0.0,0.0
ZCI00023,DA40,0.0,0.0050546191968317,-100.0,0.0,0.0,0.0,-100.0,0.0,592.1727867892259,0.03498669855629317,DA40_ZCI00023,DA33,0.3872037651518001,0.38720375721878253,0.0,0.1880646438469568,DA33_DA40,0.9578175718246816,0.039909065492695066,DA33_ZCI00023,DA40_ZCI00023,0.0,0.0,26.41688443670151,0.0,0.0
ZCI00022,DA39,0.0,0.0050546191968317,-100.0,0.0,0.0,0.0,-100.0,0.0,627.4260335077148,0.03676861593243235,DA39_ZCI00022,DA33,0.41047885750269114,0.4104788308012535,0.0,0.1880646438469568,DA33_DA39,0.8393843194538297,0.034974346643909575,DA33_ZCI00022,DA39_ZCI00022,0.0,0.0,26.41688443670151,0.0,0.0
ZCI00022,DA42,0.0,0.0050546191968317,-100.0,0.0,0.0,0.0,-100.0,0.0,627.4260335077148,0.03676861593243235,DA42_ZCI00022,DA33,0.41047885750269114,0.4104788308012535,0.0,0.1880646438469568,DA33_DA42,0.868735695119561,0.036197320629981704,DA33_ZCI00022,DA42_ZCI00022,0.0,0.0,26.41688443670151,0.0,0.0
ZCI00022,DA34,0.0,0.0050546191968317,-100.0,0.0,0.0,0.0,-100.0,0.0,627.4260335077148,0.03676861593243235,DA34_ZCI00022,DA33,0.41047885750269114,0.4104788308012535,0.0,0.1880646438469568,DA33_DA34,0.5140843776294046,0.02142018240122519,DA33_ZCI00022,DA34_ZCI00022,0.0,0.0,26.41688443670151,0.0,0.0
ZCI00022,DA45,0.0,0.0050546191968317,-100.0,0.0,0.0,0.0,-100.0,0.0,627.4260335077148,0.03676861593243235,DA45_ZCI00022,DA33,0.41047885750269114,0.4104788308012535,0.0,0.1880646438469568,DA33_DA45,1.0,0.041666666666666664,DA33_ZCI00022,DA45_ZCI00022,0.0,0.0,26.41688443670151,0.0,0.0
ZCI00022,DA38,0.0,0.0050546191968317,-100.0,0.0,0.0,0.0,-100.0,0.0,627.4260335077148,0.03676861593243235,DA38_ZCI00022,DA33,0.41047885750269114,0.4104788308012535,0.0,0.1880646438469568,DA33_DA38,0.5814335926723664,0.024226399694681933,DA33_ZCI00022,DA38_ZCI00022,0.0,0.0,26.41688443670151,0.0,0.0
ZCI00022,DA35,0.0,0.0050546191968317,-100.0,0.0,0.0,0.0,-100.0,0.0,627.4260335077148,0.03676861593243235,DA35_ZCI00022,DA33,0.41047885750269114,0.4104788308012535,0.0,0.1880646438469568,DA33_DA35,1.0,0.041666666666666664,DA33_ZCI00022,DA35_ZCI00022,0.0,0.0,26.41688443670151,0.0,0.0
ZCI00022,DA46,0.0,0.0050546191968317,-100.0,0.0,0.0,0.0,-100.0,0.0,627.4260335077148,0.03676861593243235,DA46_ZCI00022,DA33,0.41047885750269114,0.4104788308012535,0.0,0.1880646438469568,DA33_DA46,1.0,0.041666666666666664,DA33_ZCI00022,DA46_ZCI00022,0.0,0.0,26.41688443670151,0.0,0.0
ZCI00022,DA36,0.0,0.0050546191968317,-100.0,0.0,0.0,0.0,-100.0,0.0,627.4260335077148,0.03676861593243235,DA36_ZCI00022,DA33,0.41047885750269114,0.4104788308012535,0.0,0.1880646438469568,DA33_DA36,0.8574469683224957,0.03572695701343732,DA33_ZCI00022,DA36_ZCI00022,0.0,0.0,26.41688443670151,0.0,0.0
ZCI00022,DA44,0.0,0.0050546191968317,-100.0,0.0,0.0,0.0,-100.0,0.0,627.4260335077148,0.03676861593243235,DA44_ZCI00022,DA33,0.41047885750269114,0.4104788308012535,0.0,0.1880646438469568,DA33_DA44,0.8393843194538297,0.034974346643909575,DA33_ZCI00022,DA44_ZCI00022,0.0,0.0,26.41688443670151,0.0,0.0
ZCI00022,DA37,0.0,0.0050546191968317,-100.0,0.0,0.0,0.0,-100.0,0.0,627.4260335077148,0.03676861593243235,DA37_ZCI00022,DA33,0.41047885750269114,0.4104788308012535,0.0,0.1880646438469568,DA33_DA37,0.868735695119561,0.036197320629981704,DA33_ZCI00022,DA37_ZCI00022,0.0,0.0,26.41688443670151,0.0,0.0
ZCI00022,DA40,0.0,0.0050546191968317,-100.0,0.0,0.0,0.0,-100.0,0.0,627.4260335077148,0.03676861593243235,DA40_ZCI00022,DA33,0.41047885750269114,0.4104788308012535,0.0,0.1880646438469568,DA33_DA40,0.9578175718246816,0.039909065492695066,DA33_ZCI00022,DA40_ZCI00022,0.0,0.0,26.41688443670151,0.0,0.0
ZCI00021,DA37,0.265866028708134,0.07478302271823385,255.51655849732003,0.0,0.7641721003705138,-0.4983060716623798,-766.34,0.0,915.4987953470007,1.2577298884084183,DA37_ZCI00021,DA33,0.3797891393343727,0.3797891072194579,0.0,0.1692581794622611,DA33_DA37,0.868735695119561,0.036197320629981704,DA33_ZCI00021,DA37_ZCI00021,0.0,0.0,26.41688443670151,0.0,0.0
ZCI00021,DA37,0.265866028708134,0.07478302271823385,255.51655849732003,0.0,0.7641721003705138,-0.4983060716623798,-766.34,0.0,915.4987953470007,1.2577298884084183,DA37_ZCI00021,DA34,0.049975431669595435,0.049975431669595435,0.0,0.1692581794622611,DA34_DA37,0.8194037091391021,0.03414182121412925,DA34_ZCI00021,DA37_ZCI00021,0.0,0.0,26.41688443670151,0.0,0.0
ZCI00021,DA37,0.265866028708134,0.07478302271823385,255.51655849732003,0.0,0.7641721003705138,-0.4983060716623798,-766.34,0.0,915.4987953470007,1.2577298884084183,DA37_ZCI00021,DA35,0.2243984024670988,0.2243983644874186,0.0,0.1692581794622611,DA35_DA37,1.0,0.041666666666666664,DA35_ZCI00021,DA37_ZCI00021,0.0,0.0,26.41688443670151,0.0,0.0
ZCI00021,DA37,0.265866028708134,0.07478302271823385,255.51655849732003,0.0,0.7641721003705138,-0.4983060716623798,-766.34,0.0,915.4987953470007,1.2577298884084183,DA37_ZCI00021,DA36,0.32333485264061074,0.3233348368669552,0.0,0.1692581794622611,DA36_DA37,1.162766299832193,0.048448595826341374,DA36_ZCI00021,DA37_ZCI00021,0.0,0.0,26.41688443670151,0.0,0.0
ZCI00021,DA37,0.265866028708134,0.07478302271823385,255.51655849732003,0.0,0.7641721003705138,-0.4983060716623798,-766.34,0.0,915.4987953470007,1.2577298884084183,DA37_ZCI00021,DA38,0.040554186838593596,0.040554186838593596,0.0,0.1692581794622611,DA38_DA37,0.8867529241820639,0.036948038507586,DA38_ZCI00021,DA37_ZCI00021,0.0,0.0,26.41688443670151,0.0,0.0
ZCI00021,DA37,0.265866028708134,0.07478302271823385,255.51655849732003,0.0,0.7641721003705138,-0.4983060716623798,-766.34,0.0,915.4987953470007,1.2577298884084183,DA37_ZCI00021,DA39,0.029962193080494588,0.029961988867761493,0.0,0.1692581794622611,DA39_DA37,1.144703650963527,0.04769598545681363,DA39_ZCI00021,DA37_ZCI00021,0.0,0.0,26.41688443670151,0.0,0.0
ZCI00021,DA37,0.265866028708134,0.07478302271823385,255.51655849732003,0.0,0.7641721003705138,-0.4983060716623798,-766.34,0.0,915.4987953470007,1.2577298884084183,DA37_ZCI00021,DA40,0.3520436675626273,0.3520435186092191,0.0,0.1692581794622611,DA40_DA37,1.263136903334379,0.05263070430559912,DA40_ZCI00021,DA37_ZCI00021,0.0,0.0,26.41688443670151,0.0,0.0
ZCI00021,DA37,0.265866028708134,0.07478302271823385,255.51655849732003,0.0,0.7641721003705138,-0.4983060716623798,-766.34,0.0,915.4987953470007,1.2577298884084183,DA37_ZCI00021,DA42,0.022703180742214286,0.022702671618297733,0.0,0.1692581794622611,DA42_DA37,1.174055026629258,0.04891895944288575,DA42_ZCI00021,DA37_ZCI00021,0.0,0.0,26.41688443670151,0.0,0.0
ZCI00021,DA37,0.265866028708134,0.07478302271823385,255.51655849732003,0.0,0.7641721003705138,-0.4983060716623798,-766.34,0.0,915.4987953470007,1.2577298884084183,DA37_ZCI00021,DA44,0.07086874956988021,0.07086873920274576,0.0,0.1692581794622611,DA44_DA37,1.144703650963527,0.04769598545681363,DA44_ZCI00021,DA37_ZCI00021,0.0,0.0,26.41688443670151,0.0,0.0
ZCI00021,DA37,0.265866028708134,0.07478302271823385,255.51655849732003,0.0,0.7641721003705138,-0.4983060716623798,-766.34,0.0,915.4987953470007,1.2577298884084183,DA37_ZCI00021,DA45,0.025687033048358367,0.025687033048358367,0.0,0.1692581794622611,DA45_DA37,1.0,0.041666666666666664,DA45_ZCI00021,DA37_ZCI00021,0.0,0.0,26.41688443670151,0.0,0.0
ZCI00021,DA37,0.265866028708134,0.07478302271823385,255.51655849732003,0.0,0.7641721003705138,-0.4983060716623798,-766.34,0.0,915.4987953470007,1.2577298884084183,DA37_ZCI00021,DA46,0.1948287335327318,0.1948287335327318,0.0,0.1692581794622611,DA46_DA37,1.0,0.041666666666666664,DA46_ZCI00021,DA37_ZCI00021,0.0,0.0,26.41688443670151,0.0,0.0
ZCI00020,DA37,0.3456258373205742,0.07547068889113576,357.96035838380817,0.1477033492822967,0.5289573489423268,-0.03562816233945587,-147.21,0.0,3113.8326848657407,2.4611313793021634,DA37_ZCI00020,DA33,0.3860914200154099,0.38609137781081126,0.0,0.1692581794622611,DA33_DA37,0.868735695119561,0.036197320629981704,DA33_ZCI00020,DA37_ZCI00020,0.0,0.0,26.41688443670151,0.0,0.0
ZCI00020,DA37,0.3456258373205742,0.07547068889113576,357.96035838380817,0.1477033492822967,0.5289573489423268,-0.03562816233945587,-147.21,0.0,3113.8326848657407,2.4611313793021634,DA37_ZCI00020,DA34,0.3614848821590169,0.3614846257453893,0.0,0.1692581794622611,DA34_DA37,0.8194037091391021,0.03414182121412925,DA34_ZCI00020,DA37_ZCI00020,0.0,0.0,26.41688443670151,0.0,0.0
ZCI00020,DA37,0.3456258373205742,0.07547068889113576,357.96035838380817,0.1477033492822967,0.5289573489423268,-0.03562816233945587,-147.21,0.0,3113.8326848657407,2.4611313793021634,DA37_ZCI00020,DA35,0.49547279972651476,0.49547279972651476,0.0,0.1692581794622611,DA35_DA37,1.0,0.041666666666666664,DA35_ZCI00020,DA37_ZCI00020,0.0,0.0,26.41688443670151,0.0,0.0
ZCI00020,DA37,0.3456258373205742,0.07547068889113576,357.96035838380817,0.1477033492822967,0.5289573489423268,-0.03562816233945587,-147.21,0.0,3113.8326848657407,2.4611313793021634,DA37_ZCI00020,DA36,0.5747064483616566,0.574706443774076,0.0,0.1692581794622611,DA36_DA37,1.162766299832193,0.048448595826341374,DA36_ZCI00020,DA37_ZCI00020,0.0,0.0,26.41688443670151,0.0,0.0
ZCI00020,DA37,0.3456258373205742,0.07547068889113576,357.96035838380817,0.1477033492822967,0.5289573489423268,-0.03562816233945587,-147.21,0.0,3113.8326848657407,2.4611313793021634,DA37_ZCI00020,DA38,0.20480805095549168,0.20480805095549168,0.0,0.1692581794622611,DA38_DA37,0.8867529241820639,0.036948038507586,DA38_ZCI00020,DA37_ZCI00020,0.0,0.0,26.41688443670151,0.0,0.0
ZCI00020,DA37,0.3456258373205742,0.07547068889113576,357.96035838380817,0.1477033492822967,0.5289573489423268,-0.03562816233945587,-147.21,0.0,3113.8326848657407,2.4611313793021634,DA37_ZCI00020,DA39,0.4480752005205372,0.44807515333700476,0.0,0.1692581794622611,DA39_DA37,1.144703650963527,0.04769598545681363,DA39_ZCI00020,DA37_ZCI00020,0.0,0.0,26.41688443670151,0.0,0.0
ZCI00020,DA37,0.3456258373205742,0.07547068889113576,357.96035838380817,0.1477033492822967,0.5289573489423268,-0.03562816233945587,-147.21,0.0,3113.8326848657407,2.4611313793021634,DA37_ZCI00020,DA40,0.8535900727319325,0.8535900562216263,0.0,0.1692581794622611,DA40_DA37,1.263136903334379,0.05263070430559912,DA40_ZCI00020,DA37_ZCI00020,0.0,0.0,26.41688443670151,0.0,0.0
ZCI00020,DA37,0.3456258373205742,0.07547068889113576,357.96035838380817,0.1477033492822967,0.5289573489423268,-0.03562816233945587,-147.21,0.0,3113.8326848657407,2.4611313793021634,DA37_ZCI00020,DA44,0.16139435405536093,0.16139435405536093,0.0,0.1692581794622611,DA44_DA37,1.144703650963527,0.04769598545681363,DA44_ZCI00020,DA37_ZCI00020,0.0,0.0,26.41688443670151,0.0,0.0
ZCI00020,DA37,0.3456258373205742,0.07547068889113576,357.96035838380817,0.1477033492822967,0.5289573489423268,-0.03562816233945587,-147.21,0.0,3113.8326848657407,2.4611313793021634,DA37_ZCI00020,DA45,0.3122662557325083,0.31226623678168497,0.0,0.1692581794622611,DA45_DA37,1.0,0.041666666666666664,DA45_ZCI00020,DA37_ZCI00020,0.0,0.0,26.41688443670151,0.0,0.0
ZCI00020,DA37,0.3456258373205742,0.07547068889113576,357.96035838380817,0.1477033492822967,0.5289573489423268,-0.03562816233945587,-147.21,0.0,3113.8326848657407,2.4611313793021634,DA37_ZCI00020,DA46,0.420447114714375,0.42044708884427473,0.0,0.1692581794622611,DA46_DA37,1.0,0.041666666666666664,DA46_ZCI00020,DA37_ZCI00020,0.0,0.0,26.41688443670151,0.0,0.0
ZCI00020,DA42,0.06794354066985647,0.01214260955206532,459.5464498675249,0.0,0.05992282979373948,0.008020710876116992,-33.95,0.0,3113.8326848657407,0.3822229609707656,DA42_ZCI00020,DA33,0.3860914200154099,0.38609137781081126,0.0,0.1692581794622611,DA33_DA42,0.868735695119561,0.036197320629981704,DA33_ZCI00020,DA42_ZCI00020,0.0,0.0,26.41688443670151,0.0,0.0
ZCI00020,DA42,0.06794354066985647,0.01214260955206532,459.5464498675249,0.0,0.05992282979373948,0.008020710876116992,-33.95,0.0,3113.8326848657407,0.3822229609707656,DA42_ZCI00020,DA34,0.3614848821590169,0.3614846257453893,0.0,0.1692581794622611,DA34_DA42,0.8194037091391021,0.03414182121412925,DA34_ZCI00020,DA42_ZCI00020,0.0,0.0,26.41688443670151,0.0,0.0
ZCI00020,DA42,0.06794354066985647,0.01214260955206532,459.5464498675249,0.0,0.05992282979373948,0.008020710876116992,-33.95,0.0,3113.8326848657407,0.3822229609707656,DA42_ZCI00020,DA35,0.49547279972651476,0.49547279972651476,0.0,0.1692581794622611,DA35_DA42,1.0,0.041666666666666664,DA35_ZCI00020,DA42_ZCI00020,0.0,0.0,26.41688443670151,0.0,0.0
ZCI00020,DA42,0.06794354066985647,0.01214260955206532,459.5464498675249,0.0,0.05992282979373948,0.008020710876116992,-33.95,0.0,3113.8326848657407,0.3822229609707656,DA42_ZCI00020,DA36,0.5747064483616566,0.574706443774076,0.0,0.1692581794622611,DA36_DA42,1.162766299832193,0.048448595826341374,DA36_ZCI00020,DA42_ZCI00020,0.0,0.0,26.41688443670151,0.0,0.0
ZCI00020,DA42,0.06794354066985647,0.01214260955206532,459.5464498675249,0.0,0.05992282979373948,0.008020710876116992,-33.95,0.0,3113.8326848657407,0.3822229609707656,DA42_ZCI00020,DA38,0.20480805095549168,0.20480805095549168,0.0,0.1692581794622611,DA38_DA42,0.8867529241820639,0.036948038507586,DA38_ZCI00020,DA42_ZCI00020,0.0,0.0,26.41688443670151,0.0,0.0
ZCI00020,DA42,0.06794354066985647,0.01214260955206532,459.5464498675249,0.0,0.05992282979373948,0.008020710876116992,-33.95,0.0,3113.8326848657407,0.3822229609707656,DA42_ZCI00020,DA39,0.4480752005205372,0.44807515333700476,0.0,0.1692581794622611,DA39_DA42,1.144703650963527,0.04769598545681363,DA39_ZCI00020,DA42_ZCI00020,0.0,0.0,26.41688443670151,0.0,0.0
ZCI00020,DA42,0.06794354066985647,0.01214260955206532,459.5464498675249,0.0,0.05992282979373948,0.008020710876116992,-33.95,0.0,3113.8326848657407,0.3822229609707656,DA42_ZCI00020,DA40,0.8535900727319325,0.8535900562216263,0.0,0.1692581794622611,DA40_DA42,1.263136903334379,0.05263070430559912,DA40_ZCI00020,DA42_ZCI00020,0.0,0.0,26.41688443670151,0.0,0.0
ZCI00020,DA42,0.06794354066985647,0.01214260955206532,459.5464498675249,0.0,0.05992282979373948,0.008020710876116992,-33.95,0.0,3113.8326848657407,0.3822229609707656,DA42_ZCI00020,DA44,0.16139435405536093,0.16139435405536093,0.0,0.1692581794622611,DA44_DA42,1.144703650963527,0.04769598545681363,DA44_ZCI00020,DA42_ZCI00020,0.0,0.0,26.41688443670151,0.0,0.0
ZCI00020,DA42,0.06794354066985647,0.01214260955206532,459.5464498675249,0.0,0.05992282979373948,0.008020710876116992,-33.95,0.0,3113.8326848657407,0.3822229609707656,DA42_ZCI00020,DA45,0.3122662557325083,0.31226623678168497,0.0,0.1692581794622611,DA45_DA42,1.0,0.041666666666666664,DA45_ZCI00020,DA42_ZCI00020,0.0,0.0,26.41688443670151,0.0,0.0
ZCI00020,DA42,0.06794354066985647,0.01214260955206532,459.5464498675249,0.0,0.05992282979373948,0.008020710876116992,-33.95,0.0,3113.8326848657407,0.3822229609707656,DA42_ZCI00020,DA46,0.420447114714375,0.42044708884427473,0.0,0.1692581794622611,DA46_DA42,1.0,0.041666666666666664,DA46_ZCI00020,DA42_ZCI00020,0.0,0.0,26.41688443670151,0.0,0.0
ZCI00012,DA35,0.1742899521531101,0.03991455925709,336.65758910303157,0.0,0.24322929462970583,-0.06893934247659572,-272.72,0.0,1624.585135056343,0.7573009824198754,DA35_ZCI00012,DA33,0.23851276451312392,0.23851271952210368,0.0,0.2256775726163481,DA33_DA35,1.0,0.041666666666666664,DA33_ZCI00012,DA35_ZCI00012,0.0,0.0,26.41688443670151,0.0,0.0
ZCI00012,DA35,0.1742899521531101,0.03991455925709,336.65758910303157,0.0,0.24322929462970583,-0.06893934247659572,-272.72,0.0,1624.585135056343,0.7573009824198754,DA35_ZCI00012,DA34,1.3849683669540318,1.3849683669540318,0.0,0.2256775726163481,DA34_DA35,1.0,0.041666666666666664,DA34_ZCI00012,DA35_ZCI00012,0.0,0.0,26.41688443670151,0.0,0.0
ZCI00012,DA35,0.1742899521531101,0.03991455925709,336.65758910303157,0.0,0.24322929462970583,-0.06893934247659572,-272.72,0.0,1624.585135056343,0.7573009824198754,DA35_ZCI00012,DA36,0.42468231233236015,0.42468231233236015,0.0,0.2256775726163481,DA36_DA35,1.155992641604193,0.04816636006684138,DA36_ZCI00012,DA35_ZCI00012,0.0,0.0,26.41688443670151,0.0,0.0
ZCI00012,DA35,0.1742899521531101,0.03991455925709,336.65758910303157,0.0,0.24322929462970583,-0.06893934247659572,-272.72,0.0,1624.585135056343,0.7573009824198754,DA35_ZCI00012,DA37,0.24880820615369406,0.24880807002148014,0.0,0.2256775726163481,DA37_DA35,1.0,0.041666666666666664,DA37_ZCI00012,DA35_ZCI00012,0.0,0.0,26.41688443670151,0.0,0.0
ZCI00012,DA35,0.1742899521531101,0.03991455925709,336.65758910303157,0.0,0.24322929462970583,-0.06893934247659572,-272.72,0.0,1624.585135056343,0.7573009824198754,DA35_ZCI00012,DA38,0.07525100235549544,0.07525057260610951,0.0,0.2256775726163481,DA38_DA35,1.0,0.041666666666666664,DA38_ZCI00012,DA35_ZCI00012,0.0,0.0,26.41688443670151,0.0,0.0
ZCI00012,DA35,0.1742899521531101,0.03991455925709,336.65758910303157,0.0,0.24322929462970583,-0.06893934247659572,-272.72,0.0,1624.585135056343,0.7573009824198754,DA35_ZCI00012,DA39,0.553401172760861,0.5534011028941717,0.0,0.2256775726163481,DA39_DA35,1.0,0.041666666666666664,DA39_ZCI00012,DA35_ZCI00012,0.0,0.0,26.41688443670151,0.0,0.0
ZCI00012,DA35,0.1742899521531101,0.03991455925709,336.65758910303157,0.0,0.24322929462970583,-0.06893934247659572,-272.72,0.0,1624.585135056343,0.7573009824198754,DA35_ZCI00012,DA40,0.32651851929611814,0.3265184770834407,0.0,0.2256775726163481,DA40_DA35,1.0,0.041666666666666664,DA40_ZCI00012,DA35_ZCI00012,0.0,0.0,26.41688443670151,0.0,0.0
ZCI00012,DA35,0.1742899521531101,0.03991455925709,336.65758910303157,0.0,0.24322929462970583,-0.06893934247659572,-272.72,0.0,1624.585135056343,0.7573009824198754,DA35_ZCI00012,DA42,0.1739202299612642,0.17392004477934328,0.0,0.2256775726163481,DA42_DA35,1.0,0.041666666666666664,DA42_ZCI00012,DA35_ZCI00012,0.0,0.0,26.41688443670151,0.0,0.0
ZCI00012,DA35,0.1742899521531101,0.03991455925709,336.65758910303157,0.0,0.24322929462970583,-0.06893934247659572,-272.72,0.0,1624.585135056343,0.7573009824198754,DA35_ZCI00012,DA44,0.18760511552940298,0.18760511552940298,0.0,0.2256775726163481,DA44_DA35,1.0,0.041666666666666664,DA44_ZCI00012,DA35_ZCI00012,0.0,0.0,26.41688443670151,0.0,0.0
ZCI00012,DA35,0.1742899521531101,0.03991455925709,336.65758910303157,0.0,0.24322929462970583,-0.06893934247659572,-272.72,0.0,1624.585135056343,0.7573009824198754,DA35_ZCI00012,DA45,0.013015551815138153,0.013015551815138153,0.0,0.2256775726163481,DA45_DA35,1.230499979832588,0.0512708324930245,DA45_ZCI00012,DA35_ZCI00012,0.0,0.0,26.41688443670151,0.0,0.0
ZCI00012,DA35,0.1742899521531101,0.03991455925709,336.65758910303157,0.0,0.24322929462970583,-0.06893934247659572,-272.72,0.0,1624.585135056343,0.7573009824198754,DA35_ZCI00012,DA46,0.014443055745330297,0.014443055745330297,0.0,0.2256775726163481,DA46_DA35,1.264366951754586,0.052681956323107744,DA46_ZCI00012,DA35_ZCI00012,0.0,0.0,26.41688443670151,0.0,0.0
ZCI00010,DA38,0.1388411483253589,0.01600385867884817,767.5479527250585,0.0,0.14557112989183674,-0.006729981566477833,-142.05,0.0,8501.42419533654,1.3832893951643688,DA38_ZCI00010,DA33,0.28587666435272013,0.28587666435272013,0.0,0.2256775726163481,DA33_DA38,0.5814335926723664,0.024226399694681933,DA33_ZCI00010,DA38_ZCI00010,0.0,0.0,26.41688443670151,0.0,0.0
ZCI00010,DA38,0.1388411483253589,0.01600385867884817,767.5479527250585,0.0,0.14557112989183674,-0.006729981566477833,-142.05,0.0,8501.42419533654,1.3832893951643688,DA38_ZCI00010,DA34,0.17939664799392593,0.17939647912881232,0.0,0.2256775726163481,DA34_DA38,0.5321016066919075,0.02217090027882948,DA34_ZCI00010,DA38_ZCI00010,0.0,0.0,26.41688443670151,0.0,0.0
ZCI00010,DA38,0.1388411483253589,0.01600385867884817,767.5479527250585,0.0,0.14557112989183674,-0.006729981566477833,-142.05,0.0,8501.42419533654,1.3832893951643688,DA38_ZCI00010,DA35,0.5703963543956371,0.5703963543956371,0.0,0.2256775726163481,DA35_DA38,1.0,0.041666666666666664,DA35_ZCI00010,DA38_ZCI00010,0.0,0.0,26.41688443670151,0.0,0.0
ZCI00010,DA38,0.1388411483253589,0.01600385867884817,767.5479527250585,0.0,0.14557112989183674,-0.006729981566477833,-142.05,0.0,8501.42419533654,1.3832893951643688,DA38_ZCI00010,DA36,0.25318912587326337,0.25318912587326337,0.0,0.2256775726163481,DA36_DA38,0.8754641973849986,0.03647767489104161,DA36_ZCI00010,DA38_ZCI00010,0.0,0.0,26.41688443670151,0.0,0.0
ZCI00010,DA38,0.1388411483253589,0.01600385867884817,767.5479527250585,0.0,0.14557112989183674,-0.006729981566477833,-142.05,0.0,8501.42419533654,1.3832893951643688,DA38_ZCI00010,DA37,0.5218796779617016,0.5218796779617016,0.0,0.2256775726163481,DA37_DA38,0.8867529241820639,0.036948038507586,DA37_ZCI00010,DA38_ZCI00010,0.0,0.0,26.41688443670151,0.0,0.0
ZCI00010,DA38,0.1388411483253589,0.01600385867884817,767.5479527250585,0.0,0.14557112989183674,-0.006729981566477833,-142.05,0.0,8501.42419533654,1.3832893951643688,DA38_ZCI00010,DA39,0.08323742167314761,0.08323742167314761,0.0,0.2256775726163481,DA39_DA38,0.8574015485163325,0.035725064521513854,DA39_ZCI00010,DA38_ZCI00010,0.0,0.0,26.41688443670151,0.0,0.0
ZCI00010,DA38,0.1388411483253589,0.01600385867884817,767.5479527250585,0.0,0.14557112989183674,-0.006729981566477833,-142.05,0.0,8501.42419533654,1.3832893951643688,DA38_ZCI00010,DA40,0.25191051155498306,0.25191051155498306,0.0,0.2256775726163481,DA40_DA38,0.9758348008871847,0.04065978337029936,DA40_ZCI00010,DA38_ZCI00010,0.0,0.0,26.41688443670151,0.0,0.0
ZCI00010,DA38,0.1388411483253589,0.01600385867884817,767.5479527250585,0.0,0.14557112989183674,-0.006729981566477833,-142.05,0.0,8501.42419533654,1.3832893951643688,DA38_ZCI00010,DA42,0.2318914624762332,0.23189139241124904,0.0,0.2256775726163481,DA42_DA38,0.8867529241820639,0.036948038507586,DA42_ZCI00010,DA38_ZCI00010,0.0,0.0,26.41688443670151,0.0,0.0
ZCI00010,DA38,0.1388411483253589,0.01600385867884817,767.5479527250585,0.0,0.14557112989183674,-0.006729981566477833,-142.05,0.0,8501.42419533654,1.3832893951643688,DA38_ZCI00010,DA44,1.1527642538128118,1.1527642538128118,0.0,0.2256775726163481,DA44_DA38,0.8574015485163325,0.035725064521513854,DA44_ZCI00010,DA38_ZCI00010,0.0,0.0,26.41688443670151,0.0,0.0
ZCI00010,DA38,0.1388411483253589,0.01600385867884817,767.5479527250585,0.0,0.14557112989183674,-0.006729981566477833,-142.05,0.0,8501.42419533654,1.3832893951643688,DA38_ZCI00010,DA45,0.07932002608641578,0.07932002608641578,0.0,0.2256775726163481,DA45_DA38,1.0,0.041666666666666664,DA45_ZCI00010,DA38_ZCI00010,0.0,0.0,26.41688443670151,0.0,0.0
ZCI00010,DA38,0.1388411483253589,0.01600385867884817,767.5479527250585,0.0,0.14557112989183674,-0.006729981566477833,-142.05,0.0,8501.42419533654,1.3832893951643688,DA38_ZCI00010,DA46,0.10290184171701026,0.1029018389413207,0.0,0.2256775726163481,DA46_DA38,1.0,0.041666666666666664,DA46_ZCI00010,DA38_ZCI00010,0.0,0.0,26.41688443670151,0.0,0.0
ZCI00009,DA39,0.0,0.0050546191968317,-100.0,0.0,0.0,0.0,-100.0,0.0,674.3686722106177,0.03914138755980862,DA39_ZCI00009,DA33,0.0008537251823448741,0.0008535147744601667,0.0,0.1880646438469568,DA33_DA39,0.8393843194538297,0.034974346643909575,DA33_ZCI00009,DA39_ZCI00009,0.0,0.0,26.41688443670151,0.0,0.0
ZCI00009,DA39,0.0,0.0050546191968317,-100.0,0.0,0.0,0.0,-100.0,0.0,674.3686722106177,0.03914138755980862,DA39_ZCI00009,DA34,0.44396337883915804,0.44396337883915804,0.0,0.1880646438469568,DA34_DA39,0.7900523334733707,0.03291884722805711,DA34_ZCI00009,DA39_ZCI00009,0.0,0.0,26.41688443670151,0.0,0.0
ZCI00009,DA39,0.0,0.0050546191968317,-100.0,0.0,0.0,0.0,-100.0,0.0,674.3686722106177,0.03914138755980862,DA39_ZCI00009,DA38,0.00971548355823021,0.00971548355823021,0.0,0.1880646438469568,DA38_DA39,0.8574015485163325,0.035725064521513854,DA38_ZCI00009,DA39_ZCI00009,0.0,0.0,26.41688443670151,0.0,0.0
ZCI00009,DA42,0.0,0.0050546191968317,-100.0,0.0,0.0,0.0,-100.0,0.0,674.3686722106177,0.03914138755980862,DA42_ZCI00009,DA33,0.0008537251823448741,0.0008535147744601667,0.0,0.1880646438469568,DA33_DA42,0.868735695119561,0.036197320629981704,DA33_ZCI00009,DA42_ZCI00009,0.0,0.0,26.41688443670151,0.0,0.0
ZCI00009,DA42,0.0,0.0050546191968317,-100.0,0.0,0.0,0.0,-100.0,0.0,674.3686722106177,0.03914138755980862,DA42_ZCI00009,DA34,0.44396337883915804,0.44396337883915804,0.0,0.1880646438469568,DA34_DA42,0.8194037091391021,0.03414182121412925,DA34_ZCI00009,DA42_ZCI00009,0.0,0.0,26.41688443670151,0.0,0.0
ZCI00009,DA42,0.0,0.0050546191968317,-100.0,0.0,0.0,0.0,-100.0,0.0,674.3686722106177,0.03914138755980862,DA42_ZCI00009,DA38,0.00971548355823021,0.00971548355823021,0.0,0.1880646438469568,DA38_DA42,0.8867529241820639,0.036948038507586,DA38_ZCI00009,DA42_ZCI00009,0.0,0.0,26.41688443670151,0.0,0.0
ZCI00009,DA45,0.0,0.0050546191968317,-100.0,0.0,0.0,0.0,-100.0,0.0,674.3686722106177,0.03914138755980862,DA45_ZCI00009,DA33,0.0008537251823448741,0.0008535147744601667,0.0,0.1880646438469568,DA33_DA45,1.0,0.041666666666666664,DA33_ZCI00009,DA45_ZCI00009,0.0,0.0,26.41688443670151,0.0,0.0
ZCI00009,DA45,0.0,0.0050546191968317,-100.0,0.0,0.0,0.0,-100.0,0.0,674.3686722106177,0.03914138755980862,DA45_ZCI00009,DA34,0.44396337883915804,0.44396337883915804,0.0,0.1880646438469568,DA34_DA45,1.0,0.041666666666666664,DA34_ZCI00009,DA45_ZCI00009,0.0,0.0,26.41688443670151,0.0,0.0
ZCI00009,DA45,0.0,0.0050546191968317,-100.0,0.0,0.0,0.0,-100.0,0.0,674.3686722106177,0.03914138755980862,DA45_ZCI00009,DA38,0.00971548355823021,0.00971548355823021,0.0,0.1880646438469568,DA38_DA45,1.0,0.041666666666666664,DA38_ZCI00009,DA45_ZCI00009,0.0,0.0,26.41688443670151,0.0,0.0
ZCI00009,DA35,0.0,0.0050546191968317,-100.0,0.0,0.0,0.0,-100.0,0.0,674.3686722106177,0.03914138755980862,DA35_ZCI00009,DA33,0.0008537251823448741,0.0008535147744601667,0.0,0.1880646438469568,DA33_DA35,1.0,0.041666666666666664,DA33_ZCI00009,DA35_ZCI00009,0.0,0.0,26.41688443670151,0.0,0.0
ZCI00009,DA35,0.0,0.0050546191968317,-100.0,0.0,0.0,0.0,-100.0,0.0,674.3686722106177,0.03914138755980862,DA35_ZCI00009,DA34,0.44396337883915804,0.44396337883915804,0.0,0.1880646438469568,DA34_DA35,1.0,0.041666666666666664,DA34_ZCI00009,DA35_ZCI00009,0.0,0.0,26.41688443670151,0.0,0.0
ZCI00009,DA35,0.0,0.0050546191968317,-100.0,0.0,0.0,0.0,-100.0,0.0,674.3686722106177,0.03914138755980862,DA35_ZCI00009,DA38,0.00971548355823021,0.00971548355823021,0.0,0.1880646438469568,DA38_DA35,1.0,0.041666666666666664,DA38_ZCI00009,DA35_ZCI00009,0.0,0.0,26.41688443670151,0.0,0.0
ZCI00009,DA46,0.0,0.0050546191968317,-100.0,0.0,0.0,0.0,-100.0,0.0,674.3686722106177,0.03914138755980862,DA46_ZCI00009,DA33,0.0008537251823448741,0.0008535147744601667,0.0,0.1880646438469568,DA33_DA46,1.0,0.041666666666666664,DA33_ZCI00009,DA46_ZCI00009,0.0,0.0,26.41688443670151,0.0,0.0
ZCI00009,DA46,0.0,0.0050546191968317,-100.0,0.0,0.0,0.0,-100.0,0.0,674.3686722106177,0.03914138755980862,DA46_ZCI00009,DA34,0.44396337883915804,0.44396337883915804,0.0,0.1880646438469568,DA34_DA46,1.0,0.041666666666666664,DA34_ZCI00009,DA46_ZCI00009,0.0,0.0,26.41688443670151,0.0,0.0
ZCI00009,DA46,0.0,0.0050546191968317,-100.0,0.0,0.0,0.0,-100.0,0.0,674.3686722106177,0.03914138755980862,DA46_ZCI00009,DA38,0.00971548355823021,0.00971548355823021,0.0,0.1880646438469568,DA38_DA46,1.0,0.041666666666666664,DA38_ZCI00009,DA46_ZCI00009,0.0,0.0,26.41688443670151,0.0,0.0
ZCI00009,DA36,0.0,0.0050546191968317,-100.0,0.0,0.0,0.0,-100.0,0.0,674.3686722106177,0.03914138755980862,DA36_ZCI00009,DA33,0.0008537251823448741,0.0008535147744601667,0.0,0.1880646438469568,DA33_DA36,0.8574469683224957,0.03572695701343732,DA33_ZCI00009,DA36_ZCI00009,0.0,0.0,26.41688443670151,0.0,0.0
ZCI00009,DA36,0.0,0.0050546191968317,-100.0,0.0,0.0,0.0,-100.0,0.0,674.3686722106177,0.03914138755980862,DA36_ZCI00009,DA34,0.44396337883915804,0.44396337883915804,0.0,0.1880646438469568,DA34_DA36,0.8081149823420368,0.033671457597584865,DA34_ZCI00009,DA36_ZCI00009,0.0,0.0,26.41688443670151,0.0,0.0
ZCI00009,DA36,0.0,0.0050546191968317,-100.0,0.0,0.0,0.0,-100.0,0.0,674.3686722106177,0.03914138755980862,DA36_ZCI00009,DA38,0.00971548355823021,0.00971548355823021,0.0,0.1880646438469568,DA38_DA36,0.8754641973849986,0.03647767489104161,DA38_ZCI00009,DA36_ZCI00009,0.0,0.0,26.41688443670151,0.0,0.0
ZCI00009,DA44,0.0,0.0050546191968317,-100.0,0.0,0.0,0.0,-100.0,0.0,674.3686722106177,0.03914138755980862,DA44_ZCI00009,DA33,0.0008537251823448741,0.0008535147744601667,0.0,0.1880646438469568,DA33_DA44,0.8393843194538297,0.034974346643909575,DA33_ZCI00009,DA44_ZCI00009,0.0,0.0,26.41688443670151,0.0,0.0
ZCI00009,DA44,0.0,0.0050546191968317,-100.0,0.0,0.0,0.0,-100.0,0.0,674.3686722106177,0.03914138755980862,DA44_ZCI00009,DA34,0.44396337883915804,0.44396337883915804,0.0,0.1880646438469568,DA34_DA44,0.7900523334733707,0.03291884722805711,DA34_ZCI00009,DA44_ZCI00009,0.0,0.0,26.41688443670151,0.0,0.0
ZCI00009,DA44,0.0,0.0050546191968317,-100.0,0.0,0.0,0.0,-100.0,0.0,674.3686722106177,0.03914138755980862,DA44_ZCI00009,DA38,0.00971548355823021,0.00971548355823021,0.0,0.1880646438469568,DA38_DA44,0.8574015485163325,0.035725064521513854,DA38_ZCI00009,DA44_ZCI00009,0.0,0.0,26.41688443670151,0.0,0.0
ZCI00009,DA37,0.0,0.0050546191968317,-100.0,0.0,0.0,0.0,-100.0,0.0,674.3686722106177,0.03914138755980862,DA37_ZCI00009,DA33,0.0008537251823448741,0.0008535147744601667,0.0,0.1880646438469568,DA33_DA37,0.868735695119561,0.036197320629981704,DA33_ZCI00009,DA37_ZCI00009,0.0,0.0,26.41688443670151,0.0,0.0
ZCI00009,DA37,0.0,0.0050546191968317,-100.0,0.0,0.0,0.0,-100.0,0.0,674.3686722106177,0.03914138755980862,DA37_ZCI00009,DA34,0.44396337883915804,0.44396337883915804,0.0,0.1880646438469568,DA34_DA37,0.8194037091391021,0.03414182121412925,DA34_ZCI00009,DA37_ZCI00009,0.0,0.0,26.41688443670151,0.0,0.0
ZCI00009,DA37,0.0,0.0050546191968317,-100.0,0.0,0.0,0.0,-100.0,0.0,674.3686722106177,0.03914138755980862,DA37_ZCI00009,DA38,0.00971548355823021,0.00971548355823021,0.0,0.1880646438469568,DA38_DA37,0.8867529241820639,0.036948038507586,DA38_ZCI00009,DA37_ZCI00009,0.0,0.0,26.41688443670151,0.0,0.0
ZCI00009,DA40,0.0,0.0050546191968317,-100.0,0.0,0.0,0.0,-100.0,0.0,674.3686722106177,0.03914138755980862,DA40_ZCI00009,DA33,0.0008537251823448741,0.0008535147744601667,0.0,0.1880646438469568,DA33_DA40,0.9578175718246816,0.039909065492695066,DA33_ZCI00009,DA40_ZCI00009,0.0,0.0,26.41688443670151,0.0,0.0
ZCI00009,DA40,0.0,0.0050546191968317,-100.0,0.0,0.0,0.0,-100.0,0.0,674.3686722106177,0.03914138755980862,DA40_ZCI00009,DA34,0.44396337883915804,0.44396337883915804,0.0,0.1880646438469568,DA34_DA40,0.9084855858442228,0.037853566076842614,DA34_ZCI00009,DA40_ZCI00009,0.0,0.0,26.41688443670151,0.0,0.0
ZCI00009,DA40,0.0,0.0050546191968317,-100.0,0.0,0.0,0.0,-100.0,0.0,674.3686722106177,0.03914138755980862,DA40_ZCI00009,DA38,0.00971548355823021,0.00971548355823021,0.0,0.1880646438469568,DA38_DA40,0.9758348008871847,0.04065978337029936,DA38_ZCI00009,DA40_ZCI00009,0.0,0.0,26.41688443670151,0.0,0.0
ZCI00007,DA35,0.07385167464114833,0.01189468342322661,520.8796990505778,0.0,0.08563607966986184,-0.011784405028713502,-199.07,0.0,5205.695109196288,0.6428796995079064,DA35_ZCI00007,DA33,0.23081311340723137,0.23081244930591555,0.0,0.1692581794622611,DA33_DA35,1.0,0.041666666666666664,DA33_ZCI00007,DA35_ZCI00007,0.0,0.0,26.41688443670151,0.0,0.0
ZCI00007,DA35,0.07385167464114833,0.01189468342322661,520.8796990505778,0.0,0.08563607966986184,-0.011784405028713502,-199.07,0.0,5205.695109196288,0.6428796995079064,DA35_ZCI00007,DA34,0.6960662160101896,0.6960660180923366,0.0,0.1692581794622611,DA34_DA35,1.0,0.041666666666666664,DA34_ZCI00007,DA35_ZCI00007,0.0,0.0,26.41688443670151,0.0,0.0
ZCI00007,DA35,0.07385167464114833,0.01189468342322661,520.8796990505778,0.0,0.08563607966986184,-0.011784405028713502,-199.07,0.0,5205.695109196288,0.6428796995079064,DA35_ZCI00007,DA36,0.838489315143473,0.8384892978467788,0.0,0.1692581794622611,DA36_DA35,1.155992641604193,0.04816636006684138,DA36_ZCI00007,DA35_ZCI00007,0.0,0.0,26.41688443670151,0.0,0.0
ZCI00007,DA35,0.07385167464114833,0.01189468342322661,520.8796990505778,0.0,0.08563607966986184,-0.011784405028713502,-199.07,0.0,5205.695109196288,0.6428796995079064,DA35_ZCI00007,DA37,0.12214193411841137,0.12214193411841137,0.0,0.1692581794622611,DA37_DA35,1.0,0.041666666666666664,DA37_ZCI00007,DA35_ZCI00007,0.0,0.0,26.41688443670151,0.0,0.0
ZCI00007,DA35,0.07385167464114833,0.01189468342322661,520.8796990505778,0.0,0.08563607966986184,-0.011784405028713502,-199.07,0.0,5205.695109196288,0.6428796995079064,DA35_ZCI00007,DA38,0.9924693832933992,0.9924693832933992,0.0,0.1692581794622611,DA38_DA35,1.0,0.041666666666666664,DA38_ZCI00007,DA35_ZCI00007,0.0,0.0,26.41688443670151,0.0,0.0
ZCI00007,DA35,0.07385167464114833,0.01189468342322661,520.8796990505778,0.0,0.08563607966986184,-0.011784405028713502,-199.07,0.0,5205.695109196288,0.6428796995079064,DA35_ZCI00007,DA39,0.12569202849873,0.12569202849873,0.0,0.1692581794622611,DA39_DA35,1.0,0.041666666666666664,DA39_ZCI00007,DA35_ZCI00007,0.0,0.0,26.41688443670151,0.0,0.0
ZCI00007,DA35,0.07385167464114833,0.01189468342322661,520.8796990505778,0.0,0.08563607966986184,-0.011784405028713502,-199.07,0.0,5205.695109196288,0.6428796995079064,DA35_ZCI00007,DA40,0.26970519429019835,0.26970502485161973,0.0,0.1692581794622611,DA40_DA35,1.0,0.041666666666666664,DA40_ZCI00007,DA35_ZCI00007,0.0,0.0,26.41688443670151,0.0,0.0
ZCI00007,DA35,0.07385167464114833,0.01189468342322661,520.8796990505778,0.0,0.08563607966986184,-0.011784405028713502,-199.07,0.0,5205.695109196288,0.6428796995079064,DA35_ZCI00007,DA42,0.26678647235926634,0.2667864115098018,0.0,0.1692581794622611,DA42_DA35,1.0,0.041666666666666664,DA42_ZCI00007,DA35_ZCI00007,0.0,0.0,26.41688443670151,0.0,0.0
ZCI00007,DA35,0.07385167464114833,0.01189468342322661,520.8796990505778,0.0,0.08563607966986184,-0.011784405028713502,-199.07,0.0,5205.695109196288,0.6428796995079064,DA35_ZCI00007,DA44,0.5879633325838696,0.5879632831272429,0.0,0.1692581794622611,DA44_DA35,1.0,0.041666666666666664,DA44_ZCI00007,DA35_ZCI00007,0.0,0.0,26.41688443670151,0.0,0.0
ZCI00007,DA35,0.07385167464114833,0.01189468342322661,520.8796990505778,0.0,0.08563607966986184,-0.011784405028713502,-199.07,0.0,5205.695109196288,0.6428796995079064,DA35_ZCI00007,DA45,0.35995003121704255,0.35995003121704255,0.0,0.1692581794622611,DA45_DA35,1.230499979832588,0.0512708324930245,DA45_ZCI00007,DA35_ZCI00007,0.0,0.0,26.41688443670151,0.0,0.0
ZCI00007,DA35,0.07385167464114833,0.01189468342322661,520.8796990505778,0.0,0.08563607966986184,-0.011784405028713502,-199.07,0.0,5205.695109196288,0.6428796995079064,DA35_ZCI00007,DA46,0.08469289918028727,0.08469281874901174,0.0,0.1692581794622611,DA46_DA35,1.264366951754586,0.052681956323107744,DA46_ZCI00007,DA35_ZCI00007,0.0,0.0,26.41688443670151,0.0,0.0
ZCI00006,DA33,0.1122545454545455,0.02054402370770721,446.4097347805948,0.0,0.17119170771546927,-0.05893716226092377,-386.88,0.0,1931.5191534226988,0.4762924717184426,DA33_ZCI00006,DA34,0.15853205617829824,0.15853145802284058,0.0,0.2256775726163481,DA34_DA33,0.5140843776294046,0.02142018240122519,DA34_ZCI00006,DA33_ZCI00006,0.0,0.0,26.41688443670151,0.0,0.0
ZCI00006,DA33,0.1122545454545455,0.02054402370770721,446.4097347805948,0.0,0.17119170771546927,-0.05893716226092377,-386.88,0.0,1931.5191534226988,0.4762924717184426,DA33_ZCI00006,DA36,0.12275013929042895,0.12275009722695518,0.0,0.2256775726163481,DA36_DA33,0.8574469683224957,0.03572695701343732,DA36_ZCI00006,DA33_ZCI00006,0.0,0.0,26.41688443670151,0.0,0.0
ZCI00006,DA33,0.1122545454545455,0.02054402370770721,446.4097347805948,0.0,0.17119170771546927,-0.05893716226092377,-386.88,0.0,1931.5191534226988,0.4762924717184426,DA33_ZCI00006,DA37,0.09953737777893941,0.09953737777893941,0.0,0.2256775726163481,DA37_DA33,0.868735695119561,0.036197320629981704,DA37_ZCI00006,DA33_ZCI00006,0.0,0.0,26.41688443670151,0.0,0.0
ZCI00006,DA33,0.1122545454545455,0.02054402370770721,446.4097347805948,0.0,0.17119170771546927,-0.05893716226092377,-386.88,0.0,1931.5191534226988,0.4762924717184426,DA33_ZCI00006,DA38,0.024251297594879272,0.024251297594879272,0.0,0.2256775726163481,DA38_DA33,0.5814335926723664,0.024226399694681933,DA38_ZCI00006,DA33_ZCI00006,0.0,0.0,26.41688443670151,0.0,0.0
ZCI00006,DA33,0.1122545454545455,0.02054402370770721,446.4097347805948,0.0,0.17119170771546927,-0.05893716226092377,-386.88,0.0,1931.5191534226988,0.4762924717184426,DA33_ZCI00006,DA39,0.22367670404764292,0.22367670404764292,0.0,0.2256775726163481,DA39_DA33,0.8393843194538297,0.034974346643909575,DA39_ZCI00006,DA33_ZCI00006,0.0,0.0,26.41688443670151,0.0,0.0
ZCI00006,DA33,0.1122545454545455,0.02054402370770721,446.4097347805948,0.0,0.17119170771546927,-0.05893716226092377,-386.88,0.0,1931.5191534226988,0.4762924717184426,DA33_ZCI00006,DA40,0.2386056784084366,0.23860539936532815,0.0,0.2256775726163481,DA40_DA33,0.9578175718246816,0.039909065492695066,DA40_ZCI00006,DA33_ZCI00006,0.0,0.0,26.41688443670151,0.0,0.0
ZCI00006,DA33,0.1122545454545455,0.02054402370770721,446.4097347805948,0.0,0.17119170771546927,-0.05893716226092377,-386.88,0.0,1931.5191534226988,0.4762924717184426,DA33_ZCI00006,DA42,0.33459933323576724,0.3345992223268379,0.0,0.2256775726163481,DA42_DA33,0.868735695119561,0.036197320629981704,DA42_ZCI00006,DA33_ZCI00006,0.0,0.0,26.41688443670151,0.0,0.0
ZCI00006,DA33,0.1122545454545455,0.02054402370770721,446.4097347805948,0.0,0.17119170771546927,-0.05893716226092377,-386.88,0.0,1931.5191534226988,0.4762924717184426,DA33_ZCI00006,DA44,0.17234021712672046,0.17234019192859484,0.0,0.2256775726163481,DA44_DA33,0.8393843194538297,0.034974346643909575,DA44_ZCI00006,DA33_ZCI00006,0.0,0.0,26.41688443670151,0.0,0.0
ZCI00006,DA33,0.1122545454545455,0.02054402370770721,446.4097347805948,0.0,0.17119170771546927,-0.05893716226092377,-386.88,0.0,1931.5191534226988,0.4762924717184426,DA33_ZCI00006,DA45,0.12519018379299046,0.12519015289516677,0.0,0.2256775726163481,DA45_DA33,1.0,0.041666666666666664,DA45_ZCI00006,DA33_ZCI00006,0.0,0.0,26.41688443670151,0.0,0.0
ZCI00006,DA33,0.1122545454545455,0.02054402370770721,446.4097347805948,0.0,0.17119170771546927,-0.05893716226092377,-386.88,0.0,1931.5191534226988,0.4762924717184426,DA33_ZCI00006,DA46,0.32861519866940936,0.32861519866940936,0.0,0.2256775726163481,DA46_DA33,1.0,0.041666666666666664,DA46_ZCI00006,DA33_ZCI00006,0.0,0.0,26.41688443670151,0.0,0.0
ZCI00006,DA35,0.0,0.009727897549845977,-100.0,0.0,0.0811193670474252,-0.0811193670474252,-933.88,0.0,1931.5191534226988,0.27874309403911407,DA35_ZCI00006,DA34,0.15853205617829824,0.15853145802284058,0.0,0.2256775726163481,DA34_DA35,1.0,0.041666666666666664,DA34_ZCI00006,DA35_ZCI00006,0.0,0.0,26.41688443670151,0.0,0.0
ZCI00006,DA35,0.0,0.009727897549845977,-100.0,0.0,0.0811193670474252,-0.0811193670474252,-933.88,0.0,1931.5191534226988,0.27874309403911407,DA35_ZCI00006,DA36,0.12275013929042895,0.12275009722695518,0.0,0.2256775726163481,DA36_DA35,1.155992641604193,0.04816636006684138,DA36_ZCI00006,DA35_ZCI00006,0.0,0.0,26.41688443670151,0.0,0.0
ZCI00006,DA35,0.0,0.009727897549845977,-100.0,0.0,0.0811193670474252,-0.0811193670474252,-933.88,0.0,1931.5191534226988,0.27874309403911407,DA35_ZCI00006,DA37,0.09953737777893941,0.09953737777893941,0.0,0.2256775726163481,DA37_DA35,1.0,0.041666666666666664,DA37_ZCI00006,DA35_ZCI00006,0.0,0.0,26.41688443670151,0.0,0.0
ZCI00006,DA35,0.0,0.009727897549845977,-100.0,0.0,0.0811193670474252,-0.0811193670474252,-933.88,0.0,1931.5191534226988,0.27874309403911407,DA35_ZCI00006,DA38,0.024251297594879272,0.024251297594879272,0.0,0.2256775726163481,DA38_DA35,1.0,0.041666666666666664,DA38_ZCI00006,DA35_ZCI00006,0.0,0.0,26.41688443670151,0.0,0.0
ZCI00006,DA35,0.0,0.009727897549845977,-100.0,0.0,0.0811193670474252,-0.0811193670474252,-933.88,0.0,1931.5191534226988,0.27874309403911407,DA35_ZCI00006,DA39,0.22367670404764292,0.22367670404764292,0.0,0.2256775726163481,DA39_DA35,1.0,0.041666666666666664,DA39_ZCI00006,DA35_ZCI00006,0.0,0.0,26.41688443670151,0.0,0.0
ZCI00006,DA35,0.0,0.009727897549845977,-100.0,0.0,0.0811193670474252,-0.0811193670474252,-933.88,0.0,1931.5191534226988,0.27874309403911407,DA35_ZCI00006,DA40,0.2386056784084366,0.23860539936532815,0.0,0.2256775726163481,DA40_DA35,1.0,0.041666666666666664,DA40_ZCI00006,DA35_ZCI00006,0.0,0.0,26.41688443670151,0.0,0.0
ZCI00006,DA35,0.0,0.009727897549845977,-100.0,0.0,0.0811193670474252,-0.0811193670474252,-933.88,0.0,1931.5191534226988,0.27874309403911407,DA35_ZCI00006,DA42,0.33459933323576724,0.3345992223268379,0.0,0.2256775726163481,DA42_DA35,1.0,0.041666666666666664,DA42_ZCI00006,DA35_ZCI00006,0.0,0.0,26.41688443670151,0.0,0.0
ZCI00006,DA35,0.0,0.009727897549845977,-100.0,0.0,0.0811193670474252,-0.0811193670474252,-933.88,0.0,1931.5191534226988,0.27874309403911407,DA35_ZCI00006,DA44,0.17234021712672046,0.17234019192859484,0.0,0.2256775726163481,DA44_DA35,1.0,0.041666666666666664,DA44_ZCI00006,DA35_ZCI00006,0.0,0.0,26.41688443670151,0.0,0.0
ZCI00006,DA35,0.0,0.009727897549845977,-100.0,0.0,0.0811193670474252,-0.0811193670474252,-933.88,0.0,1931.5191534226988,0.27874309403911407,DA35_ZCI00006,DA45,0.12519018379299046,0.12519015289516677,0.0,0.2256775726163481,DA45_DA35,1.230499979832588,0.0512708324930245,DA45_ZCI00006,DA35_ZCI00006,0.0,0.0,26.41688443670151,0.0,0.0
ZCI00006,DA35,0.0,0.009727897549845977,-100.0,0.0,0.0811193670474252,-0.0811193670474252,-933.88,0.0,1931.5191534226988,0.27874309403911407,DA35_ZCI00006,DA46,0.32861519866940936,0.32861519866940936,0.0,0.2256775726163481,DA46_DA35,1.264366951754586,0.052681956323107744,DA46_ZCI00006,DA35_ZCI00006,0.0,0.0,26.41688443670151,0.0,0.0
ZCI00005,DA34,0.0,0.0001180873916623774,-100.0,0.0,0.0011450824712427022,-0.0011450824712427022,-1069.69,0.0,1731.1006336973023,0.003307380605257315,DA34_ZCI00005,DA33,0.036302275071645275,0.036302275071645275,0.0,0.1880646438469568,DA33_DA34,0.5140843776294046,0.02142018240122519,DA33_ZCI00005,DA34_ZCI00005,0.0,0.0,26.41688443670151,0.0,0.0
ZCI00005,DA34,0.0,0.0001180873916623774,-100.0,0.0,0.0011450824712427022,-0.0011450824712427022,-1069.69,0.0,1731.1006336973023,0.003307380605257315,DA34_ZCI00005,DA37,0.0038076446409733193,0.0038075817601061004,0.0,0.1880646438469568,DA37_DA34,0.8194037091391021,0.03414182121412925,DA37_ZCI00005,DA34_ZCI00005,0.0,0.0,26.41688443670151,0.0,0.0
ZCI00005,DA34,0.0,0.0001180873916623774,-100.0,0.0,0.0011450824712427022,-0.0011450824712427022,-1069.69,0.0,1731.1006336973023,0.003307380605257315,DA34_ZCI00005,DA38,0.3405711431679656,0.3405711431679656,0.0,0.1880646438469568,DA38_DA34,0.5321016066919075,0.02217090027882948,DA38_ZCI00005,DA34_ZCI00005,0.0,0.0,26.41688443670151,0.0,0.0
ZCI00005,DA34,0.0,0.0001180873916623774,-100.0,0.0,0.0011450824712427022,-0.0011450824712427022,-1069.69,0.0,1731.1006336973023,0.003307380605257315,DA34_ZCI00005,DA39,0.0067615640996017655,0.0067615640996017655,0.0,0.1880646438469568,DA39_DA34,0.7900523334733707,0.03291884722805711,DA39_ZCI00005,DA34_ZCI00005,0.0,0.0,26.41688443670151,0.0,0.0
ZCI00005,DA34,0.0,0.0001180873916623774,-100.0,0.0,0.0011450824712427022,-0.0011450824712427022,-1069.69,0.0,1731.1006336973023,0.003307380605257315,DA34_ZCI00005,DA40,0.4735805004793967,0.4735805004793967,0.0,0.1880646438469568,DA40_DA34,0.9084855858442228,0.037853566076842614,DA40_ZCI00005,DA34_ZCI00005,0.0,0.0,26.41688443670151,0.0,0.0
ZCI00005,DA34,0.0,0.0001180873916623774,-100.0,0.0,0.0011450824712427022,-0.0011450824712427022,-1069.69,0.0,1731.1006336973023,0.003307380605257315,DA34_ZCI00005,DA42,0.015623827937406786,0.015623827937406786,0.0,0.1880646438469568,DA42_DA34,0.8194037091391021,0.03414182121412925,DA42_ZCI00005,DA34_ZCI00005,0.0,0.0,26.41688443670151,0.0,0.0
ZCI00005,DA34,0.0,0.0001180873916623774,-100.0,0.0,0.0011450824712427022,-0.0011450824712427022,-1069.69,0.0,1731.1006336973023,0.003307380605257315,DA34_ZCI00005,DA44,0.00971548355823021,0.00971548355823021,0.0,0.1880646438469568,DA44_DA34,0.7900523334733707,0.03291884722805711,DA44_ZCI00005,DA34_ZCI00005,0.0,0.0,26.41688443670151,0.0,0.0
ZCI00005,DA34,0.0,0.0001180873916623774,-100.0,0.0,0.0011450824712427022,-0.0011450824712427022,-1069.69,0.0,1731.1006336973023,0.003307380605257315,DA34_ZCI00005,DA45,0.0067615640996017655,0.0067615640996017655,0.0,0.1880646438469568,DA45_DA34,1.0,0.041666666666666664,DA45_ZCI00005,DA34_ZCI00005,0.0,0.0,26.41688443670151,0.0,0.0
ZCI00005,DA34,0.0,0.0001180873916623774,-100.0,0.0,0.0011450824712427022,-0.0011450824712427022,-1069.69,0.0,1731.1006336973023,0.003307380605257315,DA34_ZCI00005,DA46,0.00971548355823021,0.00971548355823021,0.0,0.1880646438469568,DA46_DA34,1.0,0.041666666666666664,DA46_ZCI00005,DA34_ZCI00005,0.0,0.0,26.41688443670151,0.0,0.0
ZCI00005,DA35,0.0,0.0050546191968317,-100.0,0.0,0.0,0.0,-100.0,0.0,1731.1006336973023,0.09255516414417075,DA35_ZCI00005,DA33,0.036302275071645275,0.036302275071645275,0.0,0.1880646438469568,DA33_DA35,1.0,0.041666666666666664,DA33_ZCI00005,DA35_ZCI00005,0.0,0.0,26.41688443670151,0.0,0.0
ZCI00005,DA35,0.0,0.0050546191968317,-100.0,0.0,0.0,0.0,-100.0,0.0,1731.1006336973023,0.09255516414417075,DA35_ZCI00005,DA37,0.0038076446409733193,0.0038075817601061004,0.0,0.1880646438469568,DA37_DA35,1.0,0.041666666666666664,DA37_ZCI00005,DA35_ZCI00005,0.0,0.0,26.41688443670151,0.0,0.0
ZCI00005,DA35,0.0,0.0050546191968317,-100.0,0.0,0.0,0.0,-100.0,0.0,1731.1006336973023,0.09255516414417075,DA35_ZCI00005,DA38,0.3405711431679656,0.3405711431679656,0.0,0.1880646438469568,DA38_DA35,1.0,0.041666666666666664,DA38_ZCI00005,DA35_ZCI00005,0.0,0.0,26.41688443670151,0.0,0.0
ZCI00005,DA35,0.0,0.0050546191968317,-100.0,0.0,0.0,0.0,-100.0,0.0,1731.1006336973023,0.09255516414417075,DA35_ZCI00005,DA39,0.0067615640996017655,0.0067615640996017655,0.0,0.1880646438469568,DA39_DA35,1.0,0.041666666666666664,DA39_ZCI00005,DA35_ZCI00005,0.0,0.0,26.41688443670151,0.0,0.0
ZCI00005,DA35,0.0,0.0050546191968317,-100.0,0.0,0.0,0.0,-100.0,0.0,1731.1006336973023,0.09255516414417075,DA35_ZCI00005,DA40,0.4735805004793967,0.4735805004793967,0.0,0.1880646438469568,DA40_DA35,1.0,0.041666666666666664,DA40_ZCI00005,DA35_ZCI00005,0.0,0.0,26.41688443670151,0.0,0.0
ZCI00005,DA35,0.0,0.0050546191968317,-100.0,0.0,0.0,0.0,-100.0,0.0,1731.1006336973023,0.09255516414417075,DA35_ZCI00005,DA42,0.015623827937406786,0.015623827937406786,0.0,0.1880646438469568,DA42_DA35,1.0,0.041666666666666664,DA42_ZCI00005,DA35_ZCI00005,0.0,0.0,26.41688443670151,0.0,0.0
ZCI00005,DA35,0.0,0.0050546191968317,-100.0,0.0,0.0,0.0,-100.0,0.0,1731.1006336973023,0.09255516414417075,DA35_ZCI00005,DA44,0.00971548355823021,0.00971548355823021,0.0,0.1880646438469568,DA44_DA35,1.0,0.041666666666666664,DA44_ZCI00005,DA35_ZCI00005,0.0,0.0,26.41688443670151,0.0,0.0
ZCI00005,DA35,0.0,0.0050546191968317,-100.0,0.0,0.0,0.0,-100.0,0.0,1731.1006336973023,0.09255516414417075,DA35_ZCI00005,DA45,0.0067615640996017655,0.0067615640996017655,0.0,0.1880646438469568,DA45_DA35,1.230499979832588,0.0512708324930245,DA45_ZCI00005,DA35_ZCI00005,0.0,0.0,26.41688443670151,0.0,0.0
ZCI00005,DA35,0.0,0.0050546191968317,-100.0,0.0,0.0,0.0,-100.0,0.0,1731.1006336973023,0.09255516414417075,DA35_ZCI00005,DA46,0.00971548355823021,0.00971548355823021,0.0,0.1880646438469568,DA46_DA35,1.264366951754586,0.052681956323107744,DA46_ZCI00005,DA35_ZCI00005,0.0,0.0,26.41688443670151,0.0,0.0
ZCI00005,DA36,0.0,0.0050546191968317,-100.0,0.0,0.0,0.0,-100.0,0.0,1731.1006336973023,0.09255516414417075,DA36_ZCI00005,DA33,0.036302275071645275,0.036302275071645275,0.0,0.1880646438469568,DA33_DA36,0.8574469683224957,0.03572695701343732,DA33_ZCI00005,DA36_ZCI00005,0.0,0.0,26.41688443670151,0.0,0.0
ZCI00005,DA36,0.0,0.0050546191968317,-100.0,0.0,0.0,0.0,-100.0,0.0,1731.1006336973023,0.09255516414417075,DA36_ZCI00005,DA37,0.0038076446409733193,0.0038075817601061004,0.0,0.1880646438469568,DA37_DA36,1.162766299832193,0.048448595826341374,DA37_ZCI00005,DA36_ZCI00005,0.0,0.0,26.41688443670151,0.0,0.0
ZCI00005,DA36,0.0,0.0050546191968317,-100.0,0.0,0.0,0.0,-100.0,0.0,1731.1006336973023,0.09255516414417075,DA36_ZCI00005,DA38,0.3405711431679656,0.3405711431679656,0.0,0.1880646438469568,DA38_DA36,0.8754641973849986,0.03647767489104161,DA38_ZCI00005,DA36_ZCI00005,0.0,0.0,26.41688443670151,0.0,0.0
ZCI00005,DA36,0.0,0.0050546191968317,-100.0,0.0,0.0,0.0,-100.0,0.0,1731.1006336973023,0.09255516414417075,DA36_ZCI00005,DA39,0.0067615640996017655,0.0067615640996017655,0.0,0.1880646438469568,DA39_DA36,1.133414924166462,0.047225621840269245,DA39_ZCI00005,DA36_ZCI00005,0.0,0.0,26.41688443670151,0.0,0.0
ZCI00005,DA36,0.0,0.0050546191968317,-100.0,0.0,0.0,0.0,-100.0,0.0,1731.1006336973023,0.09255516414417075,DA36_ZCI00005,DA40,0.4735805004793967,0.4735805004793967,0.0,0.1880646438469568,DA40_DA36,1.251848176537314,0.05216034068905475,DA40_ZCI00005,DA36_ZCI00005,0.0,0.0,26.41688443670151,0.0,0.0
ZCI00005,DA36,0.0,0.0050546191968317,-100.0,0.0,0.0,0.0,-100.0,0.0,1731.1006336973023,0.09255516414417075,DA36_ZCI00005,DA42,0.015623827937406786,0.015623827937406786,0.0,0.1880646438469568,DA42_DA36,1.162766299832193,0.048448595826341374,DA42_ZCI00005,DA36_ZCI00005,0.0,0.0,26.41688443670151,0.0,0.0
ZCI00005,DA36,0.0,0.0050546191968317,-100.0,0.0,0.0,0.0,-100.0,0.0,1731.1006336973023,0.09255516414417075,DA36_ZCI00005,DA44,0.00971548355823021,0.00971548355823021,0.0,0.1880646438469568,DA44_DA36,1.133414924166462,0.047225621840269245,DA44_ZCI00005,DA36_ZCI00005,0.0,0.0,26.41688443670151,0.0,0.0
ZCI00005,DA36,0.0,0.0050546191968317,-100.0,0.0,0.0,0.0,-100.0,0.0,1731.1006336973023,0.09255516414417075,DA36_ZCI00005,DA45,0.0067615640996017655,0.0067615640996017655,0.0,0.1880646438469568,DA45_DA36,1.122125669682195,0.046755236236758126,DA45_ZCI00005,DA36_ZCI00005,0.0,0.0,26.41688443670151,0.0,0.0
ZCI00005,DA36,0.0,0.0050546191968317,-100.0,0.0,0.0,0.0,-100.0,0.0,1731.1006336973023,0.09255516414417075,DA36_ZCI00005,DA46,0.00971548355823021,0.00971548355823021,0.0,0.1880646438469568,DA46_DA36,1.155992641604193,0.04816636006684138,DA46_ZCI00005,DA36_ZCI00005,0.0,0.0,26.41688443670151,0.0,0.0
ZCA00004,DA39,0.0,0.0050546191968317,-100.0,0.0,0.0,0.0,-100.0,0.0,-8.990378210643083,0.0050546191968317,DA39_ZCA00004,DA33,0.04165511680109004,0.0416550004522911,0.0,0.2453099258655282,DA33_DA39,0.8393843194538297,0.034974346643909575,DA33_ZCA00004,DA39_ZCA00004,0.0,0.0,26.41688443670151,0.0,0.0
ZCA00004,DA39,0.0,0.0050546191968317,-100.0,0.0,0.0,0.0,-100.0,0.0,-8.990378210643083,0.0050546191968317,DA39_ZCA00004,DA34,0.003438151977684922,0.003438038921190628,0.0,0.2453099258655282,DA34_DA39,0.7900523334733707,0.03291884722805711,DA34_ZCA00004,DA39_ZCA00004,0.0,0.0,26.41688443670151,0.0,0.0
ZCA00004,DA42,0.0,0.0050546191968317,-100.0,0.0,0.0,0.0,-100.0,0.0,-8.990378210643083,0.0050546191968317,DA42_ZCA00004,DA33,0.04165511680109004,0.0416550004522911,0.0,0.2453099258655282,DA33_DA42,0.868735695119561,0.036197320629981704,DA33_ZCA00004,DA42_ZCA00004,0.0,0.0,26.41688443670151,0.0,0.0
ZCA00004,DA42,0.0,0.0050546191968317,-100.0,0.0,0.0,0.0,-100.0,0.0,-8.990378210643083,0.0050546191968317,DA42_ZCA00004,DA34,0.003438151977684922,0.003438038921190628,0.0,0.2453099258655282,DA34_DA42,0.8194037091391021,0.03414182121412925,DA34_ZCA00004,DA42_ZCA00004,0.0,0.0,26.41688443670151,0.0,0.0
ZCA00004,DA45,0.0,0.0050546191968317,-100.0,0.0,0.0,0.0,-100.0,0.0,-8.990378210643083,0.0050546191968317,DA45_ZCA00004,DA33,0.04165511680109004,0.0416550004522911,0.0,0.2453099258655282,DA33_DA45,1.0,0.041666666666666664,DA33_ZCA00004,DA45_ZCA00004,0.0,0.0,26.41688443670151,0.0,0.0
ZCA00004,DA45,0.0,0.0050546191968317,-100.0,0.0,0.0,0.0,-100.0,0.0,-8.990378210643083,0.0050546191968317,DA45_ZCA00004,DA34,0.003438151977684922,0.003438038921190628,0.0,0.2453099258655282,DA34_DA45,1.0,0.041666666666666664,DA34_ZCA00004,DA45_ZCA00004,0.0,0.0,26.41688443670151,0.0,0.0
ZCA00004,DA38,0.0,0.0050546191968317,-100.0,0.0,0.0,0.0,-100.0,0.0,-8.990378210643083,0.0050546191968317,DA38_ZCA00004,DA33,0.04165511680109004,0.0416550004522911,0.0,0.2453099258655282,DA33_DA38,0.5814335926723664,0.024226399694681933,DA33_ZCA00004,DA38_ZCA00004,0.0,0.0,26.41688443670151,0.0,0.0
ZCA00004,DA38,0.0,0.0050546191968317,-100.0,0.0,0.0,0.0,-100.0,0.0,-8.990378210643083,0.0050546191968317,DA38_ZCA00004,DA34,0.003438151977684922,0.003438038921190628,0.0,0.2453099258655282,DA34_DA38,0.5321016066919075,0.02217090027882948,DA34_ZCA00004,DA38_ZCA00004,0.0,0.0,26.41688443670151,0.0,0.0
ZCA00004,DA35,0.0,0.0050546191968317,-100.0,0.0,0.0,0.0,-100.0,0.0,-8.990378210643083,0.0050546191968317,DA35_ZCA00004,DA33,0.04165511680109004,0.0416550004522911,0.0,0.2453099258655282,DA33_DA35,1.0,0.041666666666666664,DA33_ZCA00004,DA35_ZCA00004,0.0,0.0,26.41688443670151,0.0,0.0
ZCA00004,DA35,0.0,0.0050546191968317,-100.0,0.0,0.0,0.0,-100.0,0.0,-8.990378210643083,0.0050546191968317,DA35_ZCA00004,DA34,0.003438151977684922,0.003438038921190628,0.0,0.2453099258655282,DA34_DA35,1.0,0.041666666666666664,DA34_ZCA00004,DA35_ZCA00004,0.0,0.0,26.41688443670151,0.0,0.0
ZCA00004,DA46,0.0,0.0050546191968317,-100.0,0.0,0.0,0.0,-100.0,0.0,-8.990378210643083,0.0050546191968317,DA46_ZCA00004,DA33,0.04165511680109004,0.0416550004522911,0.0,0.2453099258655282,DA33_DA46,1.0,0.041666666666666664,DA33_ZCA00004,DA46_ZCA00004,0.0,0.0,26.41688443670151,0.0,0.0
ZCA00004,DA46,0.0,0.0050546191968317,-100.0,0.0,0.0,0.0,-100.0,0.0,-8.990378210643083,0.0050546191968317,DA46_ZCA00004,DA34,0.003438151977684922,0.003438038921190628,0.0,0.2453099258655282,DA34_DA46,1.0,0.041666666666666664,DA34_ZCA00004,DA46_ZCA00004,0.0,0.0,26.41688443670151,0.0,0.0
ZCA00004,DA36,0.0,0.0050546191968317,-100.0,0.0,0.0,0.0,-100.0,0.0,-8.990378210643083,0.0050546191968317,DA36_ZCA00004,DA33,0.04165511680109004,0.0416550004522911,0.0,0.2453099258655282,DA33_DA36,0.8574469683224957,0.03572695701343732,DA33_ZCA00004,DA36_ZCA00004,0.0,0.0,26.41688443670151,0.0,0.0
ZCA00004,DA36,0.0,0.0050546191968317,-100.0,0.0,0.0,0.0,-100.0,0.0,-8.990378210643083,0.0050546191968317,DA36_ZCA00004,DA34,0.003438151977684922,0.003438038921190628,0.0,0.2453099258655282,DA34_DA36,0.8081149823420368,0.033671457597584865,DA34_ZCA00004,DA36_ZCA00004,0.0,0.0,26.41688443670151,0.0,0.0
ZCA00004,DA44,0.0,0.0050546191968317,-100.0,0.0,0.0,0.0,-100.0,0.0,-8.990378210643083,0.0050546191968317,DA44_ZCA00004,DA33,0.04165511680109004,0.0416550004522911,0.0,0.2453099258655282,DA33_DA44,0.8393843194538297,0.034974346643909575,DA33_ZCA00004,DA44_ZCA00004,0.0,0.0,26.41688443670151,0.0,0.0
ZCA00004,DA44,0.0,0.0050546191968317,-100.0,0.0,0.0,0.0,-100.0,0.0,-8.990378210643083,0.0050546191968317,DA44_ZCA00004,DA34,0.003438151977684922,0.003438038921190628,0.0,0.2453099258655282,DA34_DA44,0.7900523334733707,0.03291884722805711,DA34_ZCA00004,DA44_ZCA00004,0.0,0.0,26.41688443670151,0.0,0.0
ZCA00004,DA37,0.0,0.0050546191968317,-100.0,0.0,0.0,0.0,-100.0,0.0,-8.990378210643083,0.0050546191968317,DA37_ZCA00004,DA33,0.04165511680109004,0.0416550004522911,0.0,0.2453099258655282,DA33_DA37,0.868735695119561,0.036197320629981704,DA33_ZCA00004,DA37_ZCA00004,0.0,0.0,26.41688443670151,0.0,0.0
ZCA00004,DA37,0.0,0.0050546191968317,-100.0,0.0,0.0,0.0,-100.0,0.0,-8.990378210643083,0.0050546191968317,DA37_ZCA00004,DA34,0.003438151977684922,0.003438038921190628,0.0,0.2453099258655282,DA34_DA37,0.8194037091391021,0.03414182121412925,DA34_ZCA00004,DA37_ZCA00004,0.0,0.0,26.41688443670151,0.0,0.0
ZCA00004,DA40,0.0,0.0050546191968317,-100.0,0.0,0.0,0.0,-100.0,0.0,-8.990378210643083,0.0050546191968317,DA40_ZCA00004,DA33,0.04165511680109004,0.0416550004522911,0.0,0.2453099258655282,DA33_DA40,0.9578175718246816,0.039909065492695066,DA33_ZCA00004,DA40_ZCA00004,0.0,0.0,26.41688443670151,0.0,0.0
ZCA00004,DA40,0.0,0.0050546191968317,-100.0,0.0,0.0,0.0,-100.0,0.0,-8.990378210643083,0.0050546191968317,DA40_ZCA00004,DA34,0.003438151977684922,0.003438038921190628,0.0,0.2453099258655282,DA34_DA40,0.9084855858442228,0.037853566076842614,DA34_ZCA00004,DA40_ZCA00004,0.0,0.0,26.41688443670151,0.0,0.0
